        Period [sec]	     Acc./Damp.=5.0%	  PS-Acc./Damp.=5.0%	  PS-Vel./Damp.=5.0%	
               0.000	             0.26558	             0.26558	             0.00000	
               0.100	             0.38580	             0.38504	             6.01167	
               0.110	             0.41939	             0.41850	             7.18753	
               0.120	             0.43332	             0.43215	             8.09666	
               0.130	             0.44117	             0.44010	             8.93264	
               0.140	             0.56385	             0.56204	            12.28532	
               0.150	             0.72536	             0.72221	            16.91397	
               0.160	             0.68439	             0.68188	            17.03404	
               0.170	             0.66518	             0.66282	            17.59265	
               0.180	             0.67959	             0.67724	            19.03282	
               0.190	             0.63199	             0.62966	            18.67871	
               0.200	             0.65636	             0.65395	            20.42047	
               0.210	             0.72588	             0.72284	            23.70010	
               0.220	             0.76583	             0.76238	            26.18687	
               0.230	             0.75240	             0.74909	            26.90000	
               0.240	             0.69455	             0.69141	            25.90821	
               0.250	             0.66995	             0.66720	            26.04260	
               0.260	             0.67524	             0.67233	            27.29247	
               0.270	             0.57522	             0.57235	            24.12783	
               0.280	             0.46740	             0.46545	            20.34780	
               0.290	             0.46736	             0.46537	            21.07106	
               0.300	             0.47600	             0.47370	            22.18767	
               0.310	             0.48207	             0.47969	            23.21715	
               0.320	             0.49937	             0.49761	            24.86169	
               0.330	             0.49143	             0.48969	            25.23058	
               0.340	             0.49708	             0.49527	            26.29121	
               0.350	             0.52720	             0.52500	            28.68894	
               0.360	             0.52101	             0.51871	            29.15527	
               0.370	             0.47640	             0.47421	            27.39426	
               0.380	             0.41654	             0.41480	            24.60988	
               0.390	             0.38824	             0.38613	            23.51206	
               0.400	             0.37977	             0.37778	            23.59302	
               0.410	             0.35853	             0.35654	            22.82361	
               0.420	             0.33808	             0.33608	            22.03831	
               0.430	             0.32768	             0.32582	            21.87430	
               0.440	             0.32490	             0.32300	            22.18934	
               0.450	             0.34137	             0.34009	            23.89410	
               0.460	             0.37105	             0.36961	            26.54534	
               0.470	             0.39382	             0.39219	            28.77929	
               0.480	             0.40786	             0.40619	            30.44090	
               0.490	             0.41221	             0.41054	            31.40791	
               0.500	             0.41004	             0.40829	            31.87308	
               0.510	             0.41161	             0.40982	            32.63237	
               0.520	             0.40604	             0.40397	            32.79720	
               0.530	             0.41178	             0.40953	            33.88874	
               0.540	             0.41566	             0.41359	            34.86982	
               0.550	             0.40783	             0.40600	            34.86424	
               0.560	             0.38913	             0.38747	            33.87800	
               0.570	             0.40317	             0.40117	            35.70224	
               0.580	             0.38849	             0.38630	            34.98146	
               0.590	             0.38170	             0.38032	            35.03413	
               0.600	             0.37542	             0.37414	            35.04848	
               0.610	             0.36849	             0.36715	            34.96690	
               0.620	             0.36046	             0.35911	            34.76224	
               0.630	             0.35184	             0.35045	            34.47085	
               0.640	             0.34306	             0.34166	            34.13962	
               0.650	             0.33458	             0.33321	            33.81577	
               0.660	             0.32706	             0.32564	            33.55623	
               0.670	             0.32090	             0.31957	            33.42958	
               0.680	             0.31578	             0.31455	            33.39587	
               0.690	             0.31156	             0.31046	            33.44587	
               0.700	             0.30801	             0.30701	            33.55416	
               0.710	             0.30473	             0.30384	            33.68143	
               0.720	             0.30252	             0.30129	            33.86982	
               0.730	             0.29835	             0.29737	            33.89244	
               0.740	             0.29350	             0.29207	            33.74528	
               0.750	             0.30908	             0.30750	            36.00808	
               0.760	             0.32113	             0.31942	            37.90227	
               0.770	             0.32911	             0.32731	            39.34999	
               0.780	             0.33285	             0.33102	            40.31216	
               0.790	             0.34358	             0.34147	            42.11846	
               0.800	             0.34364	             0.34152	            42.65749	
               0.810	             0.34435	             0.34246	            43.31018	
               0.820	             0.33845	             0.33686	            43.12716	
               0.830	             0.32798	             0.32675	            42.34294	
               0.840	             0.31620	             0.31514	            41.33007	
               0.850	             0.30517	             0.30416	            40.36564	
               0.860	             0.29568	             0.29459	            39.55572	
               0.870	             0.28770	             0.28648	            38.91352	
               0.880	             0.28986	             0.28862	            39.65491	
               0.890	             0.29150	             0.29026	            40.33420	
               0.900	             0.29240	             0.29114	            40.91093	
               0.910	             0.29246	             0.29122	            41.37581	
               0.920	             0.29171	             0.29023	            41.68875	
               0.930	             0.28984	             0.28837	            41.87201	
               0.940	             0.28675	             0.28514	            41.84822	
               0.950	             0.28876	             0.28718	            42.59584	
               0.960	             0.30137	             0.29964	            44.91226	
               0.970	             0.31472	             0.31286	            47.38228	
               0.980	             0.32833	             0.32661	            49.97346	
               0.990	             0.34208	             0.34020	            52.58395	
               1.000	             0.35557	             0.35361	            55.20929	
               1.010	             0.36851	             0.36643	            57.78401	
               1.020	             0.38071	             0.37869	            60.30720	
               1.030	             0.39216	             0.38989	            62.70011	
               1.040	             0.40244	             0.40020	            64.98244	
               1.050	             0.41161	             0.40959	            67.14654	
               1.060	             0.41990	             0.41789	            69.15957	
               1.070	             0.42712	             0.42515	            71.02535	
               1.080	             0.43334	             0.43141	            72.74448	
               1.090	             0.43861	             0.43668	            74.31591	
               1.100	             0.44299	             0.44102	            75.74184	
               1.110	             0.44656	             0.44454	            77.04055	
               1.120	             0.44938	             0.44741	            78.23643	
               1.130	             0.45146	             0.44941	            79.28870	
               1.140	             0.45837	             0.45612	            81.18491	
               1.150	             0.46258	             0.45994	            82.58230	
               1.160	             0.46287	             0.46025	            83.35631	
               1.170	             0.45993	             0.45705	            83.49134	
               1.180	             0.45313	             0.45040	            82.97911	
               1.190	             0.44354	             0.44087	            81.91249	
               1.200	             0.43802	             0.43528	            81.55269	
               1.210	             0.43231	             0.42959	            81.15718	
               1.220	             0.42581	             0.42320	            80.61072	
               1.230	             0.41867	             0.41625	            79.93752	
               1.240	             0.41111	             0.40887	            79.15769	
               1.250	             0.40326	             0.40111	            78.28268	
               1.260	             0.39514	             0.39302	            77.31638	
               1.270	             0.38675	             0.38459	            76.25930	
               1.280	             0.37803	             0.37586	            75.11492	
               1.290	             0.36899	             0.36688	            73.89332	
               1.300	             0.36361	             0.36181	            73.43578	
               1.310	             0.35951	             0.35767	            73.15560	
               1.320	             0.35518	             0.35332	            72.81597	
               1.330	             0.35058	             0.34868	            72.40488	
               1.340	             0.34569	             0.34372	            71.91142	
               1.350	             0.34076	             0.33872	            71.39464	
               1.360	             0.33551	             0.33337	            70.78784	
               1.370	             0.33002	             0.32781	            70.11788	
               1.380	             0.32437	             0.32208	            69.39513	
               1.390	             0.31845	             0.31608	            68.59658	
               1.400	             0.31238	             0.30999	            67.75980	
               1.410	             0.30615	             0.30369	            66.85618	
               1.420	             0.29968	             0.29730	            65.91309	
               1.430	             0.29327	             0.29080	            64.92653	
               1.440	             0.28659	             0.28418	            63.89207	
               1.450	             0.27996	             0.27759	            62.84294	
               1.460	             0.27325	             0.27085	            61.73961	
               1.470	             0.26642	             0.26424	            60.64633	
               1.480	             0.25975	             0.25749	            59.49960	
               1.490	             0.25297	             0.25094	            58.37849	
               1.500	             0.24630	             0.24430	            57.21417	
               1.510	             0.23967	             0.23784	            56.07381	
               1.520	             0.23312	             0.23136	            54.90548	
               1.530	             0.22668	             0.22503	            53.75454	
               1.540	             0.22035	             0.21874	            52.59320	
               1.550	             0.21413	             0.21253	            51.43357	
               1.560	             0.20799	             0.20647	            50.28842	
               1.570	             0.20202	             0.20043	            49.13058	
               1.580	             0.19609	             0.19457	            47.99783	
               1.590	             0.19030	             0.18880	            46.86927	
               1.600	             0.18871	             0.18700	            46.71566	
               1.610	             0.19075	             0.18907	            47.52663	
               1.620	             0.19200	             0.19028	            48.12840	
               1.630	             0.19239	             0.19071	            48.53557	
               1.640	             0.19201	             0.19045	            48.76660	
               1.650	             0.19094	             0.18957	            48.83668	
               1.660	             0.18935	             0.18811	            48.75498	
               1.670	             0.18730	             0.18612	            48.52829	
               1.680	             0.18481	             0.18363	            48.16500	
               1.690	             0.18186	             0.18069	            47.67610	
               1.700	             0.17848	             0.17735	            47.07340	
               1.710	             0.17474	             0.17367	            46.36769	
               1.720	             0.17072	             0.16969	            45.56946	
               1.730	             0.16647	             0.16545	            44.68990	
               1.740	             0.16201	             0.16102	            43.74391	
               1.750	             0.15797	             0.15706	            42.91340	
               1.760	             0.15766	             0.15668	            43.05477	
               1.770	             0.15690	             0.15584	            43.06702	
               1.780	             0.15568	             0.15458	            42.96036	
               1.790	             0.15402	             0.15296	            42.74813	
               1.800	             0.15201	             0.15107	            42.45728	
               1.810	             0.14981	             0.14898	            42.10227	
               1.820	             0.14746	             0.14676	            41.70215	
               1.830	             0.14506	             0.14444	            41.26915	
               1.840	             0.14265	             0.14208	            40.81719	
               1.850	             0.14028	             0.13969	            40.34925	
               1.860	             0.13785	             0.13719	            39.83975	
               1.870	             0.13530	             0.13463	            39.30723	
               1.880	             0.13266	             0.13201	            38.74725	
               1.890	             0.12996	             0.12932	            38.16098	
               1.900	             0.12726	             0.12663	            37.56513	
               1.910	             0.12452	             0.12392	            36.95483	
               1.920	             0.12177	             0.12120	            36.33369	
               1.930	             0.11907	             0.11852	            35.71317	
               1.940	             0.11639	             0.11582	            35.08099	
               1.950	             0.11372	             0.11311	            34.43702	
               1.960	             0.11103	             0.11039	            33.78211	
               1.970	             0.10832	             0.10767	            33.11680	
               1.980	             0.10563	             0.10497	            32.45066	
               1.990	             0.10294	             0.10227	            31.77503	
               2.000	             0.10025	             0.09955	            31.08574	
               2.010	             0.09758	             0.09687	            30.40112	
               2.020	             0.09494	             0.09418	            29.70249	
               2.030	             0.09449	             0.09391	            29.76421	
               2.040	             0.09632	             0.09573	            30.48985	
               2.050	             0.09788	             0.09726	            31.13123	
               2.060	             0.09916	             0.09851	            31.68312	
               2.070	             0.10013	             0.09946	            32.14377	
               2.080	             0.10080	             0.10012	            32.51295	
               2.090	             0.10117	             0.10052	            32.80165	
               2.100	             0.10130	             0.10067	            33.00588	
               2.110	             0.10118	             0.10060	            33.14221	
               2.120	             0.10086	             0.10037	            33.22286	
               2.130	             0.10044	             0.10001	            33.26037	
               2.140	             0.09997	             0.09952	            33.25056	
               2.150	             0.09989	             0.09914	            33.27801	
               2.160	             0.10073	             0.09995	            33.70747	
               2.170	             0.10134	             0.10056	            34.07006	
               2.180	             0.10175	             0.10098	            34.36869	
               2.190	             0.10198	             0.10121	            34.60737	
               2.200	             0.10203	             0.10128	            34.79022	
               2.210	             0.10193	             0.10121	            34.92176	
               2.220	             0.10168	             0.10100	            35.00710	
               2.230	             0.10130	             0.10067	            35.05119	
               2.240	             0.10082	             0.10024	            35.05832	
               2.250	             0.10025	             0.09972	            35.03223	
               2.260	             0.09962	             0.09913	            34.97714	
               2.270	             0.09895	             0.09846	            34.89695	
               2.280	             0.09821	             0.09773	            34.78884	
               2.290	             0.09742	             0.09692	            34.65428	
               2.300	             0.09658	             0.09606	            34.49458	
               2.310	             0.09567	             0.09513	            34.31068	
               2.320	             0.09472	             0.09416	            34.10655	
               2.330	             0.09371	             0.09315	            33.88516	
               2.340	             0.09266	             0.09209	            33.64603	
               2.350	             0.09160	             0.09101	            33.39179	
               2.360	             0.09049	             0.08990	            33.12506	
               2.370	             0.08936	             0.08879	            32.85415	
               2.380	             0.08824	             0.08767	            32.57741	
               2.390	             0.08711	             0.08655	            32.29591	
               2.400	             0.08598	             0.08543	            32.01199	
               2.410	             0.08487	             0.08434	            31.73428	
               2.420	             0.08378	             0.08326	            31.45847	
               2.430	             0.08270	             0.08220	            31.18604	
               2.440	             0.08166	             0.08117	            30.92126	
               2.450	             0.08065	             0.08017	            30.66763	
               2.460	             0.07966	             0.07921	            30.42332	
               2.470	             0.07872	             0.07829	            30.19047	
               2.480	             0.07781	             0.07740	            29.97071	
               2.490	             0.07694	             0.07656	            29.76528	
               2.500	             0.07611	             0.07577	            29.57487	
               2.510	             0.07534	             0.07502	            29.39975	
               2.520	             0.07462	             0.07432	            29.23964	
               2.530	             0.07395	             0.07366	            29.09488	
               2.540	             0.07332	             0.07303	            28.96366	
               2.550	             0.07274	             0.07245	            28.84369	
               2.560	             0.07220	             0.07188	            28.73206	
               2.570	             0.07169	             0.07135	            28.63104	
               2.580	             0.07120	             0.07084	            28.53722	
               2.590	             0.07074	             0.07035	            28.44752	
               2.600	             0.07028	             0.06988	            28.36591	
               2.610	             0.06985	             0.06941	            28.28397	
               2.620	             0.06941	             0.06896	            28.20906	
               2.630	             0.06899	             0.06851	            28.13087	
               2.640	             0.06856	             0.06807	            28.05776	
               2.650	             0.06814	             0.06762	            27.97908	
               2.660	             0.06772	             0.06719	            27.90372	
               2.670	             0.06728	             0.06674	            27.82030	
               2.680	             0.06684	             0.06629	            27.73967	
               2.690	             0.06638	             0.06584	            27.65043	
               2.700	             0.06592	             0.06538	            27.55921	
               2.710	             0.06544	             0.06490	            27.46173	
               2.720	             0.06495	             0.06442	            27.35616	
               2.730	             0.06444	             0.06393	            27.24766	
               2.740	             0.06443	             0.06393	            27.35063	
               2.750	             0.06452	             0.06402	            27.48723	
               2.760	             0.06459	             0.06410	            27.62386	
               2.770	             0.06466	             0.06418	            27.75756	
               2.780	             0.06472	             0.06426	            27.88984	
               2.790	             0.06477	             0.06433	            28.02035	
               2.800	             0.06482	             0.06438	            28.14640	
               2.810	             0.06485	             0.06444	            28.27260	
               2.820	             0.06488	             0.06449	            28.39465	
               2.830	             0.06490	             0.06453	            28.51121	
               2.840	             0.06492	             0.06456	            28.62725	
               2.850	             0.06493	             0.06458	            28.73564	
               2.860	             0.06494	             0.06459	            28.83958	
               2.870	             0.06495	             0.06458	            28.93625	
               2.880	             0.06494	             0.06455	            29.02678	
               2.890	             0.06492	             0.06451	            29.10874	
               2.900	             0.06489	             0.06446	            29.18479	
               2.910	             0.06484	             0.06438	            29.25026	
               2.920	             0.06477	             0.06429	            29.31099	
               2.930	             0.06468	             0.06418	            29.35933	
               2.940	             0.06457	             0.06406	            29.40410	
               2.950	             0.06444	             0.06391	            29.43587	
               2.960	             0.06429	             0.06375	            29.46423	
               2.970	             0.06412	             0.06358	            29.48124	
               2.980	             0.06393	             0.06339	            29.49287	
               2.990	             0.06372	             0.06319	            29.49733	
               3.000	             0.06349	             0.06297	            29.49385	
               3.010	             0.06324	             0.06274	            29.48571	
               3.020	             0.06298	             0.06251	            29.47244	
               3.030	             0.06270	             0.06226	            29.45245	
               3.040	             0.06241	             0.06200	            29.42561	
               3.050	             0.06211	             0.06173	            29.39474	
               3.060	             0.06182	             0.06145	            29.35802	
               3.070	             0.06153	             0.06116	            29.31385	
               3.080	             0.06123	             0.06085	            29.26321	
               3.090	             0.06092	             0.06054	            29.20841	
               3.100	             0.06060	             0.06022	            29.14584	
               3.110	             0.06028	             0.05988	            29.07571	
               3.120	             0.05993	             0.05954	            29.00276	
               3.130	             0.05958	             0.05918	            28.92151	
               3.140	             0.05922	             0.05881	            28.83227	
               3.150	             0.05884	             0.05843	            28.73883	
               3.160	             0.05846	             0.05804	            28.63448	
               3.170	             0.05806	             0.05764	            28.52663	
               3.180	             0.05766	             0.05722	            28.40807	
               3.190	             0.05724	             0.05679	            28.28453	
               3.200	             0.05681	             0.05635	            28.15186	
               3.210	             0.05637	             0.05589	            28.01303	
               3.220	             0.05592	             0.05543	            27.86683	
               3.230	             0.05545	             0.05495	            27.71311	
               3.240	             0.05497	             0.05447	            27.55413	
               3.250	             0.05447	             0.05397	            27.38597	
               3.260	             0.05397	             0.05347	            27.21495	
               3.270	             0.05345	             0.05295	            27.03415	
               3.280	             0.05292	             0.05243	            26.85021	
               3.290	             0.05238	             0.05190	            26.65745	
               3.300	             0.05183	             0.05136	            26.46018	
               3.310	             0.05128	             0.05080	            26.25451	
               3.320	             0.05072	             0.05024	            26.04447	
               3.330	             0.05015	             0.04967	            25.82470	
               3.340	             0.04980	             0.04965	            25.89089	
               3.350	             0.04979	             0.04965	            25.96645	
               3.360	             0.04978	             0.04964	            26.04129	
               3.370	             0.04979	             0.04963	            26.11392	
               3.380	             0.04981	             0.04961	            26.18293	
               3.390	             0.04980	             0.04960	            26.25007	
               3.400	             0.04980	             0.04957	            26.31351	
               3.410	             0.04979	             0.04954	            26.37298	
               3.420	             0.04976	             0.04950	            26.42950	
               3.430	             0.04973	             0.04945	            26.48143	
               3.440	             0.04970	             0.04940	            26.52976	
               3.450	             0.04965	             0.04933	            26.57430	
               3.460	             0.04960	             0.04926	            26.61296	
               3.470	             0.04954	             0.04919	            26.65029	
               3.480	             0.04947	             0.04911	            26.68085	
               3.490	             0.04939	             0.04901	            26.70812	
               3.500	             0.04931	             0.04892	            26.73181	
               3.510	             0.04922	             0.04881	            26.74897	
               3.520	             0.04911	             0.04870	            26.76465	
               3.530	             0.04901	             0.04858	            26.77533	
               3.540	             0.04889	             0.04845	            26.78079	
               3.550	             0.04877	             0.04833	            26.78526	
               3.560	             0.04864	             0.04819	            26.78365	
               3.570	             0.04851	             0.04805	            26.78143	
               3.580	             0.04837	             0.04790	            26.77428	
               3.590	             0.04822	             0.04775	            26.76716	
               3.600	             0.04806	             0.04761	            26.75799	
               3.610	             0.04789	             0.04746	            26.74820	
               3.620	             0.04773	             0.04731	            26.73849	
               3.630	             0.04755	             0.04716	            26.72884	
               3.640	             0.04737	             0.04701	            26.71875	
               3.650	             0.04718	             0.04687	            26.70787	
               3.660	             0.04699	             0.04672	            26.69716	
               3.670	             0.04680	             0.04657	            26.68457	
               3.680	             0.04662	             0.04642	            26.66956	
               3.690	             0.04648	             0.04627	            26.65441	
               3.700	             0.04633	             0.04611	            26.63514	
               3.710	             0.04619	             0.04595	            26.61618	
               3.720	             0.04604	             0.04579	            26.59297	
               3.730	             0.04589	             0.04562	            26.56956	
               3.740	             0.04574	             0.04546	            26.54274	
               3.750	             0.04558	             0.04529	            26.51525	
               3.760	             0.04542	             0.04512	            26.48515	
               3.770	             0.04526	             0.04494	            26.45457	
               3.780	             0.04509	             0.04477	            26.42153	
               3.790	             0.04492	             0.04460	            26.38866	
               3.800	             0.04474	             0.04442	            26.35299	
               3.810	             0.04457	             0.04424	            26.31803	
               3.820	             0.04439	             0.04406	            26.28005	
               3.830	             0.04421	             0.04389	            26.24256	
               3.840	             0.04402	             0.04370	            26.20259	
               3.850	             0.04384	             0.04352	            26.16162	
               3.860	             0.04365	             0.04334	            26.11996	
               3.870	             0.04357	             0.04315	            26.07523	
               3.880	             0.04350	             0.04297	            26.03146	
               3.890	             0.04342	             0.04287	            26.03417	
               3.900	             0.04335	             0.04279	            26.05252	
               3.910	             0.04327	             0.04270	            26.06992	
               3.920	             0.04319	             0.04262	            26.08645	
               3.930	             0.04311	             0.04254	            26.10399	
               3.940	             0.04303	             0.04246	            26.12076	
               3.950	             0.04295	             0.04238	            26.13681	
               3.960	             0.04287	             0.04230	            26.15222	
               3.970	             0.04278	             0.04222	            26.16706	
               3.980	             0.04270	             0.04213	            26.18139	
               3.990	             0.04262	             0.04205	            26.19527	
               4.000	             0.04254	             0.04197	            26.20876	
               4.010	             0.04246	             0.04188	            26.22194	
               4.020	             0.04238	             0.04180	            26.23485	
               4.030	             0.04230	             0.04172	            26.24792	
               4.040	             0.04222	             0.04163	            26.26201	
               4.050	             0.04214	             0.04155	            26.27599	
               4.060	             0.04206	             0.04147	            26.28990	
               4.070	             0.04198	             0.04139	            26.30380	
               4.080	             0.04190	             0.04131	            26.31774	
               4.090	             0.04182	             0.04124	            26.33178	
               4.100	             0.04174	             0.04116	            26.34596	
               4.110	             0.04166	             0.04108	            26.36033	
               4.120	             0.04159	             0.04100	            26.37493	
               4.130	             0.04151	             0.04093	            26.38981	
               4.140	             0.04144	             0.04085	            26.40501	
               4.150	             0.04136	             0.04078	            26.42058	
               4.160	             0.04129	             0.04070	            26.43747	
               4.170	             0.04122	             0.04063	            26.45510	
               4.180	             0.04115	             0.04056	            26.47319	
               4.190	             0.04108	             0.04050	            26.49176	
               4.200	             0.04101	             0.04043	            26.51085	
               4.210	             0.04094	             0.04036	            26.53050	
               4.220	             0.04088	             0.04030	            26.55072	
               4.230	             0.04081	             0.04023	            26.57155	
               4.240	             0.04075	             0.04017	            26.59302	
               4.250	             0.04069	             0.04011	            26.61515	
               4.260	             0.04063	             0.04005	            26.63795	
               4.270	             0.04058	             0.03999	            26.66147	
               4.280	             0.04052	             0.03993	            26.68570	
               4.290	             0.04046	             0.03988	            26.71068	
               4.300	             0.04041	             0.03982	            26.73682	
               4.310	             0.04036	             0.03977	            26.76435	
               4.320	             0.04031	             0.03972	            26.79266	
               4.330	             0.04026	             0.03967	            26.82175	
               4.340	             0.04021	             0.03963	            26.85164	
               4.350	             0.04016	             0.03958	            26.88234	
               4.360	             0.04012	             0.03954	            26.91385	
               4.370	             0.04008	             0.03949	            26.94619	
               4.380	             0.04003	             0.03945	            26.97935	
               4.390	             0.03999	             0.03941	            27.01335	
               4.400	             0.03995	             0.03937	            27.04818	
               4.410	             0.03992	             0.03934	            27.08385	
               4.420	             0.03988	             0.03930	            27.12035	
               4.430	             0.03985	             0.03926	            27.15768	
               4.440	             0.03981	             0.03923	            27.19586	
               4.450	             0.03978	             0.03920	            27.23486	
               4.460	             0.03975	             0.03917	            27.27531	
               4.470	             0.03972	             0.03914	            27.31689	
               4.480	             0.03969	             0.03911	            27.35928	
               4.490	             0.03967	             0.03909	            27.40247	
               4.500	             0.03964	             0.03906	            27.44646	
               4.510	             0.03962	             0.03904	            27.49123	
               4.520	             0.03959	             0.03902	            27.53677	
               4.530	             0.03957	             0.03900	            27.58308	
               4.540	             0.03955	             0.03898	            27.63014	
               4.550	             0.03953	             0.03896	            27.67794	
               4.560	             0.03952	             0.03894	            27.72646	
               4.570	             0.03950	             0.03893	            27.77569	
               4.580	             0.03949	             0.03891	            27.82562	
               4.590	             0.03947	             0.03890	            27.87623	
               4.600	             0.03946	             0.03889	            27.92750	
               4.610	             0.03945	             0.03887	            27.97967	
               4.620	             0.03944	             0.03886	            28.03319	
               4.630	             0.03943	             0.03885	            28.08731	
               4.640	             0.03942	             0.03885	            28.14203	
               4.650	             0.03941	             0.03884	            28.19732	
               4.660	             0.03940	             0.03883	            28.25316	
               4.670	             0.03940	             0.03883	            28.30954	
               4.680	             0.03939	             0.03882	            28.36643	
               4.690	             0.03938	             0.03882	            28.42382	
               4.700	             0.03938	             0.03881	            28.48167	
               4.710	             0.03938	             0.03881	            28.53997	
               4.720	             0.03937	             0.03881	            28.59869	
               4.730	             0.03937	             0.03881	            28.65782	
               4.740	             0.03937	             0.03880	            28.71732	
               4.750	             0.03937	             0.03880	            28.77769	
               4.760	             0.03937	             0.03880	            28.83895	
               4.770	             0.03937	             0.03881	            28.90053	
               4.780	             0.03937	             0.03881	            28.96240	
               4.790	             0.03937	             0.03881	            29.02453	
               4.800	             0.03938	             0.03881	            29.08691	
               4.810	             0.03938	             0.03881	            29.14950	
               4.820	             0.03938	             0.03882	            29.21229	
               4.830	             0.03938	             0.03882	            29.27525	
               4.840	             0.03939	             0.03882	            29.33835	
               4.850	             0.03939	             0.03883	            29.40157	
               4.860	             0.03939	             0.03883	            29.46488	
               4.870	             0.03940	             0.03884	            29.52903	
               4.880	             0.03940	             0.03884	            29.59364	
               4.890	             0.03941	             0.03885	            29.65828	
               4.900	             0.03941	             0.03885	            29.72292	
               4.910	             0.03942	             0.03886	            29.78754	
               4.920	             0.03942	             0.03886	            29.85211	
               4.930	             0.03943	             0.03887	            29.91660	
               4.940	             0.03943	             0.03887	            29.98101	
               4.950	             0.03943	             0.03888	            30.04528	
               4.960	             0.03944	             0.03888	            30.10942	
               4.970	             0.03944	             0.03889	            30.17454	
               4.980	             0.03945	             0.03889	            30.23960	
               4.990	             0.03945	             0.03890	            30.30444	
               5.000	             0.03945	             0.03890	            30.36904	
               5.010	             0.03946	             0.03891	            30.43339	
               5.020	             0.03946	             0.03891	            30.49746	
               5.030	             0.03946	             0.03891	            30.56122	
               5.040	             0.03947	             0.03892	            30.62511	
               5.050	             0.03947	             0.03892	            30.68955	
               5.060	             0.03947	             0.03893	            30.75362	
               5.070	             0.03948	             0.03893	            30.81730	
               5.080	             0.03948	             0.03893	            30.88056	
               5.090	             0.03948	             0.03894	            30.94340	
               5.100	             0.03948	             0.03894	            31.00701	
               5.110	             0.03948	             0.03894	            31.07033	
               5.120	             0.03948	             0.03895	            31.13314	
               5.130	             0.03948	             0.03895	            31.19553	
               5.140	             0.03948	             0.03895	            31.25874	
               5.150	             0.03947	             0.03895	            31.32140	
               5.160	             0.03947	             0.03896	            31.38359	
               5.170	             0.03947	             0.03896	            31.44657	
               5.180	             0.03947	             0.03896	            31.50894	
               5.190	             0.03946	             0.03896	            31.57090	
               5.200	             0.03946	             0.03896	            31.63350	
               5.210	             0.03945	             0.03896	            31.69544	
               5.220	             0.03945	             0.03897	            31.75672	
               5.230	             0.03944	             0.03897	            31.81827	
               5.240	             0.03944	             0.03897	            31.87966	
               5.250	             0.03943	             0.03897	            31.94033	
               5.260	             0.03942	             0.03897	            32.00026	
               5.270	             0.03941	             0.03896	            32.05995	
               5.280	             0.03941	             0.03896	            32.11990	
               5.290	             0.03940	             0.03896	            32.17906	
               5.300	             0.03938	             0.03896	            32.23742	
               5.310	             0.03937	             0.03895	            32.29495	
               5.320	             0.03936	             0.03895	            32.35231	
               5.330	             0.03935	             0.03895	            32.40975	
               5.340	             0.03934	             0.03894	            32.46633	
               5.350	             0.03932	             0.03893	            32.52203	
               5.360	             0.03931	             0.03893	            32.57683	
               5.370	             0.03929	             0.03892	            32.63113	
               5.380	             0.03928	             0.03891	            32.68573	
               5.390	             0.03926	             0.03890	            32.73939	
               5.400	             0.03924	             0.03889	            32.79211	
               5.410	             0.03922	             0.03888	            32.84387	
               5.420	             0.03920	             0.03887	            32.89496	
               5.430	             0.03918	             0.03886	            32.94642	
               5.440	             0.03916	             0.03885	            32.99688	
               5.450	             0.03914	             0.03884	            33.04634	
               5.460	             0.03912	             0.03882	            33.09477	
               5.470	             0.03909	             0.03881	            33.14274	
               5.480	             0.03908	             0.03879	            33.19078	
               5.490	             0.03907	             0.03878	            33.23778	
               5.500	             0.03906	             0.03876	            33.28371	
               5.510	             0.03904	             0.03874	            33.32857	
               5.520	             0.03903	             0.03872	            33.37322	
               5.530	             0.03902	             0.03870	            33.41762	
               5.540	             0.03900	             0.03868	            33.46091	
               5.550	             0.03898	             0.03866	            33.50310	
               5.560	             0.03897	             0.03864	            33.54416	
               5.570	             0.03895	             0.03862	            33.58493	
               5.580	             0.03893	             0.03860	            33.62547	
               5.590	             0.03891	             0.03857	            33.66487	
               5.600	             0.03889	             0.03855	            33.70311	
               5.610	             0.03887	             0.03852	            33.74019	
               5.620	             0.03884	             0.03849	            33.77647	
               5.630	             0.03882	             0.03847	            33.81297	
               5.640	             0.03879	             0.03844	            33.84829	
               5.650	             0.03876	             0.03841	            33.88242	
               5.660	             0.03874	             0.03838	            33.91536	
               5.670	             0.03871	             0.03835	            33.94710	
               5.680	             0.03868	             0.03832	            33.97895	
               5.690	             0.03865	             0.03828	            34.01005	
               5.700	             0.03862	             0.03825	            34.03993	
               5.710	             0.03858	             0.03821	            34.06859	
               5.720	             0.03855	             0.03818	            34.09603	
               5.730	             0.03851	             0.03814	            34.12249	
               5.740	             0.03848	             0.03810	            34.14925	
               5.750	             0.03844	             0.03807	            34.17477	
               5.760	             0.03841	             0.03803	            34.19904	
               5.770	             0.03837	             0.03799	            34.22207	
               5.780	             0.03833	             0.03795	            34.24385	
               5.790	             0.03829	             0.03790	            34.26541	
               5.800	             0.03825	             0.03786	            34.28647	
               5.810	             0.03821	             0.03782	            34.30628	
               5.820	             0.03816	             0.03777	            34.32482	
               5.830	             0.03812	             0.03773	            34.34211	
               5.840	             0.03808	             0.03768	            34.35865	
               5.850	             0.03803	             0.03764	            34.37519	
               5.860	             0.03799	             0.03759	            34.39047	
               5.870	             0.03794	             0.03754	            34.40448	
               5.880	             0.03789	             0.03749	            34.41721	
               5.890	             0.03785	             0.03744	            34.42959	
               5.900	             0.03780	             0.03739	            34.44157	
               5.910	             0.03775	             0.03734	            34.45228	
               5.920	             0.03770	             0.03728	            34.46171	
               5.930	             0.03765	             0.03723	            34.47060	
               5.940	             0.03759	             0.03718	            34.47927	
               5.950	             0.03754	             0.03712	            34.48666	
               5.960	             0.03749	             0.03707	            34.49316	
               5.970	             0.03743	             0.03701	            34.49979	
               5.980	             0.03738	             0.03696	            34.50516	
               5.990	             0.03732	             0.03690	            34.51102	
               6.000	             0.03726	             0.03685	            34.51673	
               6.010	             0.03720	             0.03679	            34.52300	
               6.020	             0.03714	             0.03674	            34.52952	
               6.030	             0.03708	             0.03668	            34.53562	
               6.040	             0.03702	             0.03663	            34.54176	
               6.050	             0.03696	             0.03657	            34.54706	
               6.060	             0.03690	             0.03652	            34.55141	
               6.070	             0.03683	             0.03646	            34.55592	
               6.080	             0.03677	             0.03641	            34.55914	
               6.090	             0.03670	             0.03635	            34.56113	
               6.100	             0.03664	             0.03629	            34.56357	
               6.110	             0.03657	             0.03623	            34.56471	
               6.120	             0.03650	             0.03617	            34.56456	
               6.130	             0.03643	             0.03611	            34.56428	
               6.140	             0.03636	             0.03605	            34.56335	
               6.150	             0.03629	             0.03599	            34.56113	
               6.160	             0.03622	             0.03593	            34.55806	
               6.170	             0.03615	             0.03587	            34.55506	
               6.180	             0.03608	             0.03581	            34.55079	
               6.190	             0.03600	             0.03574	            34.54524	
               6.200	             0.03593	             0.03568	            34.53993	
               6.210	             0.03585	             0.03562	            34.53361	
               6.220	             0.03578	             0.03555	            34.52602	
               6.230	             0.03572	             0.03549	            34.51827	
               6.240	             0.03566	             0.03542	            34.50992	
               6.250	             0.03560	             0.03536	            34.50030	
               6.260	             0.03554	             0.03529	            34.49075	
               6.270	             0.03548	             0.03522	            34.48037	
               6.280	             0.03542	             0.03515	            34.46915	
               6.290	             0.03535	             0.03509	            34.45801	
               6.300	             0.03529	             0.03502	            34.44563	
               6.310	             0.03522	             0.03495	            34.43355	
               6.320	             0.03515	             0.03488	            34.42042	
               6.330	             0.03509	             0.03481	            34.40715	
               6.340	             0.03502	             0.03475	            34.39327	
               6.350	             0.03495	             0.03468	            34.37903	
               6.360	             0.03488	             0.03461	            34.36441	
               6.370	             0.03481	             0.03454	            34.34950	
               6.380	             0.03474	             0.03447	            34.33414	
               6.390	             0.03466	             0.03440	            34.31892	
               6.400	             0.03459	             0.03433	            34.30323	
               6.410	             0.03452	             0.03426	            34.28762	
               6.420	             0.03444	             0.03420	            34.28105	
               6.430	             0.03437	             0.03415	            34.28116	
               6.440	             0.03429	             0.03409	            34.28108	
               6.450	             0.03421	             0.03404	            34.28122	
               6.460	             0.03414	             0.03399	            34.28094	
               6.470	             0.03406	             0.03394	            34.28025	
               6.480	             0.03398	             0.03388	            34.27966	
               6.490	             0.03393	             0.03383	            34.27845	
               6.500	             0.03388	             0.03378	            34.27737	
               6.510	             0.03384	             0.03372	            34.27616	
               6.520	             0.03379	             0.03367	            34.27452	
               6.530	             0.03374	             0.03362	            34.27306	
               6.540	             0.03369	             0.03356	            34.27106	
               6.550	             0.03364	             0.03351	            34.26877	
               6.560	             0.03359	             0.03346	            34.26541	
               6.570	             0.03354	             0.03340	            34.26230	
               6.580	             0.03349	             0.03335	            34.25792	
               6.590	             0.03344	             0.03329	            34.25231	
               6.600	             0.03339	             0.03323	            34.24712	
               6.610	             0.03334	             0.03318	            34.24067	
               6.620	             0.03328	             0.03312	            34.23298	
               6.630	             0.03323	             0.03306	            34.22443	
               6.640	             0.03317	             0.03300	            34.21595	
               6.650	             0.03312	             0.03295	            34.20623	
               6.660	             0.03306	             0.03289	            34.19529	
               6.670	             0.03301	             0.03282	            34.18315	
               6.680	             0.03296	             0.03276	            34.17143	
               6.690	             0.03291	             0.03270	            34.15851	
               6.700	             0.03285	             0.03264	            34.14438	
               6.710	             0.03280	             0.03258	            34.12904	
               6.720	             0.03274	             0.03251	            34.11371	
               6.730	             0.03269	             0.03245	            34.09765	
               6.740	             0.03263	             0.03239	            34.08039	
               6.750	             0.03257	             0.03232	            34.06196	
               6.760	             0.03251	             0.03226	            34.04371	
               6.770	             0.03245	             0.03219	            34.02457	
               6.780	             0.03239	             0.03212	            34.00427	
               6.790	             0.03233	             0.03206	            33.98407	
               6.800	             0.03227	             0.03199	            33.96308	
               6.810	             0.03221	             0.03192	            33.94205	
               6.820	             0.03215	             0.03186	            33.92080	
               6.830	             0.03208	             0.03179	            33.89967	
               6.840	             0.03202	             0.03172	            33.87891	
               6.850	             0.03195	             0.03166	            33.85813	
               6.860	             0.03189	             0.03159	            33.83680	
               6.870	             0.03182	             0.03153	            33.81582	
               6.880	             0.03175	             0.03146	            33.79374	
               6.890	             0.03169	             0.03139	            33.77208	
               6.900	             0.03162	             0.03133	            33.74930	
               6.910	             0.03155	             0.03126	            33.72603	
               6.920	             0.03148	             0.03119	            33.70258	
               6.930	             0.03141	             0.03113	            33.67802	
               6.940	             0.03133	             0.03106	            33.65256	
               6.950	             0.03126	             0.03099	            33.62736	
               6.960	             0.03119	             0.03092	            33.60106	
               6.970	             0.03112	             0.03085	            33.57368	
               6.980	             0.03104	             0.03078	            33.54558	
               6.990	             0.03097	             0.03071	            33.51758	
               7.000	             0.03089	             0.03064	            33.48851	
