        Period [sec]	     Acc./Damp.=5.0%	  PS-Acc./Damp.=5.0%	  PS-Vel./Damp.=5.0%	
               0.000	             0.51202	             0.51202	             0.00000	
               0.100	             0.63265	             0.63035	             9.84178	
               0.110	             0.61585	             0.61418	            10.54822	
               0.120	             0.65989	             0.65820	            12.33193	
               0.130	             0.70941	             0.70788	            14.36780	
               0.140	             0.71085	             0.70909	            15.49945	
               0.150	             0.73052	             0.72863	            17.06425	
               0.160	             0.75384	             0.75159	            18.77551	
               0.170	             0.77343	             0.77093	            20.46224	
               0.180	             0.80230	             0.80026	            22.49018	
               0.190	             0.78115	             0.77922	            23.11557	
               0.200	             0.73803	             0.73671	            23.00458	
               0.210	             0.73288	             0.73162	            23.98802	
               0.220	             0.75620	             0.75483	            25.92764	
               0.230	             0.81063	             0.80881	            29.04433	
               0.240	             0.83868	             0.83661	            31.34915	
               0.250	             0.98951	             0.98375	            38.39856	
               0.260	             0.96241	             0.95664	            38.83376	
               0.270	             0.89920	             0.89694	            37.81105	
               0.280	             0.87760	             0.87262	            38.14809	
               0.290	             0.84683	             0.84197	            38.12252	
               0.300	             0.78987	             0.78615	            36.82292	
               0.310	             0.76913	             0.76532	            37.04198	
               0.320	             0.77346	             0.77087	            38.51413	
               0.330	             0.78591	             0.78315	            40.35070	
               0.340	             0.79006	             0.78729	            41.79319	
               0.350	             0.82589	             0.82287	            44.96667	
               0.360	             0.88937	             0.88614	            49.80760	
               0.370	             0.93676	             0.93336	            53.91892	
               0.380	             0.97490	             0.97117	            57.61906	
               0.390	             1.00878	             1.00484	            61.18615	
               0.400	             1.02084	             1.01618	            63.46294	
               0.410	             1.00762	             1.00385	            64.26039	
               0.420	             0.98100	             0.97682	            64.05481	
               0.430	             0.93609	             0.93170	            62.55071	
               0.440	             0.87680	             0.87300	            59.97295	
               0.450	             0.83206	             0.82849	            58.20885	
               0.460	             0.83453	             0.83150	            59.71857	
               0.470	             0.86909	             0.86558	            63.51796	
               0.480	             0.89998	             0.89649	            67.18560	
               0.490	             0.90996	             0.90587	            69.30327	
               0.500	             0.89580	             0.89197	            69.63233	
               0.510	             0.87186	             0.86791	            69.10875	
               0.520	             0.85425	             0.85087	            69.08080	
               0.530	             0.85089	             0.84691	            70.08104	
               0.540	             0.86132	             0.85756	            72.30187	
               0.550	             0.87586	             0.87170	            74.85475	
               0.560	             0.88284	             0.87852	            76.81162	
               0.570	             0.88799	             0.88394	            78.66562	
               0.580	             0.90177	             0.89733	            81.25844	
               0.590	             0.91774	             0.91299	            84.10250	
               0.600	             0.92643	             0.92149	            86.32437	
               0.610	             0.92429	             0.91926	            87.54996	
               0.620	             0.91127	             0.90600	            87.70243	
               0.630	             0.88823	             0.88298	            86.85203	
               0.640	             0.85813	             0.85292	            85.22752	
               0.650	             0.82237	             0.81730	            82.94430	
               0.660	             0.78111	             0.77632	            79.99758	
               0.670	             0.73783	             0.73348	            76.72763	
               0.680	             0.70333	             0.69979	            74.29606	
               0.690	             0.68164	             0.67836	            73.08019	
               0.700	             0.66831	             0.66504	            72.68374	
               0.710	             0.66095	             0.65766	            72.90412	
               0.720	             0.65734	             0.65399	            73.51809	
               0.730	             0.65656	             0.65312	            74.43961	
               0.740	             0.65757	             0.65436	            75.60298	
               0.750	             0.65826	             0.65483	            76.67948	
               0.760	             0.65488	             0.65156	            77.31437	
               0.770	             0.65278	             0.64987	            78.12758	
               0.780	             0.66151	             0.65843	            80.18472	
               0.790	             0.66405	             0.66079	            81.50479	
               0.800	             0.66221	             0.65871	            82.27638	
               0.810	             0.65778	             0.65418	            82.73156	
               0.820	             0.65236	             0.64877	            83.06022	
               0.830	             0.64685	             0.64326	            83.35991	
               0.840	             0.64135	             0.63771	            83.63628	
               0.850	             0.63532	             0.63161	            83.82157	
               0.860	             0.62806	             0.62435	            83.83270	
               0.870	             0.61902	             0.61534	            83.58390	
               0.880	             0.60763	             0.60398	            82.98410	
               0.890	             0.59349	             0.58984	            81.96216	
               0.900	             0.57649	             0.57318	            80.54228	
               0.910	             0.55696	             0.55387	            78.69363	
               0.920	             0.53518	             0.53237	            76.46974	
               0.930	             0.52176	             0.51882	            75.33345	
               0.940	             0.50977	             0.50688	            74.39188	
               0.950	             0.49632	             0.49347	            73.19308	
               0.960	             0.48208	             0.47926	            71.83427	
               0.970	             0.46835	             0.46563	            70.51822	
               0.980	             0.45587	             0.45323	            69.34797	
               0.990	             0.44503	             0.44248	            68.39477	
               1.000	             0.43590	             0.43355	            67.69079	
               1.010	             0.42844	             0.42616	            67.20287	
               1.020	             0.42227	             0.42002	            66.88967	
               1.030	             0.41696	             0.41480	            66.70641	
               1.040	             0.41308	             0.41103	            66.74100	
               1.050	             0.41238	             0.41022	            67.25010	
               1.060	             0.41084	             0.40855	            67.61538	
               1.070	             0.40796	             0.40556	            67.75375	
               1.080	             0.40360	             0.40111	            67.63629	
               1.090	             0.39785	             0.39531	            67.27525	
               1.100	             0.39090	             0.38833	            66.69430	
               1.110	             0.38286	             0.38028	            65.90466	
               1.120	             0.37375	             0.37116	            64.90296	
               1.130	             0.36357	             0.36099	            63.68883	
               1.140	             0.35245	             0.34995	            62.28685	
               1.150	             0.34084	             0.33839	            60.75758	
               1.160	             0.32926	             0.32683	            59.19265	
               1.170	             0.31830	             0.31597	            57.71949	
               1.180	             0.30860	             0.30626	            56.42366	
               1.190	             0.30045	             0.29817	            55.39848	
               1.200	             0.29393	             0.29170	            54.65158	
               1.210	             0.28890	             0.28670	            54.16290	
               1.220	             0.28509	             0.28287	            53.88125	
               1.230	             0.28196	             0.27977	            53.72818	
               1.240	             0.27907	             0.27690	            53.60862	
               1.250	             0.27609	             0.27394	            53.46308	
               1.260	             0.27260	             0.27052	            53.21745	
               1.270	             0.26848	             0.26643	            52.82973	
               1.280	             0.26360	             0.26161	            52.28233	
               1.290	             0.25795	             0.25603	            51.56681	
               1.300	             0.25160	             0.24972	            50.68568	
               1.310	             0.24464	             0.24279	            49.65876	
               1.320	             0.23731	             0.23548	            48.53029	
               1.330	             0.22975	             0.22794	            47.33353	
               1.340	             0.22225	             0.22046	            46.12422	
               1.350	             0.21501	             0.21324	            44.94694	
               1.360	             0.20828	             0.20656	            43.85983	
               1.370	             0.20224	             0.20055	            42.89652	
               1.380	             0.19698	             0.19531	            42.08258	
               1.390	             0.19254	             0.19090	            41.42982	
               1.400	             0.18890	             0.18727	            40.93485	
               1.410	             0.18595	             0.18434	            40.58172	
               1.420	             0.18358	             0.18198	            40.34589	
               1.430	             0.18164	             0.18005	            40.19880	
               1.440	             0.17999	             0.17841	            40.11222	
               1.450	             0.17853	             0.17696	            40.06186	
               1.460	             0.17717	             0.17561	            40.02989	
               1.470	             0.17587	             0.17431	            40.00610	
               1.480	             0.17462	             0.17305	            39.98775	
               1.490	             0.17343	             0.17185	            39.97837	
               1.500	             0.17233	             0.17075	            39.98829	
               1.510	             0.17135	             0.16978	            40.02744	
               1.520	             0.17055	             0.16898	            40.10294	
               1.530	             0.16994	             0.16838	            40.22249	
               1.540	             0.16954	             0.16798	            40.39040	
               1.550	             0.16936	             0.16779	            40.60688	
               1.560	             0.16938	             0.16781	            40.87192	
               1.570	             0.16956	             0.16799	            41.17779	
               1.580	             0.16985	             0.16828	            41.51143	
               1.590	             0.17020	             0.16863	            41.86129	
               1.600	             0.17061	             0.16903	            42.22607	
               1.610	             0.17099	             0.16941	            42.58413	
               1.620	             0.17132	             0.16975	            42.93465	
               1.630	             0.17159	             0.17001	            43.26601	
               1.640	             0.17176	             0.17020	            43.58071	
               1.650	             0.17185	             0.17029	            43.87048	
               1.660	             0.17183	             0.17030	            44.13666	
               1.670	             0.17170	             0.17021	            44.38055	
               1.680	             0.17146	             0.17004	            44.60075	
               1.690	             0.17109	             0.16976	            44.79391	
               1.700	             0.17060	             0.16939	            44.96046	
               1.710	             0.17001	             0.16891	            45.09549	
               1.720	             0.16932	             0.16829	            45.19453	
               1.730	             0.16846	             0.16754	            45.25410	
               1.740	             0.16746	             0.16662	            45.26627	
               1.750	             0.16633	             0.16550	            45.21898	
               1.760	             0.16502	             0.16416	            45.10933	
               1.770	             0.16344	             0.16261	            44.93662	
               1.780	             0.16162	             0.16084	            44.70011	
               1.790	             0.15960	             0.15886	            44.39691	
               1.800	             0.15743	             0.15667	            44.02979	
               1.810	             0.15652	             0.15532	            43.89348	
               1.820	             0.15533	             0.15427	            43.83842	
               1.830	             0.15574	             0.15311	            43.74754	
               1.840	             0.15601	             0.15334	            44.05153	
               1.850	             0.15598	             0.15326	            44.26924	
               1.860	             0.15568	             0.15295	            44.41588	
               1.870	             0.15516	             0.15243	            44.50556	
               1.880	             0.15448	             0.15175	            44.54402	
               1.890	             0.15370	             0.15098	            44.55105	
               1.900	             0.15288	             0.15016	            44.54443	
               1.910	             0.15205	             0.14933	            44.53204	
               1.920	             0.15126	             0.14854	            44.52788	
               1.930	             0.15054	             0.14782	            44.54440	
               1.940	             0.14993	             0.14724	            44.59829	
               1.950	             0.14946	             0.14678	            44.68886	
               1.960	             0.14912	             0.14646	            44.82050	
               1.970	             0.14893	             0.14629	            44.99470	
               1.980	             0.14887	             0.14625	            45.21023	
               1.990	             0.14894	             0.14633	            45.46333	
               2.000	             0.14911	             0.14653	            45.75593	
               2.010	             0.14938	             0.14681	            46.07322	
               2.020	             0.14970	             0.14714	            46.40610	
               2.030	             0.15003	             0.14748	            46.74465	
               2.040	             0.15034	             0.14781	            47.07936	
               2.050	             0.15060	             0.14812	            47.40990	
               2.060	             0.15083	             0.14836	            47.71577	
               2.070	             0.15101	             0.14848	            47.98725	
               2.080	             0.15107	             0.14849	            48.22150	
               2.090	             0.15099	             0.14837	            48.41370	
               2.100	             0.15077	             0.14807	            48.54862	
               2.110	             0.15036	             0.14761	            48.62834	
               2.120	             0.14976	             0.14698	            48.64999	
               2.130	             0.14900	             0.14614	            48.60180	
               2.140	             0.14804	             0.14515	            48.49851	
               2.150	             0.14688	             0.14396	            48.32343	
               2.160	             0.14552	             0.14259	            48.08603	
               2.170	             0.14401	             0.14104	            47.78499	
               2.180	             0.14231	             0.13931	            47.41531	
               2.190	             0.14043	             0.13744	            46.99505	
               2.200	             0.13840	             0.13541	            46.51079	
               2.210	             0.13624	             0.13323	            45.97247	
               2.220	             0.13394	             0.13094	            45.38604	
               2.230	             0.13151	             0.12852	            44.74584	
               2.240	             0.12895	             0.12600	            44.06796	
               2.250	             0.12631	             0.12339	            43.34547	
               2.260	             0.12359	             0.12068	            42.58412	
               2.270	             0.12078	             0.11792	            41.79168	
               2.280	             0.11789	             0.11507	            40.96238	
               2.290	             0.11495	             0.11218	            40.10854	
               2.300	             0.11197	             0.10923	            39.22604	
               2.310	             0.10896	             0.10625	            38.31868	
               2.320	             0.10592	             0.10323	            37.39222	
               2.330	             0.10285	             0.10018	            36.44287	
               2.340	             0.09976	             0.09712	            35.48078	
               2.350	             0.09664	             0.09403	            34.49980	
               2.360	             0.09351	             0.09094	            33.50857	
               2.370	             0.09037	             0.08784	            32.50435	
               2.380	             0.08723	             0.08474	            31.49021	
               2.390	             0.08410	             0.08166	            30.47080	
               2.400	             0.08097	             0.07858	            29.44445	
               2.410	             0.07787	             0.07552	            28.41468	
               2.420	             0.07480	             0.07248	            27.38671	
               2.430	             0.07201	             0.07148	            27.12125	
               2.440	             0.07124	             0.07077	            26.96212	
               2.450	             0.07042	             0.07007	            26.80436	
               2.460	             0.06961	             0.06941	            26.65876	
               2.470	             0.06897	             0.06879	            26.52905	
               2.480	             0.06840	             0.06817	            26.39637	
               2.490	             0.06837	             0.06789	            26.39400	
               2.500	             0.06843	             0.06792	            26.51241	
               2.510	             0.06845	             0.06792	            26.61832	
               2.520	             0.06844	             0.06789	            26.71133	
               2.530	             0.06839	             0.06782	            26.79143	
               2.540	             0.06831	             0.06773	            26.85907	
               2.550	             0.06819	             0.06760	            26.91516	
               2.560	             0.06803	             0.06745	            26.95978	
               2.570	             0.06784	             0.06727	            26.99308	
               2.580	             0.06763	             0.06706	            27.01490	
               2.590	             0.06740	             0.06683	            27.02475	
               2.600	             0.06714	             0.06657	            27.02237	
               2.610	             0.06686	             0.06628	            27.01030	
               2.620	             0.06654	             0.06597	            26.98685	
               2.630	             0.06621	             0.06564	            26.95246	
               2.640	             0.06586	             0.06528	            26.90904	
               2.650	             0.06551	             0.06491	            26.85658	
               2.660	             0.06513	             0.06452	            26.79465	
               2.670	             0.06474	             0.06411	            26.72440	
               2.680	             0.06432	             0.06368	            26.64728	
               2.690	             0.06389	             0.06324	            26.56216	
               2.700	             0.06344	             0.06279	            26.46973	
               2.710	             0.06297	             0.06233	            26.37215	
               2.720	             0.06250	             0.06185	            26.26770	
               2.730	             0.06201	             0.06137	            26.15769	
               2.740	             0.06151	             0.06088	            26.04362	
               2.750	             0.06100	             0.06038	            25.92458	
               2.760	             0.06049	             0.05987	            25.80137	
               2.770	             0.05998	             0.05937	            25.67580	
               2.780	             0.05946	             0.05886	            25.54653	
               2.790	             0.05894	             0.05834	            25.41414	
               2.800	             0.05841	             0.05783	            25.28055	
               2.810	             0.05789	             0.05731	            25.14461	
               2.820	             0.05737	             0.05680	            25.00708	
               2.830	             0.05684	             0.05628	            24.86901	
               2.840	             0.05632	             0.05577	            24.73065	
               2.850	             0.05580	             0.05527	            24.59193	
               2.860	             0.05528	             0.05476	            24.45330	
               2.870	             0.05538	             0.05502	            24.65408	
               2.880	             0.05567	             0.05528	            24.85900	
               2.890	             0.05592	             0.05551	            25.04506	
               2.900	             0.05613	             0.05568	            25.21189	
               2.910	             0.05628	             0.05582	            25.36035	
               2.920	             0.05639	             0.05591	            25.48975	
               2.930	             0.05644	             0.05596	            25.60087	
               2.940	             0.05646	             0.05598	            25.69540	
               2.950	             0.05646	             0.05596	            25.77409	
               2.960	             0.05669	             0.05614	            25.94371	
               2.970	             0.05687	             0.05638	            26.14479	
               2.980	             0.05702	             0.05660	            26.33225	
               2.990	             0.05712	             0.05677	            26.50375	
               3.000	             0.05723	             0.05691	            26.65729	
               3.010	             0.05737	             0.05701	            26.79173	
               3.020	             0.05746	             0.05707	            26.90735	
               3.030	             0.05751	             0.05708	            27.00252	
               3.040	             0.05752	             0.05705	            27.07675	
               3.050	             0.05748	             0.05697	            27.12990	
               3.060	             0.05740	             0.05685	            27.16198	
               3.070	             0.05727	             0.05669	            27.17300	
               3.080	             0.05709	             0.05649	            27.16336	
               3.090	             0.05687	             0.05624	            27.13218	
               3.100	             0.05661	             0.05595	            27.07897	
               3.110	             0.05630	             0.05561	            27.00370	
               3.120	             0.05595	             0.05524	            26.90825	
               3.130	             0.05555	             0.05483	            26.79246	
               3.140	             0.05512	             0.05449	            26.71489	
               3.150	             0.05473	             0.05431	            26.70941	
               3.160	             0.05456	             0.05409	            26.68826	
               3.170	             0.05436	             0.05385	            26.65099	
               3.180	             0.05413	             0.05357	            26.59795	
               3.190	             0.05386	             0.05327	            26.52983	
               3.200	             0.05357	             0.05293	            26.44637	
               3.210	             0.05324	             0.05258	            26.35019	
               3.220	             0.05288	             0.05220	            26.24119	
               3.230	             0.05249	             0.05179	            26.11915	
               3.240	             0.05208	             0.05136	            25.98344	
               3.250	             0.05164	             0.05092	            25.83672	
               3.260	             0.05118	             0.05045	            25.67694	
               3.270	             0.05070	             0.04996	            25.50620	
               3.280	             0.05020	             0.04945	            25.32511	
               3.290	             0.04967	             0.04893	            25.13253	
               3.300	             0.04914	             0.04839	            24.93170	
               3.310	             0.04858	             0.04783	            24.71980	
               3.320	             0.04801	             0.04727	            24.50026	
               3.330	             0.04742	             0.04668	            24.27162	
               3.340	             0.04682	             0.04609	            24.03535	
               3.350	             0.04621	             0.04549	            23.79252	
               3.360	             0.04559	             0.04488	            23.54227	
               3.370	             0.04496	             0.04426	            23.28774	
               3.380	             0.04433	             0.04363	            23.02678	
               3.390	             0.04371	             0.04300	            22.76177	
               3.400	             0.04308	             0.04237	            22.49265	
               3.410	             0.04245	             0.04173	            22.21894	
               3.420	             0.04181	             0.04109	            21.94334	
               3.430	             0.04118	             0.04045	            21.66455	
               3.440	             0.04054	             0.03981	            21.38307	
               3.450	             0.03998	             0.03917	            21.10089	
               3.460	             0.03999	             0.03853	            20.81654	
               3.470	             0.04000	             0.03790	            20.53240	
               3.480	             0.03999	             0.03788	            20.58263	
               3.490	             0.03998	             0.03787	            20.63671	
               3.500	             0.03997	             0.03786	            20.68664	
               3.510	             0.03995	             0.03783	            20.73266	
               3.520	             0.03993	             0.03780	            20.77502	
               3.530	             0.03990	             0.03777	            20.81395	
               3.540	             0.03986	             0.03772	            20.84967	
               3.550	             0.03982	             0.03768	            20.88240	
               3.560	             0.03977	             0.03762	            20.91234	
               3.570	             0.03973	             0.03757	            20.93968	
               3.580	             0.03967	             0.03751	            20.96461	
               3.590	             0.03961	             0.03744	            20.98729	
               3.600	             0.03955	             0.03738	            21.00800	
               3.610	             0.03949	             0.03731	            21.02811	
               3.620	             0.03942	             0.03724	            21.04636	
               3.630	             0.03935	             0.03716	            21.06286	
               3.640	             0.03928	             0.03709	            21.07772	
               3.650	             0.03921	             0.03701	            21.09101	
               3.660	             0.03913	             0.03693	            21.10279	
               3.670	             0.03905	             0.03685	            21.11312	
               3.680	             0.03897	             0.03676	            21.12203	
               3.690	             0.03889	             0.03668	            21.12955	
               3.700	             0.03881	             0.03659	            21.13568	
               3.710	             0.03872	             0.03650	            21.14043	
               3.720	             0.03863	             0.03640	            21.14377	
               3.730	             0.03854	             0.03631	            21.14568	
               3.740	             0.03845	             0.03621	            21.14613	
               3.750	             0.03836	             0.03612	            21.14570	
               3.760	             0.03826	             0.03602	            21.14452	
               3.770	             0.03817	             0.03592	            21.14170	
               3.780	             0.03807	             0.03582	            21.13717	
               3.790	             0.03796	             0.03571	            21.13085	
               3.800	             0.03786	             0.03560	            21.12265	
               3.810	             0.03775	             0.03549	            21.11247	
               3.820	             0.03764	             0.03538	            21.10024	
               3.830	             0.03753	             0.03526	            21.08584	
               3.840	             0.03741	             0.03514	            21.06917	
               3.850	             0.03729	             0.03502	            21.05014	
               3.860	             0.03717	             0.03489	            21.02863	
               3.870	             0.03705	             0.03476	            21.00455	
               3.880	             0.03692	             0.03463	            20.97892	
               3.890	             0.03679	             0.03450	            20.95093	
               3.900	             0.03665	             0.03436	            20.92007	
               3.910	             0.03651	             0.03421	            20.88625	
               3.920	             0.03637	             0.03407	            20.84938	
               3.930	             0.03622	             0.03391	            20.80938	
               3.940	             0.03607	             0.03376	            20.76618	
               3.950	             0.03591	             0.03360	            20.71970	
               3.960	             0.03575	             0.03343	            20.66988	
               3.970	             0.03559	             0.03326	            20.61666	
               3.980	             0.03541	             0.03309	            20.56000	
               3.990	             0.03524	             0.03291	            20.50139	
               4.000	             0.03506	             0.03273	            20.43929	
               4.010	             0.03488	             0.03254	            20.37366	
               4.020	             0.03469	             0.03235	            20.30448	
               4.030	             0.03449	             0.03215	            20.23175	
               4.040	             0.03429	             0.03195	            20.15547	
               4.050	             0.03409	             0.03175	            20.07567	
               4.060	             0.03388	             0.03154	            19.99236	
               4.070	             0.03367	             0.03132	            19.90559	
               4.080	             0.03346	             0.03111	            19.81591	
               4.090	             0.03323	             0.03089	            19.72382	
               4.100	             0.03301	             0.03066	            19.62840	
               4.110	             0.03278	             0.03043	            19.52972	
               4.120	             0.03255	             0.03020	            19.42785	
               4.130	             0.03231	             0.02997	            19.32289	
               4.140	             0.03208	             0.02973	            19.21492	
               4.150	             0.03183	             0.02948	            19.10403	
               4.160	             0.03159	             0.02924	            18.99034	
               4.170	             0.03134	             0.02899	            18.87506	
               4.180	             0.03109	             0.02874	            18.75740	
               4.190	             0.03083	             0.02849	            18.63724	
               4.200	             0.03058	             0.02823	            18.51470	
               4.210	             0.03032	             0.02798	            18.38991	
               4.220	             0.03006	             0.02772	            18.26299	
               4.230	             0.02980	             0.02746	            18.13407	
               4.240	             0.02954	             0.02720	            18.00393	
               4.250	             0.02928	             0.02693	            17.87258	
               4.260	             0.02901	             0.02667	            17.73960	
               4.270	             0.02875	             0.02641	            17.60510	
               4.280	             0.02848	             0.02614	            17.46922	
               4.290	             0.02821	             0.02588	            17.33209	
               4.300	             0.02794	             0.02561	            17.19384	
               4.310	             0.02768	             0.02535	            17.05542	
               4.320	             0.02741	             0.02508	            16.91631	
               4.330	             0.02714	             0.02482	            16.77641	
               4.340	             0.02687	             0.02455	            16.63584	
               4.350	             0.02661	             0.02429	            16.49470	
               4.360	             0.02634	             0.02402	            16.35310	
               4.370	             0.02608	             0.02376	            16.21114	
               4.380	             0.02581	             0.02358	            16.12508	
               4.390	             0.02555	             0.02359	            16.16562	
               4.400	             0.02529	             0.02359	            16.20536	
               4.410	             0.02502	             0.02359	            16.24432	
               4.420	             0.02476	             0.02360	            16.28320	
               4.430	             0.02451	             0.02369	            16.38588	
               4.440	             0.02425	             0.02394	            16.59378	
               4.450	             0.02429	             0.02417	            16.79587	
               4.460	             0.02452	             0.02440	            16.99223	
               4.470	             0.02474	             0.02462	            17.18275	
               4.480	             0.02494	             0.02483	            17.36734	
               4.490	             0.02514	             0.02503	            17.54568	
               4.500	             0.02533	             0.02522	            17.71724	
               4.510	             0.02551	             0.02539	            17.88158	
               4.520	             0.02568	             0.02556	            18.03861	
               4.530	             0.02584	             0.02572	            18.18794	
               4.540	             0.02598	             0.02586	            18.32908	
               4.550	             0.02611	             0.02599	            18.46130	
               4.560	             0.02623	             0.02610	            18.58413	
               4.570	             0.02634	             0.02620	            18.69713	
               4.580	             0.02643	             0.02629	            18.79997	
               4.590	             0.02650	             0.02636	            18.89279	
               4.600	             0.02656	             0.02642	            18.97543	
               4.610	             0.02660	             0.02646	            19.04820	
               4.620	             0.02663	             0.02649	            19.11152	
               4.630	             0.02664	             0.02651	            19.16564	
               4.640	             0.02664	             0.02652	            19.21051	
               4.650	             0.02663	             0.02651	            19.24555	
               4.660	             0.02661	             0.02649	            19.27030	
               4.670	             0.02658	             0.02645	            19.28427	
               4.680	             0.02653	             0.02640	            19.28733	
               4.690	             0.02646	             0.02633	            19.27932	
               4.700	             0.02638	             0.02625	            19.26051	
               4.710	             0.02629	             0.02615	            19.23134	
               4.720	             0.02618	             0.02604	            19.19207	
               4.730	             0.02605	             0.02592	            19.14288	
               4.740	             0.02591	             0.02579	            19.08392	
               4.750	             0.02577	             0.02564	            19.01525	
               4.760	             0.02561	             0.02548	            18.93675	
               4.770	             0.02544	             0.02531	            18.84810	
               4.780	             0.02525	             0.02512	            18.74941	
               4.790	             0.02506	             0.02492	            18.64039	
               4.800	             0.02485	             0.02471	            18.52172	
               4.810	             0.02463	             0.02449	            18.39345	
               4.820	             0.02440	             0.02426	            18.25636	
               4.830	             0.02438	             0.02409	            18.16390	
               4.840	             0.02441	             0.02412	            18.22616	
               4.850	             0.02445	             0.02415	            18.28909	
               4.860	             0.02448	             0.02419	            18.35301	
               4.870	             0.02452	             0.02422	            18.41747	
               4.880	             0.02455	             0.02426	            18.48273	
               4.890	             0.02459	             0.02429	            18.54863	
               4.900	             0.02463	             0.02433	            18.61516	
               4.910	             0.02466	             0.02437	            18.68234	
               4.920	             0.02470	             0.02441	            18.75006	
               4.930	             0.02474	             0.02445	            18.81835	
               4.940	             0.02478	             0.02451	            18.90327	
               4.950	             0.02482	             0.02460	            19.00831	
               4.960	             0.02486	             0.02468	            19.11398	
               4.970	             0.02491	             0.02477	            19.22022	
               4.980	             0.02501	             0.02486	            19.32737	
               4.990	             0.02510	             0.02495	            19.43505	
               5.000	             0.02519	             0.02503	            19.54318	
               5.010	             0.02528	             0.02512	            19.65200	
               5.020	             0.02537	             0.02521	            19.76134	
               5.030	             0.02546	             0.02530	            19.87100	
               5.040	             0.02556	             0.02539	            19.98128	
               5.050	             0.02565	             0.02548	            20.09188	
               5.060	             0.02574	             0.02557	            20.20273	
               5.070	             0.02583	             0.02566	            20.31408	
               5.080	             0.02592	             0.02575	            20.42551	
               5.090	             0.02602	             0.02584	            20.53724	
               5.100	             0.02611	             0.02593	            20.64913	
               5.110	             0.02620	             0.02602	            20.76092	
               5.120	             0.02629	             0.02611	            20.87301	
               5.130	             0.02638	             0.02620	            20.98495	
               5.140	             0.02647	             0.02629	            21.09664	
               5.150	             0.02656	             0.02638	            21.20848	
               5.160	             0.02665	             0.02646	            21.32000	
               5.170	             0.02674	             0.02655	            21.43109	
               5.180	             0.02683	             0.02664	            21.54207	
               5.190	             0.02692	             0.02672	            21.65268	
               5.200	             0.02701	             0.02681	            21.76269	
               5.210	             0.02709	             0.02689	            21.87225	
               5.220	             0.02718	             0.02697	            21.98147	
               5.230	             0.02727	             0.02705	            22.08992	
               5.240	             0.02735	             0.02713	            22.19765	
               5.250	             0.02743	             0.02721	            22.30502	
               5.260	             0.02751	             0.02729	            22.41146	
               5.270	             0.02759	             0.02737	            22.51706	
               5.280	             0.02767	             0.02744	            22.62212	
               5.290	             0.02775	             0.02752	            22.72611	
               5.300	             0.02783	             0.02759	            22.82937	
               5.310	             0.02790	             0.02766	            22.93171	
               5.320	             0.02797	             0.02773	            23.03304	
               5.330	             0.02804	             0.02780	            23.13358	
               5.340	             0.02811	             0.02787	            23.23291	
               5.350	             0.02818	             0.02793	            23.33150	
               5.360	             0.02825	             0.02800	            23.42871	
               5.370	             0.02831	             0.02806	            23.52519	
               5.380	             0.02837	             0.02812	            23.62020	
               5.390	             0.02844	             0.02818	            23.71432	
               5.400	             0.02859	             0.02824	            23.80703	
               5.410	             0.02878	             0.02829	            23.89862	
               5.420	             0.02896	             0.02835	            23.98890	
               5.430	             0.02914	             0.02840	            24.07786	
               5.440	             0.02932	             0.02856	            24.25912	
               5.450	             0.02950	             0.02873	            24.44714	
               5.460	             0.02967	             0.02890	            24.63286	
               5.470	             0.02984	             0.02906	            24.81619	
               5.480	             0.03000	             0.02922	            24.99722	
               5.490	             0.03016	             0.02937	            25.17651	
               5.500	             0.03032	             0.02952	            25.35321	
               5.510	             0.03048	             0.02967	            25.52723	
               5.520	             0.03063	             0.02982	            25.69852	
               5.530	             0.03078	             0.02996	            25.86700	
               5.540	             0.03092	             0.03010	            26.03284	
               5.550	             0.03106	             0.03023	            26.19658	
               5.560	             0.03120	             0.03036	            26.35735	
               5.570	             0.03133	             0.03049	            26.51509	
               5.580	             0.03146	             0.03061	            26.66974	
               5.590	             0.03158	             0.03073	            26.82224	
               5.600	             0.03171	             0.03085	            26.97170	
               5.610	             0.03182	             0.03096	            27.11794	
               5.620	             0.03194	             0.03107	            27.26159	
               5.630	             0.03205	             0.03119	            27.41658	
               5.640	             0.03215	             0.03133	            27.59149	
               5.650	             0.03225	             0.03147	            27.76366	
               5.660	             0.03235	             0.03161	            27.93280	
               5.670	             0.03244	             0.03174	            28.09923	
               5.680	             0.03253	             0.03187	            28.26324	
               5.690	             0.03262	             0.03200	            28.42408	
               5.700	             0.03271	             0.03212	            28.58173	
               5.710	             0.03279	             0.03223	            28.73663	
               5.720	             0.03286	             0.03235	            28.88891	
               5.730	             0.03294	             0.03246	            29.03789	
               5.740	             0.03301	             0.03256	            29.18355	
               5.750	             0.03307	             0.03267	            29.32661	
               5.760	             0.03313	             0.03277	            29.46672	
               5.770	             0.03323	             0.03286	            29.60345	
               5.780	             0.03334	             0.03295	            29.73768	
               5.790	             0.03344	             0.03304	            29.86877	
               5.800	             0.03354	             0.03313	            29.99726	
               5.810	             0.03363	             0.03321	            30.12268	
               5.820	             0.03372	             0.03328	            30.24523	
               5.830	             0.03381	             0.03336	            30.36496	
               5.840	             0.03389	             0.03343	            30.48124	
               5.850	             0.03397	             0.03350	            30.59493	
               5.860	             0.03405	             0.03356	            30.70551	
               5.870	             0.03412	             0.03362	            30.81261	
               5.880	             0.03419	             0.03368	            30.91746	
               5.890	             0.03425	             0.03373	            31.01889	
               5.900	             0.03431	             0.03378	            31.11746	
               5.910	             0.03437	             0.03383	            31.21324	
               5.920	             0.03442	             0.03387	            31.30558	
               5.930	             0.03447	             0.03391	            31.39544	
               5.940	             0.03451	             0.03395	            31.48219	
               5.950	             0.03455	             0.03398	            31.56553	
               5.960	             0.03459	             0.03401	            31.64615	
               5.970	             0.03462	             0.03403	            31.72398	
               5.980	             0.03465	             0.03406	            31.79846	
               5.990	             0.03468	             0.03408	            31.86985	
               6.000	             0.03470	             0.03409	            31.93892	
               6.010	             0.03472	             0.03411	            32.00469	
               6.020	             0.03474	             0.03412	            32.06735	
               6.030	             0.03475	             0.03413	            32.12785	
               6.040	             0.03476	             0.03413	            32.18510	
               6.050	             0.03477	             0.03413	            32.23928	
               6.060	             0.03477	             0.03413	            32.29140	
               6.070	             0.03477	             0.03412	            32.34035	
               6.080	             0.03477	             0.03412	            32.38620	
               6.090	             0.03476	             0.03411	            32.43016	
               6.100	             0.03475	             0.03409	            32.47103	
               6.110	             0.03474	             0.03408	            32.50924	
               6.120	             0.03473	             0.03406	            32.54528	
               6.130	             0.03471	             0.03404	            32.57878	
               6.140	             0.03469	             0.03402	            32.61012	
               6.150	             0.03467	             0.03401	            32.65255	
               6.160	             0.03464	             0.03402	            32.71719	
               6.170	             0.03461	             0.03403	            32.78087	
               6.180	             0.03458	             0.03404	            32.84459	
               6.190	             0.03455	             0.03405	            32.90721	
               6.200	             0.03451	             0.03406	            32.96807	
               6.210	             0.03447	             0.03406	            33.02645	
               6.220	             0.03443	             0.03407	            33.08282	
               6.230	             0.03438	             0.03407	            33.13642	
               6.240	             0.03434	             0.03407	            33.18830	
               6.250	             0.03429	             0.03406	            33.23736	
               6.260	             0.03427	             0.03405	            33.28441	
               6.270	             0.03427	             0.03405	            33.32913	
               6.280	             0.03427	             0.03403	            33.37143	
               6.290	             0.03426	             0.03402	            33.41191	
               6.300	             0.03426	             0.03401	            33.44981	
               6.310	             0.03425	             0.03399	            33.48614	
               6.320	             0.03425	             0.03397	            33.51985	
               6.330	             0.03424	             0.03395	            33.55212	
               6.340	             0.03424	             0.03393	            33.58183	
               6.350	             0.03422	             0.03390	            33.61005	
               6.360	             0.03421	             0.03387	            33.63586	
               6.370	             0.03420	             0.03384	            33.66026	
               6.380	             0.03418	             0.03382	            33.68370	
               6.390	             0.03416	             0.03380	            33.72080	
               6.400	             0.03414	             0.03378	            33.75673	
               6.410	             0.03411	             0.03376	            33.79136	
               6.420	             0.03408	             0.03374	            33.82438	
               6.430	             0.03405	             0.03372	            33.85553	
               6.440	             0.03402	             0.03370	            33.88530	
               6.450	             0.03399	             0.03368	            33.91317	
               6.460	             0.03395	             0.03365	            33.93934	
               6.470	             0.03391	             0.03362	            33.96381	
               6.480	             0.03388	             0.03359	            33.98647	
               6.490	             0.03383	             0.03356	            34.00734	
               6.500	             0.03379	             0.03353	            34.02656	
               6.510	             0.03375	             0.03349	            34.04365	
               6.520	             0.03371	             0.03346	            34.05951	
               6.530	             0.03368	             0.03342	            34.07314	
               6.540	             0.03365	             0.03338	            34.08539	
               6.550	             0.03363	             0.03334	            34.09577	
               6.560	             0.03359	             0.03330	            34.10453	
               6.570	             0.03356	             0.03325	            34.11173	
               6.580	             0.03353	             0.03321	            34.11728	
               6.590	             0.03349	             0.03316	            34.12137	
               6.600	             0.03346	             0.03311	            34.12376	
               6.610	             0.03342	             0.03307	            34.12480	
               6.620	             0.03338	             0.03301	            34.12378	
               6.630	             0.03334	             0.03296	            34.12182	
               6.640	             0.03329	             0.03291	            34.11785	
               6.650	             0.03325	             0.03285	            34.11212	
               6.660	             0.03320	             0.03280	            34.10524	
               6.670	             0.03315	             0.03274	            34.09639	
               6.680	             0.03310	             0.03268	            34.08582	
               6.690	             0.03305	             0.03262	            34.07415	
               6.700	             0.03300	             0.03256	            34.06056	
               6.710	             0.03294	             0.03250	            34.04521	
               6.720	             0.03288	             0.03243	            34.02888	
               6.730	             0.03283	             0.03237	            34.01066	
               6.740	             0.03277	             0.03230	            33.99065	
               6.750	             0.03271	             0.03223	            33.96977	
               6.760	             0.03264	             0.03216	            33.94704	
               6.770	             0.03258	             0.03209	            33.92247	
               6.780	             0.03251	             0.03202	            33.89699	
               6.790	             0.03245	             0.03195	            33.86985	
               6.800	             0.03238	             0.03187	            33.84091	
               6.810	             0.03231	             0.03180	            33.81065	
               6.820	             0.03224	             0.03172	            33.77920	
               6.830	             0.03217	             0.03165	            33.74599	
               6.840	             0.03210	             0.03157	            33.71104	
               6.850	             0.03202	             0.03149	            33.67537	
               6.860	             0.03195	             0.03141	            33.63797	
               6.870	             0.03187	             0.03132	            33.59885	
               6.880	             0.03180	             0.03124	            33.55882	
               6.890	             0.03172	             0.03116	            33.51732	
               6.900	             0.03164	             0.03107	            33.47413	
               6.910	             0.03155	             0.03099	            33.43006	
               6.920	             0.03147	             0.03090	            33.38452	
               6.930	             0.03139	             0.03081	            33.33733	
               6.940	             0.03131	             0.03072	            33.28944	
               6.950	             0.03122	             0.03063	            33.23996	
               6.960	             0.03113	             0.03054	            33.18907	
               6.970	             0.03104	             0.03045	            33.13732	
               6.980	             0.03095	             0.03036	            33.08394	
               6.990	             0.03086	             0.03026	            33.02976	
               7.000	             0.03077	             0.03017	            32.97416	
