0.000000	0.000000
0.010000	-0.556187E-05
0.020000	-0.552146E-05
0.030000	-0.544615E-05
0.040000	-0.536869E-05
0.050000	-0.530111E-05
0.060000	-0.531883E-05
0.070000	-0.527898E-05
0.080000	-0.512305E-05
0.090000	-0.513981E-05
0.100000	-0.547859E-05
0.110000	-0.584220E-05
0.120000	-0.590311E-05
0.130000	-0.541984E-05
0.140000	-0.431650E-05
0.150000	-0.340347E-05
0.160000	-0.369323E-05
0.170000	-0.433946E-05
0.180000	-0.497075E-05
0.190000	-0.659116E-05
0.200000	-0.724596E-05
0.210000	-0.584278E-05
0.220000	-0.429576E-05
0.230000	-0.557120E-05
0.240000	-0.753441E-05
0.250000	-0.806166E-05
0.260000	-0.822191E-05
0.270000	-0.703813E-05
0.280000	-0.540308E-05
0.290000	-0.415696E-05
0.300000	-0.335272E-05
0.310000	-0.635039E-05
0.320000	-0.731409E-05
0.330000	-0.380723E-05
0.340000	-0.523261E-05
0.350000	-0.665959E-05
0.360000	-0.564146E-05
0.370000	-0.672955E-05
0.380000	-0.843452E-05
0.390000	-0.728360E-05
0.400000	-0.447784E-05
0.410000	-0.396331E-05
0.420000	-0.589359E-05
0.430000	-0.527735E-05
0.440000	-0.142513E-04
0.450000	-0.209489E-04
0.460000	-0.132116E-04
0.470000	0.206130E-05
0.480000	0.803294E-05
0.490000	0.481478E-07
0.500000	-0.324996E-05
0.510000	-0.733855E-05
0.520000	-0.125097E-04
0.530000	-0.690261E-06
0.540000	0.130889E-04
0.550000	0.143188E-04
0.560000	0.772472E-05
0.570000	0.304063E-06
0.580000	-0.158187E-04
0.590000	-0.374345E-04
0.600000	-0.438927E-04
0.610000	-0.137317E-04
0.620000	0.233670E-04
0.630000	0.123655E-04
0.640000	-0.176974E-04
0.650000	-0.163010E-04
0.660000	0.144617E-04
0.670000	0.256901E-04
0.680000	0.217454E-04
0.690000	0.237046E-04
0.700000	0.263292E-04
0.710000	0.213263E-04
0.720000	-0.892566E-05
0.730000	-0.306070E-04
0.740000	-0.202232E-04
0.750000	-0.713307E-05
0.760000	-0.292878E-04
0.770000	-0.677559E-04
0.780000	-0.635181E-04
0.790000	-0.328387E-04
0.800000	-0.156395E-04
0.810000	-0.230503E-04
0.820000	-0.171155E-04
0.830000	0.246854E-04
0.840000	0.645302E-04
0.850000	0.511618E-04
0.860000	-0.135455E-04
0.870000	-0.393935E-04
0.880000	-0.283085E-04
0.890000	-0.175222E-04
0.900000	0.990752E-05
0.910000	0.569738E-04
0.920000	0.847744E-04
0.930000	0.366989E-04
0.940000	-0.198802E-04
0.950000	-0.336741E-04
0.960000	0.607815E-05
0.970000	0.365837E-04
0.980000	-0.118268E-04
0.990000	-0.734322E-04
1.000000	-0.614884E-04
1.010000	0.221310E-05
1.020000	0.105209E-04
1.030000	-0.499873E-04
1.040000	-0.546741E-04
1.050000	-0.209778E-04
1.060000	-0.265458E-04
1.070000	-0.140582E-04
1.080000	0.230835E-05
1.090000	0.978050E-05
1.100000	0.128828E-04
1.110000	0.288019E-05
1.120000	0.251578E-04
1.130000	0.707720E-04
1.140000	0.487195E-04
1.150000	-0.816297E-04
1.160000	-0.125192E-03
1.170000	-0.115451E-04
1.180000	0.598636E-04
1.190000	0.195636E-04
1.200000	-0.870719E-06
1.210000	0.241619E-04
1.220000	0.383103E-04
1.230000	0.145989E-04
1.240000	-0.421630E-04
1.250000	-0.682970E-04
1.260000	-0.514605E-04
1.270000	-0.552162E-05
1.280000	0.120068E-04
1.290000	-0.479484E-04
1.300000	-0.799966E-04
1.310000	-0.333675E-04
1.320000	-0.430582E-04
1.330000	-0.453828E-04
1.340000	0.198242E-04
1.350000	0.191298E-04
1.360000	-0.712853E-04
1.370000	-0.121027E-03
1.380000	-0.675652E-04
1.390000	-0.108264E-04
1.400000	-0.264651E-05
1.410000	0.160341E-04
1.420000	0.354088E-04
1.430000	0.429294E-04
1.440000	0.144583E-04
1.450000	-0.660981E-04
1.460000	-0.131468E-03
1.470000	-0.563486E-04
1.480000	0.141208E-03
1.490000	0.260277E-03
1.500000	0.251916E-03
1.510000	0.173020E-03
1.520000	0.518953E-04
1.530000	-0.158592E-04
1.540000	0.302485E-04
1.550000	0.788986E-04
1.560000	0.484238E-04
1.570000	0.210329E-04
1.580000	0.376904E-04
1.590000	0.643787E-04
1.600000	0.100100E-03
1.610000	0.880416E-04
1.620000	-0.181195E-04
1.630000	-0.738637E-04
1.640000	-0.967086E-05
1.650000	0.127952E-04
1.660000	-0.433689E-04
1.670000	-0.130685E-03
1.680000	-0.215886E-03
1.690000	-0.189088E-03
1.700000	-0.311148E-04
1.710000	0.795339E-04
1.720000	0.703026E-04
1.730000	0.329170E-04
1.740000	0.320489E-04
1.750000	0.361767E-04
1.760000	-0.378896E-05
1.770000	-0.419749E-04
1.780000	-0.519435E-04
1.790000	-0.489379E-04
1.800000	-0.730431E-04
1.810000	-0.935227E-04
1.820000	-0.529277E-04
1.830000	0.140575E-04
1.840000	-0.130428E-04
1.850000	-0.740180E-04
1.860000	0.297537E-05
1.870000	0.453723E-04
1.880000	0.870441E-05
1.890000	0.278791E-05
1.900000	-0.448432E-04
1.910000	-0.998695E-04
1.920000	-0.816488E-04
1.930000	-0.199829E-03
1.940000	-0.293177E-03
1.950000	-0.172447E-03
1.960000	0.462542E-04
1.970000	0.102553E-03
1.980000	0.329888E-04
1.990000	-0.174094E-04
2.000000	-0.213324E-04
2.010000	-0.232870E-04
2.020000	-0.800885E-04
2.030000	-0.141674E-03
2.040000	-0.674613E-04
2.050000	0.452262E-04
2.060000	-0.867333E-04
2.070000	-0.234407E-03
2.080000	-0.153233E-03
2.090000	-0.444309E-04
2.100000	-0.490187E-04
2.110000	-0.264381E-04
2.120000	0.265445E-04
2.130000	0.169006E-04
2.140000	-0.820648E-05
2.150000	-0.471422E-04
2.160000	-0.146407E-03
2.170000	-0.165830E-03
2.180000	0.295678E-04
2.190000	0.170650E-03
2.200000	0.152209E-03
2.210000	0.126982E-03
2.220000	0.737059E-04
2.230000	0.187077E-04
2.240000	0.648570E-04
2.250000	0.181000E-03
2.260000	0.205301E-03
2.270000	0.136299E-03
2.280000	0.678583E-04
2.290000	0.512850E-05
2.300000	-0.280205E-05
2.310000	0.905631E-04
2.320000	0.131168E-03
2.330000	0.246927E-04
2.340000	0.909889E-05
2.350000	0.965111E-04
2.360000	0.134370E-03
2.370000	0.315581E-04
2.380000	-0.911820E-04
2.390000	-0.892111E-04
2.400000	0.190863E-04
2.410000	0.961494E-04
2.420000	0.663922E-04
2.430000	0.243847E-04
2.440000	0.228431E-05
2.450000	0.927550E-05
2.460000	-0.174239E-04
2.470000	-0.224976E-04
2.480000	-0.249585E-05
2.490000	-0.272030E-04
2.500000	-0.678155E-04
2.510000	-0.137731E-04
2.520000	0.117698E-03
2.530000	0.952733E-04
2.540000	-0.751313E-04
2.550000	-0.228752E-03
2.560000	-0.187981E-03
2.570000	0.812176E-04
2.580000	0.216605E-03
2.590000	0.941003E-04
2.600000	-0.902777E-05
2.610000	0.117357E-03
2.620000	0.230800E-03
2.630000	0.178831E-03
2.640000	0.777606E-05
2.650000	-0.106075E-03
2.660000	-0.962028E-05
2.670000	0.138767E-03
2.680000	0.111059E-03
2.690000	0.903490E-05
2.700000	0.510734E-04
2.710000	0.111302E-03
2.720000	0.119692E-03
2.730000	0.119581E-03
2.740000	0.163327E-03
2.750000	0.226250E-03
2.760000	0.129093E-03
2.770000	-0.122930E-03
2.780000	-0.210002E-03
2.790000	-0.587181E-04
2.800000	0.907590E-04
2.810000	0.755406E-04
2.820000	0.302852E-05
2.830000	0.826996E-04
2.840000	0.209720E-03
2.850000	0.155293E-03
2.860000	0.225012E-04
2.870000	-0.545645E-04
2.880000	-0.871650E-05
2.890000	0.986062E-04
2.900000	0.120583E-03
2.910000	0.842587E-05
2.920000	-0.113766E-03
2.930000	-0.727816E-04
2.940000	0.852140E-04
2.950000	0.108200E-03
2.960000	0.315745E-04
2.970000	-0.930340E-05
2.980000	-0.197373E-04
2.990000	-0.335579E-04
3.000000	-0.118013E-04
3.010000	0.142391E-04
3.020000	0.617116E-05
3.030000	0.129305E-05
3.040000	-0.334043E-04
3.050000	-0.685009E-04
3.060000	-0.268493E-04
3.070000	0.182616E-04
3.080000	-0.981850E-05
3.090000	-0.448320E-04
3.100000	-0.299786E-04
3.110000	-0.240911E-05
3.120000	-0.196261E-04
3.130000	-0.198413E-06
3.140000	0.101235E-03
3.150000	-0.137219E-04
3.160000	-0.398656E-03
3.170000	-0.427566E-03
3.180000	-0.708828E-04
3.190000	0.117345E-03
3.200000	0.290758E-04
3.210000	-0.649268E-04
3.220000	-0.406792E-04
3.230000	0.842259E-04
3.240000	0.171609E-03
3.250000	0.858212E-04
3.260000	-0.282805E-04
3.270000	0.273062E-04
3.280000	0.719131E-04
3.290000	0.529298E-04
3.300000	0.734611E-05
3.310000	-0.708058E-04
3.320000	-0.719497E-04
3.330000	0.107729E-04
3.340000	0.884914E-04
3.350000	0.113062E-03
3.360000	-0.269095E-04
3.370000	-0.134453E-03
3.380000	-0.103056E-03
3.390000	-0.100053E-03
3.400000	-0.142522E-03
3.410000	-0.853084E-04
3.420000	0.471721E-04
3.430000	0.116872E-03
3.440000	0.152675E-03
3.450000	0.137008E-03
3.460000	0.692727E-04
3.470000	-0.172068E-04
3.480000	0.303842E-04
3.490000	0.111786E-03
3.500000	0.140981E-03
3.510000	0.863587E-04
3.520000	-0.793988E-04
3.530000	-0.104154E-03
3.540000	-0.844940E-04
3.550000	-0.197324E-03
3.560000	-0.259697E-03
3.570000	-0.114568E-03
3.580000	0.790030E-04
3.590000	0.129931E-03
3.600000	0.393128E-04
3.610000	-0.489007E-04
3.620000	-0.242609E-04
3.630000	0.323884E-04
3.640000	0.373274E-04
3.650000	-0.118265E-04
3.660000	-0.854253E-04
3.670000	-0.145637E-03
3.680000	-0.863674E-04
3.690000	0.416852E-04
3.700000	0.182404E-03
3.710000	0.203805E-03
3.720000	0.516544E-04
3.730000	-0.591799E-04
3.740000	-0.517621E-04
3.750000	-0.308581E-04
3.760000	-0.154845E-04
3.770000	-0.152949E-04
3.780000	0.282262E-04
3.790000	0.810444E-04
3.800000	0.925139E-04
3.810000	0.707661E-04
3.820000	0.781696E-04
3.830000	0.660637E-04
3.840000	-0.166482E-04
3.850000	-0.902665E-04
3.860000	-0.102739E-03
3.870000	-0.316229E-04
3.880000	0.630711E-04
3.890000	0.138984E-04
3.900000	-0.120407E-03
3.910000	-0.164888E-03
3.920000	-0.433782E-05
3.930000	0.250743E-03
3.940000	0.302093E-03
3.950000	0.135209E-03
3.960000	-0.159924E-04
3.970000	0.148073E-04
3.980000	0.937983E-04
3.990000	0.249635E-04
4.000000	-0.107572E-03
4.010000	-0.113898E-03
4.020000	-0.532986E-04
4.030000	-0.362210E-04
4.040000	-0.827515E-04
4.050000	-0.872938E-04
4.060000	-0.496780E-04
4.070000	-0.227003E-04
4.080000	0.485590E-04
4.090000	0.774069E-04
4.100000	0.637831E-04
4.110000	0.748859E-04
4.120000	0.842004E-04
4.130000	-0.246696E-04
4.140000	-0.167107E-03
4.150000	-0.101170E-03
4.160000	0.118826E-03
4.170000	0.199653E-03
4.180000	0.325586E-04
4.190000	-0.126209E-03
4.200000	-0.757938E-04
4.210000	0.780533E-04
4.220000	0.569316E-04
4.230000	-0.230984E-04
4.240000	-0.340760E-05
4.250000	-0.305878E-05
4.260000	0.193012E-04
4.270000	0.465896E-04
4.280000	0.682656E-04
4.290000	0.519828E-04
4.300000	0.159962E-04
4.310000	0.453755E-04
4.320000	-0.770859E-04
4.330000	-0.429691E-03
4.340000	-0.476767E-03
4.350000	-0.155663E-03
4.360000	0.113933E-03
4.370000	0.835218E-04
4.380000	-0.931952E-04
4.390000	-0.189670E-03
4.400000	-0.147835E-03
4.410000	-0.750131E-04
4.420000	-0.391435E-04
4.430000	-0.196739E-04
4.440000	-0.356264E-04
4.450000	0.531371E-05
4.460000	0.765503E-04
4.470000	0.120703E-03
4.480000	0.130082E-03
4.490000	0.557359E-04
4.500000	-0.595338E-04
4.510000	-0.140503E-03
4.520000	-0.145374E-03
4.530000	-0.372660E-04
4.540000	0.103531E-03
4.550000	0.151213E-03
4.560000	0.114906E-03
4.570000	0.906098E-04
4.580000	0.500258E-04
4.590000	-0.961668E-04
4.600000	-0.219270E-03
4.610000	-0.147461E-03
4.620000	0.426916E-04
4.630000	0.818546E-04
4.640000	-0.727026E-04
4.650000	-0.153646E-03
4.660000	-0.941932E-04
4.670000	-0.103301E-03
4.680000	-0.173038E-03
4.690000	-0.833148E-04
4.700000	0.146090E-03
4.710000	0.206094E-03
4.720000	0.580830E-04
4.730000	-0.264877E-04
4.740000	0.211277E-04
4.750000	0.411988E-04
4.760000	-0.133848E-03
4.770000	-0.226725E-03
4.780000	-0.858873E-04
4.790000	0.139688E-03
4.800000	0.175535E-03
4.810000	0.365444E-04
4.820000	0.579305E-04
4.830000	0.116625E-03
4.840000	-0.286548E-04
4.850000	-0.294042E-03
4.860000	-0.249397E-03
4.870000	-0.658155E-04
4.880000	-0.548914E-04
4.890000	-0.152019E-03
4.900000	-0.244556E-03
4.910000	-0.177244E-03
4.920000	-0.259078E-04
4.930000	0.489110E-04
4.940000	0.903962E-05
4.950000	0.491930E-04
4.960000	0.111135E-03
4.970000	0.120203E-03
4.980000	0.787981E-04
4.990000	0.104046E-04
5.000000	-0.222591E-04
5.010000	-0.273800E-04
5.020000	-0.571763E-04
5.030000	-0.123370E-03
5.040000	-0.118674E-03
5.050000	-0.280604E-04
5.060000	0.539173E-04
5.070000	0.766356E-04
5.080000	-0.390076E-05
5.090000	-0.839480E-04
5.100000	-0.232046E-04
5.110000	0.440463E-04
5.120000	0.864786E-05
5.130000	-0.566260E-04
5.140000	-0.100232E-03
5.150000	-0.146199E-03
5.160000	-0.191882E-03
5.170000	-0.184624E-03
5.180000	-0.165145E-03
5.190000	-0.138003E-03
5.200000	-0.129685E-03
5.210000	-0.188053E-03
5.220000	-0.294935E-03
5.230000	-0.399146E-03
5.240000	-0.402810E-03
5.250000	-0.256994E-03
5.260000	-0.804348E-04
5.270000	0.865303E-06
5.280000	-0.229941E-04
5.290000	-0.945033E-04
5.300000	-0.217461E-03
5.310000	-0.234492E-03
5.320000	-0.960502E-04
5.330000	-0.977031E-05
5.340000	-0.236088E-04
5.350000	-0.109241E-04
5.360000	0.923848E-04
5.370000	0.147165E-03
5.380000	0.859296E-04
5.390000	0.735063E-04
5.400000	0.174194E-03
5.410000	0.249850E-03
5.420000	0.163384E-03
5.430000	0.877354E-04
5.440000	0.342098E-04
5.450000	-0.135972E-03
5.460000	-0.272417E-03
5.470000	-0.249223E-03
5.480000	-0.209111E-03
5.490000	-0.288668E-03
5.500000	-0.579293E-03
5.510000	-0.636282E-03
5.520000	-0.273006E-03
5.530000	0.864024E-04
5.540000	0.155733E-03
5.550000	-0.509214E-04
5.560000	-0.342015E-03
5.570000	-0.562821E-03
5.580000	-0.543549E-03
5.590000	-0.212502E-03
5.600000	0.318722E-03
5.610000	0.833223E-03
5.620000	0.890188E-03
5.630000	0.390640E-03
5.640000	-0.267758E-03
5.650000	-0.712818E-03
5.660000	-0.846036E-03
5.670000	-0.770159E-03
5.680000	-0.709265E-03
5.690000	-0.803581E-03
5.700000	-0.982994E-03
5.710000	-0.112667E-02
5.720000	-0.119399E-02
5.730000	-0.115227E-02
5.740000	-0.926751E-03
5.750000	-0.522934E-03
5.760000	-0.275322E-03
5.770000	-0.489293E-03
5.780000	-0.117109E-02
5.790000	-0.179960E-02
5.800000	-0.182060E-02
5.810000	-0.135593E-02
5.820000	-0.939754E-03
5.830000	-0.787669E-03
5.840000	-0.712608E-03
5.850000	-0.593143E-03
5.860000	-0.422447E-03
5.870000	-0.962809E-04
5.880000	0.340648E-03
5.890000	0.596810E-03
5.900000	0.562955E-03
5.910000	0.385551E-03
5.920000	0.335560E-03
5.930000	0.686389E-03
5.940000	0.162203E-02
5.950000	0.275498E-02
5.960000	0.333746E-02
5.970000	0.311948E-02
5.980000	0.228055E-02
5.990000	0.993336E-03
6.000000	-0.319267E-03
6.010000	-0.117822E-02
6.020000	-0.153919E-02
6.030000	-0.170821E-02
6.040000	-0.191101E-02
6.050000	-0.198114E-02
6.060000	-0.175406E-02
6.070000	-0.140873E-02
6.080000	-0.100427E-02
6.090000	-0.556178E-03
6.100000	-0.536939E-03
6.110000	-0.139199E-02
6.120000	-0.278020E-02
6.130000	-0.381116E-02
6.140000	-0.379395E-02
6.150000	-0.271851E-02
6.160000	-0.112397E-02
6.170000	0.491720E-03
6.180000	0.154549E-02
6.190000	0.168136E-02
6.200000	0.107932E-02
6.210000	0.246601E-03
6.220000	-0.139637E-03
6.230000	0.178560E-03
6.240000	0.923048E-03
6.250000	0.177527E-02
6.260000	0.273456E-02
6.270000	0.375320E-02
6.280000	0.425725E-02
6.290000	0.401256E-02
6.300000	0.329682E-02
6.310000	0.246346E-02
6.320000	0.159074E-02
6.330000	0.720112E-03
6.340000	0.289423E-03
6.350000	0.845118E-03
6.360000	0.246660E-02
6.370000	0.436102E-02
6.380000	0.564749E-02
6.390000	0.605788E-02
6.400000	0.547808E-02
6.410000	0.397414E-02
6.420000	0.197818E-02
6.430000	0.110162E-03
6.440000	-0.137118E-02
6.450000	-0.255931E-02
6.460000	-0.346116E-02
6.470000	-0.393433E-02
6.480000	-0.383214E-02
6.490000	-0.320827E-02
6.500000	-0.228739E-02
6.510000	-0.132125E-02
6.520000	-0.433096E-03
6.530000	0.424321E-03
6.540000	0.117244E-02
6.550000	0.177742E-02
6.560000	0.236805E-02
6.570000	0.297121E-02
6.580000	0.333696E-02
6.590000	0.338658E-02
6.600000	0.301978E-02
6.610000	0.236164E-02
6.620000	0.194978E-02
6.630000	0.193258E-02
6.640000	0.200956E-02
6.650000	0.203128E-02
6.660000	0.212353E-02
6.670000	0.212851E-02
6.680000	0.182935E-02
6.690000	0.104971E-02
6.700000	-0.304760E-03
6.710000	-0.199710E-02
6.720000	-0.354516E-02
6.730000	-0.455104E-02
6.740000	-0.460578E-02
6.750000	-0.349193E-02
6.760000	-0.186275E-02
6.770000	-0.751895E-03
6.780000	-0.633343E-03
6.790000	-0.132846E-02
6.800000	-0.241361E-02
6.810000	-0.326385E-02
6.820000	-0.362212E-02
6.830000	-0.363488E-02
6.840000	-0.349442E-02
6.850000	-0.336244E-02
6.860000	-0.330928E-02
6.870000	-0.357430E-02
6.880000	-0.427805E-02
6.890000	-0.532490E-02
6.900000	-0.645714E-02
6.910000	-0.698200E-02
6.920000	-0.611147E-02
6.930000	-0.353328E-02
6.940000	0.394072E-03
6.950000	0.474096E-02
6.960000	0.827668E-02
6.970000	0.973491E-02
6.980000	0.852248E-02
6.990000	0.506741E-02
7.000000	0.719868E-03
7.010000	-0.295017E-02
7.020000	-0.499427E-02
7.030000	-0.511530E-02
7.040000	-0.355513E-02
7.050000	-0.104686E-02
7.060000	0.155167E-02
7.070000	0.370704E-02
7.080000	0.530761E-02
7.090000	0.646350E-02
7.100000	0.714690E-02
7.110000	0.720705E-02
7.120000	0.654753E-02
7.130000	0.518307E-02
7.140000	0.337690E-02
7.150000	0.120787E-02
7.160000	-0.102083E-02
7.170000	-0.251019E-02
7.180000	-0.288108E-02
7.190000	-0.264636E-02
7.200000	-0.237546E-02
7.210000	-0.253048E-02
7.220000	-0.347092E-02
7.230000	-0.509110E-02
7.240000	-0.695733E-02
7.250000	-0.862866E-02
7.260000	-0.952708E-02
7.270000	-0.909896E-02
7.280000	-0.738638E-02
7.290000	-0.523514E-02
7.300000	-0.357253E-02
7.310000	-0.280033E-02
7.320000	-0.298624E-02
7.330000	-0.369010E-02
7.340000	-0.372992E-02
7.350000	-0.195871E-02
7.360000	0.194820E-02
7.370000	0.728931E-02
7.380000	0.127810E-01
7.390000	0.171030E-01
7.400000	0.194028E-01
7.410000	0.194707E-01
7.420000	0.176392E-01
7.430000	0.149126E-01
7.440000	0.122299E-01
7.450000	0.988583E-02
7.460000	0.793372E-02
7.470000	0.655332E-02
7.480000	0.575540E-02
7.490000	0.566552E-02
7.500000	0.665385E-02
7.510000	0.889218E-02
7.520000	0.114551E-01
7.530000	0.126099E-01
7.540000	0.111590E-01
7.550000	0.718959E-02
7.560000	0.176129E-02
7.570000	-0.366927E-02
7.580000	-0.769564E-02
7.590000	-0.926248E-02
7.600000	-0.828053E-02
7.610000	-0.557038E-02
7.620000	-0.280370E-02
7.630000	-0.145034E-02
7.640000	-0.196783E-02
7.650000	-0.407457E-02
7.660000	-0.683553E-02
7.670000	-0.915096E-02
7.680000	-0.101476E-01
7.690000	-0.931327E-02
7.700000	-0.661282E-02
7.710000	-0.278002E-02
7.720000	0.930126E-03
7.730000	0.378611E-02
7.740000	0.529609E-02
7.750000	0.515591E-02
7.760000	0.383509E-02
7.770000	0.226368E-02
7.780000	0.966389E-03
7.790000	0.755844E-04
7.800000	-0.117887E-03
7.810000	0.803000E-03
7.820000	0.270877E-02
7.830000	0.493112E-02
7.840000	0.647768E-02
7.850000	0.663019E-02
7.860000	0.550934E-02
7.870000	0.341158E-02
7.880000	0.238762E-03
7.890000	-0.403785E-02
7.900000	-0.854531E-02
7.910000	-0.116190E-01
7.920000	-0.120308E-01
7.930000	-0.970662E-02
7.940000	-0.521630E-02
7.950000	0.432839E-03
7.960000	0.562318E-02
7.970000	0.851335E-02
7.980000	0.792308E-02
7.990000	0.420582E-02
8.000000	-0.117393E-02
8.010000	-0.681788E-02
8.020000	-0.116129E-01
8.030000	-0.143524E-01
8.040000	-0.136912E-01
8.050000	-0.936769E-02
8.060000	-0.265741E-02
8.070000	0.434642E-02
8.080000	0.928824E-02
8.090000	0.102393E-01
8.100000	0.654639E-02
8.110000	-0.813623E-03
8.120000	-0.949067E-02
8.130000	-0.164221E-01
8.140000	-0.192375E-01
8.150000	-0.174469E-01
8.160000	-0.123194E-01
8.170000	-0.590450E-02
8.180000	-0.281292E-03
8.190000	0.272819E-02
8.200000	0.210656E-02
8.210000	-0.158117E-02
8.220000	-0.647121E-02
8.230000	-0.104222E-01
8.240000	-0.115664E-01
8.250000	-0.950452E-02
8.260000	-0.547863E-02
8.270000	-0.139298E-02
8.280000	0.142058E-02
8.290000	0.299412E-02
8.300000	0.387438E-02
8.310000	0.432133E-02
8.320000	0.423569E-02
8.330000	0.333880E-02
8.340000	0.177231E-02
8.350000	-0.927925E-04
8.360000	-0.175914E-02
8.370000	-0.252915E-02
8.380000	-0.171192E-02
8.390000	0.760146E-03
8.400000	0.413710E-02
8.410000	0.709315E-02
8.420000	0.823416E-02
8.430000	0.694793E-02
8.440000	0.337010E-02
8.450000	-0.147118E-02
8.460000	-0.629317E-02
8.470000	-0.100388E-01
8.480000	-0.123451E-01
8.490000	-0.130829E-01
8.500000	-0.117973E-01
8.510000	-0.830564E-02
8.520000	-0.337069E-02
8.530000	0.144789E-02
8.540000	0.413562E-02
8.550000	0.316795E-02
8.560000	-0.136364E-02
8.570000	-0.768988E-02
8.580000	-0.133166E-01
8.590000	-0.159673E-01
8.600000	-0.144110E-01
8.610000	-0.904672E-02
8.620000	-0.171731E-02
8.630000	0.533453E-02
8.640000	0.107161E-01
8.650000	0.136827E-01
8.660000	0.142533E-01
8.670000	0.130988E-01
8.680000	0.110440E-01
8.690000	0.871759E-02
8.700000	0.629652E-02
8.710000	0.363614E-02
8.720000	0.585727E-03
8.730000	-0.244960E-02
8.740000	-0.465044E-02
8.750000	-0.532543E-02
8.760000	-0.389942E-02
8.770000	-0.337387E-03
8.780000	0.446192E-02
8.790000	0.936965E-02
8.800000	0.135712E-01
8.810000	0.164385E-01
8.820000	0.173096E-01
8.830000	0.155645E-01
8.840000	0.113347E-01
8.850000	0.575587E-02
8.860000	0.465186E-03
8.870000	-0.323466E-02
8.880000	-0.511793E-02
8.890000	-0.552305E-02
8.900000	-0.511473E-02
8.910000	-0.477673E-02
8.920000	-0.502709E-02
8.930000	-0.573515E-02
8.940000	-0.612655E-02
8.950000	-0.532542E-02
8.960000	-0.331760E-02
8.970000	-0.887073E-03
8.980000	0.967074E-03
8.990000	0.145463E-02
9.000000	0.304827E-03
9.010000	-0.214398E-02
9.020000	-0.523427E-02
9.030000	-0.837394E-02
9.040000	-0.113678E-01
9.050000	-0.140847E-01
9.060000	-0.156194E-01
9.070000	-0.143322E-01
9.080000	-0.932685E-02
9.090000	-0.135284E-02
9.100000	0.736104E-02
9.110000	0.137503E-01
9.120000	0.155901E-01
9.130000	0.126147E-01
9.140000	0.642004E-02
9.150000	-0.440393E-03
9.160000	-0.521644E-02
9.170000	-0.668719E-02
9.180000	-0.549163E-02
9.190000	-0.275826E-02
9.200000	0.108156E-02
9.210000	0.578313E-02
9.220000	0.105412E-01
9.230000	0.140986E-01
9.240000	0.153556E-01
9.250000	0.136722E-01
9.260000	0.931803E-02
9.270000	0.361205E-02
9.280000	-0.147671E-02
9.290000	-0.395630E-02
9.300000	-0.278875E-02
9.310000	0.143566E-02
9.320000	0.638018E-02
9.330000	0.918005E-02
9.340000	0.796758E-02
9.350000	0.266254E-02
9.360000	-0.504577E-02
9.370000	-0.125527E-01
9.380000	-0.174697E-01
9.390000	-0.182209E-01
9.400000	-0.143545E-01
9.410000	-0.689953E-02
9.420000	0.188308E-02
9.430000	0.928863E-02
9.440000	0.131079E-01
9.450000	0.121084E-01
9.460000	0.632126E-02
9.470000	-0.264467E-02
9.480000	-0.124196E-01
9.490000	-0.199344E-01
9.500000	-0.224989E-01
9.510000	-0.192216E-01
9.520000	-0.110349E-01
9.530000	0.112605E-04
9.540000	0.116801E-01
9.550000	0.216752E-01
9.560000	0.282317E-01
9.570000	0.305309E-01
9.580000	0.286076E-01
9.590000	0.236053E-01
9.600000	0.172914E-01
9.610000	0.111574E-01
9.620000	0.659339E-02
9.630000	0.502243E-02
9.640000	0.661214E-02
9.650000	0.971075E-02
9.660000	0.119100E-01
9.670000	0.112245E-01
9.680000	0.716591E-02
9.690000	0.929092E-03
9.700000	-0.547150E-02
9.710000	-0.103856E-01
9.720000	-0.132608E-01
9.730000	-0.145856E-01
9.740000	-0.151801E-01
9.750000	-0.151944E-01
9.760000	-0.140849E-01
9.770000	-0.116293E-01
9.780000	-0.812107E-02
9.790000	-0.407998E-02
9.800000	-0.222958E-03
9.810000	0.271606E-02
9.820000	0.412715E-02
9.830000	0.346479E-02
9.840000	0.898454E-03
9.850000	-0.202100E-02
9.860000	-0.330461E-02
9.870000	-0.228628E-02
9.880000	0.264083E-03
9.890000	0.316205E-02
9.900000	0.556435E-02
9.910000	0.725272E-02
9.920000	0.824268E-02
9.930000	0.859891E-02
9.940000	0.857713E-02
9.950000	0.797131E-02
9.960000	0.592994E-02
9.970000	0.190323E-02
9.980000	-0.349071E-02
9.990000	-0.917609E-02
10.000000	-0.144028E-01
10.010000	-0.188019E-01
10.020000	-0.220589E-01
10.030000	-0.236236E-01
10.040000	-0.227270E-01
10.050000	-0.184151E-01
10.060000	-0.104767E-01
10.070000	-0.509329E-03
10.080000	0.853316E-02
10.090000	0.136961E-01
10.100000	0.138667E-01
10.110000	0.103292E-01
10.120000	0.598714E-02
10.130000	0.390987E-02
10.140000	0.541606E-02
10.150000	0.946911E-02
10.160000	0.135207E-01
10.170000	0.149800E-01
10.180000	0.128861E-01
10.190000	0.860114E-02
10.200000	0.413090E-02
10.210000	0.621909E-03
10.220000	-0.182829E-02
10.230000	-0.354409E-02
10.240000	-0.447603E-02
10.250000	-0.450701E-02
10.260000	-0.399106E-02
10.270000	-0.312808E-02
10.280000	-0.155355E-02
10.290000	0.645142E-03
10.300000	0.239337E-02
10.310000	0.260459E-02
10.320000	0.982804E-03
10.330000	-0.179235E-02
10.340000	-0.448875E-02
10.350000	-0.590342E-02
10.360000	-0.534069E-02
10.370000	-0.307476E-02
10.380000	-0.253850E-03
10.390000	0.217351E-02
10.400000	0.390498E-02
10.410000	0.547039E-02
10.420000	0.750728E-02
10.430000	0.989261E-02
10.440000	0.117274E-01
10.450000	0.118977E-01
10.460000	0.969176E-02
10.470000	0.537519E-02
10.480000	0.365047E-03
10.490000	-0.335653E-02
10.500000	-0.398324E-02
10.510000	-0.954314E-03
10.520000	0.451217E-02
10.530000	0.100211E-01
10.540000	0.130713E-01
10.550000	0.120673E-01
10.560000	0.671549E-02
10.570000	-0.253258E-02
10.580000	-0.145561E-01
10.590000	-0.270667E-01
10.600000	-0.373132E-01
10.610000	-0.431364E-01
10.620000	-0.435137E-01
10.630000	-0.385567E-01
10.640000	-0.294358E-01
10.650000	-0.179603E-01
10.660000	-0.615459E-02
10.670000	0.354846E-02
10.680000	0.850562E-02
10.690000	0.726730E-02
10.700000	0.602360E-03
10.710000	-0.863002E-02
10.720000	-0.164424E-01
10.730000	-0.192282E-01
10.740000	-0.152583E-01
10.750000	-0.542923E-02
10.760000	0.691353E-02
10.770000	0.173653E-01
10.780000	0.229198E-01
10.790000	0.233978E-01
10.800000	0.208437E-01
10.810000	0.178223E-01
10.820000	0.160368E-01
10.830000	0.160121E-01
10.840000	0.176067E-01
10.850000	0.203008E-01
10.860000	0.235209E-01
10.870000	0.268719E-01
10.880000	0.300853E-01
10.890000	0.328771E-01
10.900000	0.344336E-01
10.910000	0.337322E-01
10.920000	0.298494E-01
10.930000	0.221700E-01
10.940000	0.111660E-01
10.950000	-0.148846E-02
10.960000	-0.126534E-01
10.970000	-0.183841E-01
10.980000	-0.166196E-01
10.990000	-0.837540E-02
11.000000	0.311919E-02
11.010000	0.139249E-01
11.020000	0.208664E-01
11.030000	0.225419E-01
11.040000	0.198520E-01
11.050000	0.152320E-01
11.060000	0.109512E-01
11.070000	0.818635E-02
11.080000	0.679701E-02
11.090000	0.601272E-02
11.100000	0.537454E-02
11.110000	0.501531E-02
11.120000	0.546635E-02
11.130000	0.746858E-02
11.140000	0.113839E-01
11.150000	0.168635E-01
11.160000	0.229378E-01
11.170000	0.283732E-01
11.180000	0.319130E-01
11.190000	0.324521E-01
11.200000	0.300611E-01
11.210000	0.262444E-01
11.220000	0.229875E-01
11.230000	0.221125E-01
11.240000	0.239827E-01
11.250000	0.276887E-01
11.260000	0.318277E-01
11.270000	0.347807E-01
11.280000	0.355458E-01
11.290000	0.337995E-01
11.300000	0.296064E-01
11.310000	0.228257E-01
11.320000	0.130540E-01
11.330000	-0.593542E-04
11.340000	-0.160228E-01
11.350000	-0.333509E-01
11.360000	-0.503116E-01
11.370000	-0.650300E-01
11.380000	-0.759223E-01
11.390000	-0.824166E-01
11.400000	-0.850554E-01
11.410000	-0.849877E-01
11.420000	-0.836604E-01
11.430000	-0.823148E-01
11.440000	-0.816506E-01
11.450000	-0.819358E-01
11.460000	-0.827137E-01
11.470000	-0.827668E-01
11.480000	-0.804856E-01
11.490000	-0.744886E-01
11.500000	-0.642835E-01
11.510000	-0.507565E-01
11.520000	-0.359135E-01
11.530000	-0.219369E-01
11.540000	-0.104657E-01
11.550000	-0.212413E-02
11.560000	0.362919E-02
11.570000	0.823229E-02
11.580000	0.131518E-01
11.590000	0.193251E-01
11.600000	0.271032E-01
11.610000	0.364705E-01
11.620000	0.471377E-01
11.630000	0.585603E-01
11.640000	0.698484E-01
11.650000	0.793880E-01
11.660000	0.854053E-01
11.670000	0.867012E-01
11.680000	0.829399E-01
11.690000	0.749885E-01
11.700000	0.647799E-01
11.710000	0.546770E-01
11.720000	0.466794E-01
11.730000	0.420648E-01
11.740000	0.408275E-01
11.750000	0.420402E-01
11.760000	0.443585E-01
11.770000	0.458434E-01
11.780000	0.450708E-01
11.790000	0.415968E-01
11.800000	0.360183E-01
11.810000	0.297265E-01
11.820000	0.240216E-01
11.830000	0.198391E-01
11.840000	0.177966E-01
11.850000	0.177750E-01
11.860000	0.188716E-01
11.870000	0.198787E-01
11.880000	0.198276E-01
11.890000	0.177676E-01
11.900000	0.127311E-01
11.910000	0.427241E-02
11.920000	-0.722708E-02
11.930000	-0.202370E-01
11.940000	-0.327101E-01
11.950000	-0.426455E-01
11.960000	-0.486263E-01
11.970000	-0.506598E-01
11.980000	-0.501059E-01
11.990000	-0.490490E-01
12.000000	-0.496627E-01
12.010000	-0.535104E-01
12.020000	-0.610512E-01
12.030000	-0.717592E-01
12.040000	-0.843504E-01
12.050000	-0.972703E-01
12.060000	-0.109025E+00
12.070000	-0.118206E+00
12.080000	-0.123291E+00
12.090000	-0.123476E+00
12.100000	-0.119317E+00
12.110000	-0.112793E+00
12.120000	-0.106970E+00
12.130000	-0.104842E+00
12.140000	-0.107836E+00
12.150000	-0.115362E+00
12.160000	-0.125057E+00
12.170000	-0.133180E+00
12.180000	-0.135373E+00
12.190000	-0.128599E+00
12.200000	-0.112627E+00
12.210000	-0.901019E-01
12.220000	-0.662107E-01
12.230000	-0.472605E-01
12.240000	-0.383156E-01
12.250000	-0.417729E-01
12.260000	-0.564817E-01
12.270000	-0.779947E-01
12.280000	-0.997579E-01
12.290000	-0.115516E+00
12.300000	-0.121866E+00
12.310000	-0.119013E+00
12.320000	-0.109529E+00
12.330000	-0.965069E-01
12.340000	-0.827230E-01
12.350000	-0.695801E-01
12.360000	-0.564347E-01
12.370000	-0.419218E-01
12.380000	-0.255957E-01
12.390000	-0.820542E-02
12.400000	0.850043E-02
12.410000	0.224360E-01
12.420000	0.322326E-01
12.430000	0.382142E-01
12.440000	0.424159E-01
12.450000	0.476739E-01
12.460000	0.567597E-01
12.470000	0.712976E-01
12.480000	0.907349E-01
12.490000	0.112889E+00
12.500000	0.134529E+00
12.510000	0.152044E+00
12.520000	0.162642E+00
12.530000	0.165664E+00
12.540000	0.162688E+00
12.550000	0.156623E+00
12.560000	0.150715E+00
12.570000	0.147704E+00
12.580000	0.148872E+00
12.590000	0.154317E+00
12.600000	0.162983E+00
12.610000	0.172140E+00
12.620000	0.177933E+00
12.630000	0.177012E+00
12.640000	0.168211E+00
12.650000	0.152327E+00
12.660000	0.130887E+00
12.670000	0.105045E+00
12.680000	0.758053E-01
12.690000	0.448690E-01
12.700000	0.149539E-01
12.710000	-0.104918E-01
12.720000	-0.278148E-01
12.730000	-0.338639E-01
12.740000	-0.278206E-01
12.750000	-0.124571E-01
12.760000	0.622601E-02
12.770000	0.207009E-01
12.780000	0.239687E-01
12.790000	0.120239E-01
12.800000	-0.147980E-01
12.810000	-0.522477E-01
12.820000	-0.936912E-01
12.830000	-0.132173E+00
12.840000	-0.161980E+00
12.850000	-0.179545E+00
12.860000	-0.183941E+00
12.870000	-0.176780E+00
12.880000	-0.161058E+00
12.890000	-0.139732E+00
12.900000	-0.115845E+00
12.910000	-0.924615E-01
12.920000	-0.715708E-01
12.930000	-0.538725E-01
12.940000	-0.393552E-01
12.950000	-0.281552E-01
12.960000	-0.203343E-01
12.970000	-0.156201E-01
12.980000	-0.130005E-01
12.990000	-0.105568E-01
13.000000	-0.549219E-02
13.010000	0.499402E-02
13.020000	0.227002E-01
13.030000	0.475775E-01
13.040000	0.771642E-01
13.050000	0.107017E+00
13.060000	0.132189E+00
13.070000	0.148873E+00
13.080000	0.155678E+00
13.090000	0.153799E+00
13.100000	0.146000E+00
13.110000	0.135795E+00
13.120000	0.126407E+00
13.130000	0.119379E+00
13.140000	0.114606E+00
13.150000	0.111043E+00
13.160000	0.107077E+00
13.170000	0.101171E+00
13.180000	0.930471E-01
13.190000	0.839276E-01
13.200000	0.756210E-01
13.210000	0.705403E-01
13.220000	0.705365E-01
13.230000	0.757587E-01
13.240000	0.847771E-01
13.250000	0.951659E-01
13.260000	0.104339E+00
13.270000	0.110420E+00
13.280000	0.112009E+00
13.290000	0.107408E+00
13.300000	0.941393E-01
13.310000	0.700626E-01
13.320000	0.352317E-01
13.330000	-0.737622E-02
13.340000	-0.532126E-01
13.350000	-0.975981E-01
13.360000	-0.136288E+00
13.370000	-0.165773E+00
13.380000	-0.183744E+00
13.390000	-0.189465E+00
13.400000	-0.183500E+00
13.410000	-0.167084E+00
13.420000	-0.142228E+00
13.430000	-0.111925E+00
13.440000	-0.794418E-01
13.450000	-0.481226E-01
13.460000	-0.220209E-01
13.470000	-0.500965E-02
13.480000	0.109353E-02
13.490000	-0.257111E-02
13.500000	-0.116829E-01
13.510000	-0.202620E-01
13.520000	-0.229711E-01
13.530000	-0.170365E-01
13.540000	-0.284672E-02
13.550000	0.163620E-01
13.560000	0.356518E-01
13.570000	0.500004E-01
13.580000	0.562096E-01
13.590000	0.538089E-01
13.600000	0.447320E-01
13.610000	0.321005E-01
13.620000	0.189313E-01
13.630000	0.775584E-02
13.640000	-0.126941E-03
13.650000	-0.499701E-02
13.660000	-0.802016E-02
13.670000	-0.100267E-01
13.680000	-0.109604E-01
13.690000	-0.102387E-01
13.700000	-0.739260E-02
13.710000	-0.210220E-02
13.720000	0.598834E-02
13.730000	0.168943E-01
13.740000	0.298676E-01
13.750000	0.432455E-01
13.760000	0.542767E-01
13.770000	0.597910E-01
13.780000	0.577331E-01
13.790000	0.485916E-01
13.800000	0.353527E-01
13.810000	0.218653E-01
13.820000	0.112690E-01
13.830000	0.586149E-02
13.840000	0.701876E-02
13.850000	0.146104E-01
13.860000	0.277016E-01
13.870000	0.446867E-01
13.880000	0.632236E-01
13.890000	0.810341E-01
13.900000	0.964366E-01
13.910000	0.108089E+00
13.920000	0.114971E+00
13.930000	0.115928E+00
13.940000	0.109157E+00
13.950000	0.930469E-01
13.960000	0.677707E-01
13.970000	0.361373E-01
13.980000	0.327099E-02
13.990000	-0.244587E-01
14.000000	-0.412033E-01
14.010000	-0.434402E-01
14.020000	-0.312632E-01
14.030000	-0.874104E-02
14.040000	0.170788E-01
14.050000	0.382264E-01
14.060000	0.482740E-01
14.070000	0.439658E-01
14.080000	0.253506E-01
14.090000	-0.427268E-02
14.100000	-0.391624E-01
14.110000	-0.733852E-01
14.120000	-0.102238E+00
14.130000	-0.122289E+00
14.140000	-0.130658E+00
14.150000	-0.124827E+00
14.160000	-0.103622E+00
14.170000	-0.687928E-01
14.180000	-0.253479E-01
14.190000	0.198331E-01
14.200000	0.591979E-01
14.210000	0.858914E-01
14.220000	0.952699E-01
14.230000	0.863793E-01
14.240000	0.627726E-01
14.250000	0.315942E-01
14.260000	0.198655E-02
14.270000	-0.179722E-01
14.280000	-0.237088E-01
14.290000	-0.147638E-01
14.300000	0.542748E-02
14.310000	0.305240E-01
14.320000	0.533105E-01
14.330000	0.680195E-01
14.340000	0.715965E-01
14.350000	0.638236E-01
14.360000	0.468020E-01
14.370000	0.240697E-01
14.380000	-0.640935E-03
14.390000	-0.243859E-01
14.400000	-0.451458E-01
14.410000	-0.614643E-01
14.420000	-0.723334E-01
14.430000	-0.770812E-01
14.440000	-0.753478E-01
14.450000	-0.672406E-01
14.460000	-0.536127E-01
14.470000	-0.361760E-01
14.480000	-0.176892E-01
14.490000	-0.127401E-02
14.500000	0.106200E-01
14.510000	0.164076E-01
14.520000	0.154571E-01
14.530000	0.849367E-02
14.540000	-0.248674E-02
14.550000	-0.147642E-01
14.560000	-0.257029E-01
14.570000	-0.331915E-01
14.580000	-0.359690E-01
14.590000	-0.339412E-01
14.600000	-0.282698E-01
14.610000	-0.213327E-01
14.620000	-0.157647E-01
14.630000	-0.141590E-01
14.640000	-0.188242E-01
14.650000	-0.306371E-01
14.660000	-0.485122E-01
14.670000	-0.703960E-01
14.680000	-0.939878E-01
14.690000	-0.116620E+00
14.700000	-0.136071E+00
14.710000	-0.151208E+00
14.720000	-0.161892E+00
14.730000	-0.168990E+00
14.740000	-0.174154E+00
14.750000	-0.179069E+00
14.760000	-0.184711E+00
14.770000	-0.191158E+00
14.780000	-0.197938E+00
14.790000	-0.204329E+00
14.800000	-0.209156E+00
14.810000	-0.210981E+00
14.820000	-0.208395E+00
14.830000	-0.200229E+00
14.840000	-0.186152E+00
14.850000	-0.167035E+00
14.860000	-0.145247E+00
14.870000	-0.124207E+00
14.880000	-0.107225E+00
14.890000	-0.968624E-01
14.900000	-0.944874E-01
14.910000	-0.996172E-01
14.920000	-0.109745E+00
14.930000	-0.121273E+00
14.940000	-0.130585E+00
14.950000	-0.134173E+00
14.960000	-0.129080E+00
14.970000	-0.113963E+00
14.980000	-0.892590E-01
14.990000	-0.569746E-01
15.000000	-0.205186E-01
15.010000	0.162396E-01
15.020000	0.501569E-01
15.030000	0.793334E-01
15.040000	0.102935E+00
15.050000	0.121149E+00
15.060000	0.135130E+00
15.070000	0.146387E+00
15.080000	0.156362E+00
15.090000	0.166460E+00
15.100000	0.177504E+00
15.110000	0.189467E+00
15.120000	0.201936E+00
15.130000	0.214239E+00
15.140000	0.225488E+00
15.150000	0.234783E+00
15.160000	0.241042E+00
15.170000	0.243233E+00
15.180000	0.241217E+00
15.190000	0.235604E+00
15.200000	0.227531E+00
15.210000	0.218728E+00
15.220000	0.211030E+00
15.230000	0.204719E+00
15.240000	0.197660E+00
15.250000	0.186548E+00
15.260000	0.168603E+00
15.270000	0.143033E+00
15.280000	0.112097E+00
15.290000	0.803354E-01
15.300000	0.525262E-01
15.310000	0.317272E-01
15.320000	0.184499E-01
15.330000	0.109585E-01
15.340000	0.604707E-02
15.350000	0.305128E-03
15.360000	-0.865960E-02
15.370000	-0.216585E-01
15.380000	-0.378655E-01
15.390000	-0.552881E-01
15.400000	-0.714752E-01
15.410000	-0.840869E-01
15.420000	-0.915886E-01
15.430000	-0.935626E-01
15.440000	-0.907806E-01
15.450000	-0.849090E-01
15.460000	-0.781377E-01
15.470000	-0.721912E-01
15.480000	-0.676513E-01
15.490000	-0.644651E-01
15.500000	-0.623981E-01
15.510000	-0.609397E-01
15.520000	-0.596968E-01
15.530000	-0.588703E-01
15.540000	-0.585007E-01
15.550000	-0.586050E-01
15.560000	-0.592810E-01
15.570000	-0.604649E-01
15.580000	-0.617029E-01
15.590000	-0.624811E-01
15.600000	-0.620651E-01
15.610000	-0.592158E-01
15.620000	-0.529854E-01
15.630000	-0.437184E-01
15.640000	-0.329693E-01
15.650000	-0.227352E-01
15.660000	-0.148586E-01
15.670000	-0.108983E-01
15.680000	-0.114107E-01
15.690000	-0.155285E-01
15.700000	-0.215627E-01
15.710000	-0.275618E-01
15.720000	-0.316614E-01
15.730000	-0.321474E-01
15.740000	-0.278052E-01
15.750000	-0.185648E-01
15.760000	-0.568883E-02
15.770000	0.900180E-02
15.780000	0.238578E-01
15.790000	0.375935E-01
15.800000	0.498002E-01
15.810000	0.606679E-01
15.820000	0.707203E-01
15.830000	0.807865E-01
15.840000	0.911788E-01
15.850000	0.101248E+00
15.860000	0.109452E+00
15.870000	0.113864E+00
15.880000	0.112737E+00
15.890000	0.104992E+00
15.900000	0.909544E-01
15.910000	0.726545E-01
15.920000	0.530031E-01
15.930000	0.344777E-01
15.940000	0.188767E-01
15.950000	0.724749E-02
15.960000	-0.467943E-03
15.970000	-0.560103E-02
15.980000	-0.997721E-02
15.990000	-0.153000E-01
16.000000	-0.224107E-01
16.010000	-0.309093E-01
16.020000	-0.393378E-01
16.030000	-0.457696E-01
16.040000	-0.485853E-01
16.050000	-0.470033E-01
16.060000	-0.417035E-01
16.070000	-0.347171E-01
16.080000	-0.286320E-01
16.090000	-0.255336E-01
16.100000	-0.265625E-01
16.110000	-0.315708E-01
16.120000	-0.391443E-01
16.130000	-0.465621E-01
16.140000	-0.508471E-01
16.150000	-0.501533E-01
16.160000	-0.440464E-01
16.170000	-0.329231E-01
16.180000	-0.179608E-01
16.190000	-0.676341E-03
16.200000	0.170121E-01
16.210000	0.332175E-01
16.220000	0.463029E-01
16.230000	0.545102E-01
16.240000	0.568808E-01
16.250000	0.536930E-01
16.260000	0.464298E-01
16.270000	0.376991E-01
16.280000	0.301081E-01
16.290000	0.248774E-01
16.300000	0.213818E-01
16.310000	0.180332E-01
16.320000	0.133031E-01
16.330000	0.611453E-02
16.340000	-0.343032E-02
16.350000	-0.138914E-01
16.360000	-0.233707E-01
16.370000	-0.302643E-01
16.380000	-0.335891E-01
16.390000	-0.335601E-01
16.400000	-0.314340E-01
16.410000	-0.283312E-01
16.420000	-0.242615E-01
16.430000	-0.186597E-01
16.440000	-0.108956E-01
16.450000	-0.724230E-03
16.460000	0.113480E-01
16.470000	0.244572E-01
16.480000	0.373260E-01
16.490000	0.483109E-01
16.500000	0.560615E-01
16.510000	0.601439E-01
16.520000	0.610259E-01
16.530000	0.597157E-01
16.540000	0.579436E-01
16.550000	0.577532E-01
16.560000	0.604872E-01
16.570000	0.665653E-01
16.580000	0.754462E-01
16.590000	0.858779E-01
16.600000	0.963812E-01
16.610000	0.105356E+00
16.620000	0.111702E+00
16.630000	0.114804E+00
16.640000	0.114445E+00
16.650000	0.110690E+00
16.660000	0.103539E+00
16.670000	0.927657E-01
16.680000	0.782903E-01
16.690000	0.604129E-01
16.700000	0.403827E-01
16.710000	0.207007E-01
16.720000	0.452120E-02
16.730000	-0.527241E-02
16.740000	-0.749001E-02
16.750000	-0.381985E-02
16.760000	0.176957E-02
16.770000	0.470222E-02
16.780000	0.981782E-03
16.790000	-0.115292E-01
16.800000	-0.322669E-01
16.810000	-0.583120E-01
16.820000	-0.852239E-01
16.830000	-0.108236E+00
16.840000	-0.123504E+00
16.850000	-0.129216E+00
16.860000	-0.126250E+00
16.870000	-0.117691E+00
16.880000	-0.107443E+00
16.890000	-0.990467E-01
16.900000	-0.945977E-01
16.910000	-0.943453E-01
16.920000	-0.970681E-01
16.930000	-0.100439E+00
16.940000	-0.101755E+00
16.950000	-0.991364E-01
16.960000	-0.919447E-01
16.970000	-0.810320E-01
16.980000	-0.685085E-01
16.990000	-0.567815E-01
17.000000	-0.482555E-01
17.010000	-0.447050E-01
17.020000	-0.461239E-01
17.030000	-0.511568E-01
17.040000	-0.577533E-01
17.050000	-0.635693E-01
17.060000	-0.662525E-01
17.070000	-0.642506E-01
17.080000	-0.572355E-01
17.090000	-0.460928E-01
17.100000	-0.322739E-01
17.110000	-0.176625E-01
17.120000	-0.443211E-02
17.130000	0.580668E-02
17.140000	0.123491E-01
17.150000	0.151490E-01
17.160000	0.145725E-01
17.170000	0.111788E-01
17.180000	0.577333E-02
17.190000	-0.820274E-03
17.200000	-0.796294E-02
17.210000	-0.149411E-01
17.220000	-0.209416E-01
17.230000	-0.252212E-01
17.240000	-0.272080E-01
17.250000	-0.265747E-01
17.260000	-0.237841E-01
17.270000	-0.198625E-01
17.280000	-0.159637E-01
17.290000	-0.130652E-01
17.300000	-0.117891E-01
17.310000	-0.121859E-01
17.320000	-0.132249E-01
17.330000	-0.138321E-01
17.340000	-0.135986E-01
17.350000	-0.121337E-01
17.360000	-0.916731E-02
17.370000	-0.518696E-02
17.380000	-0.158183E-02
17.390000	0.565135E-04
17.400000	-0.947903E-03
17.410000	-0.413201E-02
17.420000	-0.799920E-02
17.430000	-0.102789E-01
17.440000	-0.877529E-02
17.450000	-0.232094E-02
17.460000	0.893027E-02
17.470000	0.235700E-01
17.480000	0.393123E-01
17.490000	0.532608E-01
17.500000	0.629028E-01
17.510000	0.667659E-01
17.520000	0.644969E-01
17.530000	0.570948E-01
17.540000	0.467540E-01
17.550000	0.361455E-01
17.560000	0.278926E-01
17.570000	0.242381E-01
17.580000	0.264239E-01
17.590000	0.341997E-01
17.600000	0.457695E-01
17.610000	0.583678E-01
17.620000	0.691396E-01
17.630000	0.762424E-01
17.640000	0.790316E-01
17.650000	0.778936E-01
17.660000	0.743100E-01
17.670000	0.702951E-01
17.680000	0.672640E-01
17.690000	0.657178E-01
17.700000	0.657144E-01
17.710000	0.669412E-01
17.720000	0.690931E-01
17.730000	0.719597E-01
17.740000	0.753353E-01
17.750000	0.789710E-01
17.760000	0.824733E-01
17.770000	0.848697E-01
17.780000	0.846547E-01
17.790000	0.799932E-01
17.800000	0.695011E-01
17.810000	0.529841E-01
17.820000	0.314498E-01
17.830000	0.735475E-02
17.840000	-0.161459E-01
17.850000	-0.363369E-01
17.860000	-0.514925E-01
17.870000	-0.608785E-01
17.880000	-0.645194E-01
17.890000	-0.632583E-01
17.900000	-0.586960E-01
17.910000	-0.530034E-01
17.920000	-0.481064E-01
17.930000	-0.446613E-01
17.940000	-0.420843E-01
17.950000	-0.394189E-01
17.960000	-0.358788E-01
17.970000	-0.308780E-01
17.980000	-0.243706E-01
17.990000	-0.170096E-01
18.000000	-0.997389E-02
18.010000	-0.425486E-02
18.020000	-0.364816E-03
18.030000	0.156171E-02
18.040000	0.149934E-02
18.050000	-0.487960E-03
18.060000	-0.385387E-02
18.070000	-0.754298E-02
18.080000	-0.104163E-01
18.090000	-0.113029E-01
18.100000	-0.924217E-02
18.110000	-0.390277E-02
18.120000	0.395034E-02
18.130000	0.122281E-01
18.140000	0.179634E-01
18.150000	0.180092E-01
18.160000	0.102585E-01
18.170000	-0.521120E-02
18.180000	-0.256845E-01
18.190000	-0.466581E-01
18.200000	-0.633708E-01
18.210000	-0.721939E-01
18.220000	-0.715675E-01
18.230000	-0.624699E-01
18.240000	-0.481911E-01
18.250000	-0.330922E-01
18.260000	-0.215930E-01
18.270000	-0.167860E-01
18.280000	-0.191307E-01
18.290000	-0.268873E-01
18.300000	-0.368508E-01
18.310000	-0.450493E-01
18.320000	-0.481164E-01
18.330000	-0.448290E-01
18.340000	-0.362114E-01
18.350000	-0.248387E-01
18.360000	-0.140822E-01
18.370000	-0.699392E-02
18.380000	-0.521179E-02
18.390000	-0.853913E-02
18.400000	-0.149964E-01
18.410000	-0.215507E-01
18.420000	-0.254064E-01
18.430000	-0.249854E-01
18.440000	-0.202655E-01
18.450000	-0.126845E-01
18.460000	-0.466227E-02
18.470000	0.145788E-02
18.480000	0.426653E-02
18.490000	0.389879E-02
18.500000	0.172011E-02
18.510000	-0.265008E-03
18.520000	-0.527372E-03
18.530000	0.155023E-02
18.540000	0.528945E-02
18.550000	0.882251E-02
18.560000	0.101161E-01
18.570000	0.791463E-02
18.580000	0.258069E-02
18.590000	-0.424984E-02
18.600000	-0.105380E-01
18.610000	-0.143193E-01
18.620000	-0.141739E-01
18.630000	-0.949237E-02
18.640000	-0.656238E-03
18.650000	0.114115E-01
18.660000	0.255835E-01
18.670000	0.404677E-01
18.680000	0.542033E-01
18.690000	0.645523E-01
18.700000	0.695473E-01
18.710000	0.681185E-01
18.720000	0.606601E-01
18.730000	0.495781E-01
18.740000	0.388496E-01
18.750000	0.322196E-01
18.760000	0.316852E-01
18.770000	0.373514E-01
18.780000	0.475718E-01
18.790000	0.593873E-01
18.800000	0.689780E-01
18.810000	0.729955E-01
18.820000	0.699999E-01
18.830000	0.603402E-01
18.840000	0.457777E-01
18.850000	0.294625E-01
18.860000	0.149569E-01
18.870000	0.472423E-02
18.880000	-0.701592E-04
18.890000	0.644428E-03
18.900000	0.552409E-02
18.910000	0.121469E-01
18.920000	0.181467E-01
18.930000	0.221088E-01
18.940000	0.233155E-01
18.950000	0.218995E-01
18.960000	0.187339E-01
18.970000	0.145079E-01
18.980000	0.952623E-02
18.990000	0.395162E-02
19.000000	-0.200822E-02
19.010000	-0.803865E-02
19.020000	-0.137687E-01
19.030000	-0.188982E-01
19.040000	-0.231126E-01
19.050000	-0.262644E-01
19.060000	-0.285842E-01
19.070000	-0.300587E-01
19.080000	-0.301427E-01
19.090000	-0.285858E-01
19.100000	-0.256650E-01
19.110000	-0.218935E-01
19.120000	-0.179607E-01
19.130000	-0.143291E-01
19.140000	-0.112196E-01
19.150000	-0.890710E-02
19.160000	-0.734555E-02
19.170000	-0.608366E-02
19.180000	-0.501139E-02
19.190000	-0.469566E-02
19.200000	-0.582551E-02
19.210000	-0.844460E-02
19.220000	-0.118049E-01
19.230000	-0.148292E-01
19.240000	-0.163030E-01
19.250000	-0.154864E-01
19.260000	-0.127061E-01
19.270000	-0.876993E-02
19.280000	-0.466563E-02
19.290000	-0.163483E-02
19.300000	-0.600735E-03
19.310000	-0.195477E-02
19.320000	-0.575879E-02
19.330000	-0.111990E-01
19.340000	-0.167627E-01
19.350000	-0.213758E-01
19.360000	-0.245259E-01
19.370000	-0.257931E-01
19.380000	-0.248958E-01
19.390000	-0.221785E-01
19.400000	-0.184030E-01
19.410000	-0.143020E-01
19.420000	-0.106180E-01
19.430000	-0.820314E-02
19.440000	-0.775024E-02
19.450000	-0.945554E-02
19.460000	-0.127136E-01
19.470000	-0.166446E-01
19.480000	-0.206665E-01
19.490000	-0.242737E-01
19.500000	-0.265843E-01
19.510000	-0.266726E-01
19.520000	-0.240414E-01
19.530000	-0.189733E-01
19.540000	-0.127041E-01
19.550000	-0.652203E-02
19.560000	-0.109326E-02
19.570000	0.314375E-02
19.580000	0.613112E-02
19.590000	0.813215E-02
19.600000	0.947483E-02
19.610000	0.104509E-01
19.620000	0.113150E-01
19.630000	0.121800E-01
19.640000	0.130526E-01
19.650000	0.141701E-01
19.660000	0.159535E-01
19.670000	0.187057E-01
19.680000	0.225188E-01
19.690000	0.269396E-01
19.700000	0.306894E-01
19.710000	0.318973E-01
19.720000	0.290937E-01
19.730000	0.216143E-01
19.740000	0.975464E-02
19.750000	-0.482880E-02
19.760000	-0.195632E-01
19.770000	-0.319998E-01
19.780000	-0.405600E-01
19.790000	-0.450223E-01
19.800000	-0.461238E-01
19.810000	-0.451115E-01
19.820000	-0.432386E-01
19.830000	-0.415273E-01
19.840000	-0.404799E-01
19.850000	-0.396751E-01
19.860000	-0.383456E-01
19.870000	-0.364096E-01
19.880000	-0.342520E-01
19.890000	-0.321120E-01
19.900000	-0.305536E-01
19.910000	-0.298219E-01
19.920000	-0.295441E-01
19.930000	-0.287760E-01
19.940000	-0.265389E-01
19.950000	-0.222712E-01
19.960000	-0.159517E-01
19.970000	-0.783017E-02
19.980000	0.180554E-02
19.990000	0.126396E-01
20.000000	0.239872E-01
20.010000	0.346325E-01
20.020000	0.432743E-01
20.030000	0.491762E-01
20.040000	0.521702E-01
20.050000	0.523898E-01
20.060000	0.504640E-01
20.070000	0.472572E-01
20.080000	0.435517E-01
20.090000	0.398532E-01
20.100000	0.363830E-01
20.110000	0.333911E-01
20.120000	0.309551E-01
20.130000	0.285472E-01
20.140000	0.255236E-01
20.150000	0.219666E-01
20.160000	0.179786E-01
20.170000	0.133771E-01
20.180000	0.819252E-02
20.190000	0.316162E-02
20.200000	-0.543474E-03
20.210000	-0.236479E-02
20.220000	-0.255749E-02
20.230000	-0.147131E-02
20.240000	0.398305E-03
20.250000	0.245123E-02
20.260000	0.381032E-02
20.270000	0.345288E-02
20.280000	0.927558E-03
20.290000	-0.360282E-02
20.300000	-0.946741E-02
20.310000	-0.152953E-01
20.320000	-0.192848E-01
20.330000	-0.199814E-01
20.340000	-0.171702E-01
20.350000	-0.122295E-01
20.360000	-0.756707E-02
20.370000	-0.564098E-02
20.380000	-0.774730E-02
20.390000	-0.136513E-01
20.400000	-0.218413E-01
20.410000	-0.299621E-01
20.420000	-0.358373E-01
20.430000	-0.382258E-01
20.440000	-0.370631E-01
20.450000	-0.334043E-01
20.460000	-0.291492E-01
20.470000	-0.264027E-01
20.480000	-0.266612E-01
20.490000	-0.301676E-01
20.500000	-0.360262E-01
20.510000	-0.424985E-01
20.520000	-0.474964E-01
20.530000	-0.491330E-01
20.540000	-0.462025E-01
20.550000	-0.388368E-01
20.560000	-0.289452E-01
20.570000	-0.195924E-01
20.580000	-0.133818E-01
20.590000	-0.120106E-01
20.600000	-0.163214E-01
20.610000	-0.252504E-01
20.620000	-0.362247E-01
20.630000	-0.463288E-01
20.640000	-0.529830E-01
20.650000	-0.542539E-01
20.660000	-0.495036E-01
20.670000	-0.397464E-01
20.680000	-0.273782E-01
20.690000	-0.153463E-01
20.700000	-0.605981E-02
20.710000	-0.946213E-03
20.720000	-0.535348E-03
20.730000	-0.431963E-02
20.740000	-0.104810E-01
20.750000	-0.166210E-01
20.760000	-0.210945E-01
20.770000	-0.235402E-01
20.780000	-0.241281E-01
20.790000	-0.233466E-01
20.800000	-0.219970E-01
20.810000	-0.204508E-01
20.820000	-0.182973E-01
20.830000	-0.144742E-01
20.840000	-0.795978E-02
20.850000	0.110657E-02
20.860000	0.110815E-01
20.870000	0.193975E-01
20.880000	0.237901E-01
20.890000	0.230544E-01
20.900000	0.170372E-01
20.910000	0.723687E-02
20.920000	-0.350138E-02
20.930000	-0.121234E-01
20.940000	-0.160098E-01
20.950000	-0.137545E-01
20.960000	-0.570310E-02
20.970000	0.664977E-02
20.980000	0.212594E-01
20.990000	0.355317E-01
21.000000	0.470271E-01
21.010000	0.541655E-01
21.020000	0.560261E-01
21.030000	0.523138E-01
21.040000	0.439613E-01
21.050000	0.336065E-01
21.060000	0.236785E-01
21.070000	0.154982E-01
21.080000	0.975412E-02
21.090000	0.667274E-02
21.100000	0.574634E-02
21.110000	0.592717E-02
21.120000	0.637894E-02
21.130000	0.688303E-02
21.140000	0.750665E-02
21.150000	0.827712E-02
21.160000	0.893336E-02
21.170000	0.859968E-02
21.180000	0.613763E-02
21.190000	0.938322E-03
21.200000	-0.642336E-02
21.210000	-0.143970E-01
21.220000	-0.208569E-01
21.230000	-0.236938E-01
21.240000	-0.216715E-01
21.250000	-0.146708E-01
21.260000	-0.399390E-02
21.270000	0.812270E-02
21.280000	0.193934E-01
21.290000	0.280040E-01
21.300000	0.329178E-01
21.310000	0.341800E-01
21.320000	0.325202E-01
21.330000	0.289943E-01
21.340000	0.248503E-01
21.350000	0.213420E-01
21.360000	0.196501E-01
21.370000	0.204935E-01
21.380000	0.240992E-01
21.390000	0.301029E-01
21.400000	0.375357E-01
21.410000	0.451598E-01
21.420000	0.517192E-01
21.430000	0.560723E-01
21.440000	0.577250E-01
21.450000	0.569453E-01
21.460000	0.543089E-01
21.470000	0.505085E-01
21.480000	0.463057E-01
21.490000	0.424628E-01
21.500000	0.394007E-01
21.510000	0.372343E-01
21.520000	0.361990E-01
21.530000	0.363448E-01
21.540000	0.375099E-01
21.550000	0.395532E-01
21.560000	0.422913E-01
21.570000	0.455632E-01
21.580000	0.488941E-01
21.590000	0.519060E-01
21.600000	0.544467E-01
21.610000	0.563122E-01
21.620000	0.572479E-01
21.630000	0.570633E-01
21.640000	0.555624E-01
21.650000	0.526090E-01
21.660000	0.483825E-01
21.670000	0.433478E-01
21.680000	0.379427E-01
21.690000	0.328795E-01
21.700000	0.292069E-01
21.710000	0.276280E-01
21.720000	0.283459E-01
21.730000	0.311687E-01
21.740000	0.351567E-01
21.750000	0.385179E-01
21.760000	0.391456E-01
21.770000	0.354230E-01
21.780000	0.270526E-01
21.790000	0.152755E-01
21.800000	0.211111E-02
21.810000	-0.101114E-01
21.820000	-0.189615E-01
21.830000	-0.233474E-01
21.840000	-0.237964E-01
21.850000	-0.218245E-01
21.860000	-0.192034E-01
21.870000	-0.172692E-01
21.880000	-0.166554E-01
21.890000	-0.175735E-01
21.900000	-0.198529E-01
21.910000	-0.226740E-01
21.920000	-0.251480E-01
21.930000	-0.268235E-01
21.940000	-0.273326E-01
21.950000	-0.262069E-01
21.960000	-0.233059E-01
21.970000	-0.189415E-01
21.980000	-0.141686E-01
21.990000	-0.104263E-01
22.000000	-0.879372E-02
22.010000	-0.978886E-02
22.020000	-0.131599E-01
22.030000	-0.178089E-01
22.040000	-0.219977E-01
22.050000	-0.238763E-01
22.060000	-0.222662E-01
22.070000	-0.173174E-01
22.080000	-0.989478E-02
22.090000	-0.133836E-02
22.100000	0.662904E-02
22.110000	0.125171E-01
22.120000	0.156127E-01
22.130000	0.157610E-01
22.140000	0.132560E-01
22.150000	0.889232E-02
22.160000	0.383712E-02
22.170000	-0.902710E-03
22.180000	-0.454531E-02
22.190000	-0.667026E-02
22.200000	-0.725841E-02
22.210000	-0.674532E-02
22.220000	-0.584314E-02
22.230000	-0.530663E-02
22.240000	-0.584260E-02
22.250000	-0.771333E-02
22.260000	-0.109871E-01
22.270000	-0.154192E-01
22.280000	-0.202837E-01
22.290000	-0.247178E-01
22.300000	-0.280267E-01
22.310000	-0.299232E-01
22.320000	-0.306396E-01
22.330000	-0.307582E-01
22.340000	-0.311104E-01
22.350000	-0.326166E-01
22.360000	-0.357149E-01
22.370000	-0.402391E-01
22.380000	-0.453324E-01
22.390000	-0.497814E-01
22.400000	-0.522249E-01
22.410000	-0.517657E-01
22.420000	-0.482544E-01
22.430000	-0.423323E-01
22.440000	-0.355232E-01
22.450000	-0.299482E-01
22.460000	-0.272842E-01
22.470000	-0.279556E-01
22.480000	-0.315237E-01
22.490000	-0.365167E-01
22.500000	-0.402127E-01
22.510000	-0.397624E-01
22.520000	-0.337357E-01
22.530000	-0.225558E-01
22.540000	-0.834562E-02
22.550000	0.592751E-02
22.560000	0.173823E-01
22.570000	0.241744E-01
22.580000	0.255903E-01
22.590000	0.227923E-01
22.600000	0.182961E-01
22.610000	0.143776E-01
22.620000	0.123119E-01
22.630000	0.120560E-01
22.640000	0.125786E-01
22.650000	0.126632E-01
22.660000	0.114995E-01
22.670000	0.909897E-02
22.680000	0.639589E-02
22.690000	0.483949E-02
22.700000	0.551061E-02
22.710000	0.837929E-02
22.720000	0.125205E-01
22.730000	0.165163E-01
22.740000	0.186765E-01
22.750000	0.179416E-01
22.760000	0.141797E-01
22.770000	0.822693E-02
22.780000	0.184640E-02
22.790000	-0.266326E-02
22.800000	-0.351929E-02
22.810000	-0.201618E-03
22.820000	0.630725E-02
22.830000	0.139093E-01
22.840000	0.199089E-01
22.850000	0.218773E-01
22.860000	0.186353E-01
22.870000	0.109359E-01
22.880000	0.853147E-03
22.890000	-0.912173E-02
22.900000	-0.167322E-01
22.910000	-0.209050E-01
22.920000	-0.221283E-01
22.930000	-0.217762E-01
22.940000	-0.209406E-01
22.950000	-0.203887E-01
22.960000	-0.205206E-01
22.970000	-0.211340E-01
22.980000	-0.217219E-01
22.990000	-0.217192E-01
23.000000	-0.208285E-01
23.010000	-0.191535E-01
23.020000	-0.168111E-01
23.030000	-0.138405E-01
23.040000	-0.104215E-01
23.050000	-0.686288E-02
23.060000	-0.364165E-02
23.070000	-0.115769E-02
23.080000	0.761070E-03
23.090000	0.249075E-02
23.100000	0.403157E-02
23.110000	0.515238E-02
23.120000	0.586393E-02
23.130000	0.625791E-02
23.140000	0.648306E-02
23.150000	0.672761E-02
23.160000	0.699636E-02
23.170000	0.718902E-02
23.180000	0.695112E-02
23.190000	0.572851E-02
23.200000	0.314120E-02
23.210000	-0.445241E-03
23.220000	-0.398740E-02
23.230000	-0.636253E-02
23.240000	-0.657935E-02
23.250000	-0.426023E-02
23.260000	-0.156978E-03
23.270000	0.419968E-02
23.280000	0.742236E-02
23.290000	0.835873E-02
23.300000	0.660704E-02
23.310000	0.300705E-02
23.320000	-0.836136E-03
23.330000	-0.334988E-02
23.340000	-0.319562E-02
23.350000	0.273123E-03
23.360000	0.631507E-02
23.370000	0.129592E-01
23.380000	0.178836E-01
23.390000	0.191453E-01
23.400000	0.158369E-01
23.410000	0.852377E-02
23.420000	-0.969451E-03
23.430000	-0.102948E-01
23.440000	-0.175146E-01
23.450000	-0.214603E-01
23.460000	-0.216146E-01
23.470000	-0.186090E-01
23.480000	-0.140288E-01
23.490000	-0.949059E-02
23.500000	-0.596272E-02
23.510000	-0.398373E-02
23.520000	-0.361204E-02
23.530000	-0.467115E-02
23.540000	-0.696905E-02
23.550000	-0.100629E-01
23.560000	-0.132643E-01
23.570000	-0.158045E-01
23.580000	-0.169160E-01
23.590000	-0.158293E-01
23.600000	-0.120423E-01
23.610000	-0.607204E-02
23.620000	0.727919E-03
23.630000	0.672451E-02
23.640000	0.104307E-01
23.650000	0.110242E-01
23.660000	0.841244E-02
23.670000	0.342697E-02
23.680000	-0.224634E-02
23.690000	-0.689375E-02
23.700000	-0.942400E-02
23.710000	-0.974274E-02
23.720000	-0.810489E-02
23.730000	-0.507917E-02
23.740000	-0.162412E-02
23.750000	0.155638E-02
23.760000	0.430372E-02
23.770000	0.688497E-02
23.780000	0.968543E-02
23.790000	0.131983E-01
23.800000	0.176905E-01
23.810000	0.230068E-01
23.820000	0.285751E-01
23.830000	0.335810E-01
23.840000	0.372732E-01
23.850000	0.394595E-01
23.860000	0.400228E-01
23.870000	0.390266E-01
23.880000	0.370695E-01
23.890000	0.348330E-01
23.900000	0.329196E-01
23.910000	0.314767E-01
23.920000	0.305300E-01
23.930000	0.301651E-01
23.940000	0.303675E-01
23.950000	0.308443E-01
23.960000	0.309285E-01
23.970000	0.301923E-01
23.980000	0.286973E-01
23.990000	0.267231E-01
24.000000	0.246160E-01
24.010000	0.225406E-01
24.020000	0.204570E-01
24.030000	0.182216E-01
24.040000	0.156874E-01
24.050000	0.127335E-01
24.060000	0.933136E-02
24.070000	0.573686E-02
24.080000	0.229635E-02
24.090000	-0.503680E-03
24.100000	-0.248823E-02
24.110000	-0.379360E-02
24.120000	-0.434535E-02
24.130000	-0.402642E-02
24.140000	-0.292964E-02
24.150000	-0.779068E-03
24.160000	0.221790E-02
24.170000	0.515028E-02
24.180000	0.720928E-02
24.190000	0.788406E-02
24.200000	0.695523E-02
24.210000	0.455685E-02
24.220000	0.109425E-02
24.230000	-0.288157E-02
24.240000	-0.660893E-02
24.250000	-0.940188E-02
24.260000	-0.110091E-01
24.270000	-0.116983E-01
24.280000	-0.118643E-01
24.290000	-0.117642E-01
24.300000	-0.115133E-01
24.310000	-0.112847E-01
24.320000	-0.113828E-01
24.330000	-0.120099E-01
24.340000	-0.134083E-01
24.350000	-0.158360E-01
24.360000	-0.190037E-01
24.370000	-0.222642E-01
24.380000	-0.248973E-01
24.390000	-0.261715E-01
24.400000	-0.257598E-01
24.410000	-0.237671E-01
24.420000	-0.207514E-01
24.430000	-0.176503E-01
24.440000	-0.153484E-01
24.450000	-0.145160E-01
24.460000	-0.154949E-01
24.470000	-0.180736E-01
24.480000	-0.215536E-01
24.490000	-0.248019E-01
24.500000	-0.263759E-01
24.510000	-0.251966E-01
24.520000	-0.209549E-01
24.530000	-0.139184E-01
24.540000	-0.521108E-02
24.550000	0.343260E-02
24.560000	0.100111E-01
24.570000	0.130905E-01
24.580000	0.120858E-01
24.590000	0.722308E-02
24.600000	-0.465742E-03
24.610000	-0.929825E-02
24.620000	-0.174534E-01
24.630000	-0.235245E-01
24.640000	-0.269632E-01
24.650000	-0.276857E-01
24.660000	-0.261355E-01
24.670000	-0.236475E-01
24.680000	-0.216215E-01
24.690000	-0.211401E-01
24.700000	-0.226796E-01
24.710000	-0.261375E-01
24.720000	-0.309275E-01
24.730000	-0.362041E-01
24.740000	-0.411844E-01
24.750000	-0.453719E-01
24.760000	-0.486775E-01
24.770000	-0.511104E-01
24.780000	-0.527729E-01
24.790000	-0.536443E-01
24.800000	-0.538124E-01
24.810000	-0.532163E-01
24.820000	-0.516190E-01
24.830000	-0.489202E-01
24.840000	-0.449079E-01
24.850000	-0.396123E-01
24.860000	-0.334096E-01
24.870000	-0.267482E-01
24.880000	-0.201923E-01
24.890000	-0.145636E-01
24.900000	-0.108447E-01
24.910000	-0.947726E-02
24.920000	-0.102291E-01
24.930000	-0.124663E-01
24.940000	-0.150830E-01
24.950000	-0.166632E-01
24.960000	-0.159058E-01
24.970000	-0.120103E-01
24.980000	-0.503889E-02
24.990000	0.407039E-02
25.000000	0.137923E-01
25.010000	0.222681E-01
25.020000	0.278117E-01
25.030000	0.297605E-01
25.040000	0.291248E-01
25.050000	0.274280E-01
25.060000	0.261457E-01
25.070000	0.263706E-01
25.080000	0.285882E-01
25.090000	0.325955E-01
25.100000	0.371964E-01
25.110000	0.408721E-01
25.120000	0.426114E-01
25.130000	0.420020E-01
25.140000	0.392997E-01
25.150000	0.353738E-01
25.160000	0.311903E-01
25.170000	0.274077E-01
25.180000	0.242307E-01
25.190000	0.214440E-01
25.200000	0.185211E-01
25.210000	0.149462E-01
25.220000	0.105404E-01
25.230000	0.546595E-02
25.240000	0.966193E-04
25.250000	-0.494465E-02
25.260000	-0.867236E-02
25.270000	-0.999624E-02
25.280000	-0.832954E-02
25.290000	-0.383692E-02
25.300000	0.289433E-02
25.310000	0.108551E-01
25.320000	0.186106E-01
25.330000	0.247967E-01
25.340000	0.284092E-01
25.350000	0.289989E-01
25.360000	0.265159E-01
25.370000	0.217477E-01
25.380000	0.162648E-01
25.390000	0.118547E-01
25.400000	0.100411E-01
25.410000	0.114431E-01
25.420000	0.162824E-01
25.430000	0.238536E-01
25.440000	0.321302E-01
25.450000	0.390329E-01
25.460000	0.428837E-01
25.470000	0.425400E-01
25.480000	0.375735E-01
25.490000	0.284575E-01
25.500000	0.170518E-01
25.510000	0.603569E-02
25.520000	-0.221274E-02
25.530000	-0.637975E-02
25.540000	-0.620090E-02
25.550000	-0.232926E-02
25.560000	0.380123E-02
25.570000	0.102299E-01
25.580000	0.150787E-01
25.590000	0.171210E-01
25.600000	0.158998E-01
25.610000	0.120218E-01
25.620000	0.689951E-02
25.630000	0.188998E-02
25.640000	-0.190396E-02
25.650000	-0.365882E-02
25.660000	-0.335945E-02
25.670000	-0.172104E-02
25.680000	0.163550E-03
25.690000	0.916976E-03
25.700000	-0.192330E-03
25.710000	-0.256046E-02
25.720000	-0.507108E-02
25.730000	-0.684884E-02
25.740000	-0.716026E-02
25.750000	-0.560401E-02
25.760000	-0.239128E-02
25.770000	0.170644E-02
25.780000	0.575915E-02
25.790000	0.878482E-02
25.800000	0.102915E-01
25.810000	0.105402E-01
25.820000	0.981909E-02
25.830000	0.822722E-02
25.840000	0.599169E-02
25.850000	0.379678E-02
25.860000	0.238783E-02
25.870000	0.201921E-02
25.880000	0.278869E-02
25.890000	0.474607E-02
25.900000	0.756295E-02
25.910000	0.104579E-01
25.920000	0.121961E-01
25.930000	0.115310E-01
25.940000	0.791443E-02
25.950000	0.180388E-02
25.960000	-0.576027E-02
25.970000	-0.133577E-01
25.980000	-0.191384E-01
25.990000	-0.219927E-01
26.000000	-0.220194E-01
26.010000	-0.198839E-01
26.020000	-0.164924E-01
26.030000	-0.130369E-01
26.040000	-0.105193E-01
26.050000	-0.945217E-02
26.060000	-0.978335E-02
26.070000	-0.112292E-01
26.080000	-0.136650E-01
26.090000	-0.165229E-01
26.100000	-0.186290E-01
26.110000	-0.189392E-01
26.120000	-0.168576E-01
26.130000	-0.122485E-01
26.140000	-0.570136E-02
26.150000	0.154568E-02
26.160000	0.765597E-02
26.170000	0.107923E-01
26.180000	0.101170E-01
26.190000	0.605292E-02
26.200000	-0.127797E-03
26.210000	-0.657252E-02
26.220000	-0.112849E-01
26.230000	-0.128691E-01
26.240000	-0.109324E-01
26.250000	-0.618766E-02
26.260000	-0.158407E-03
26.270000	0.566000E-02
26.280000	0.101394E-01
26.290000	0.124704E-01
26.300000	0.121062E-01
26.310000	0.938763E-02
26.320000	0.569526E-02
26.330000	0.241311E-02
26.340000	0.627764E-03
26.350000	0.113342E-02
26.360000	0.409556E-02
26.370000	0.891277E-02
26.380000	0.141344E-01
26.390000	0.177869E-01
26.400000	0.187324E-01
26.410000	0.170023E-01
26.420000	0.131643E-01
26.430000	0.821124E-02
26.440000	0.346601E-02
26.450000	-0.778622E-04
26.460000	-0.209203E-02
26.470000	-0.304865E-02
26.480000	-0.394687E-02
26.490000	-0.577832E-02
26.500000	-0.908916E-02
26.510000	-0.141214E-01
26.520000	-0.207696E-01
26.530000	-0.281375E-01
26.540000	-0.349010E-01
26.550000	-0.398849E-01
26.560000	-0.423813E-01
26.570000	-0.420639E-01
26.580000	-0.390554E-01
26.590000	-0.339530E-01
26.600000	-0.280721E-01
26.610000	-0.229958E-01
26.620000	-0.197984E-01
26.630000	-0.188670E-01
26.640000	-0.199139E-01
26.650000	-0.221613E-01
26.660000	-0.243945E-01
26.670000	-0.253019E-01
26.680000	-0.240647E-01
26.690000	-0.207304E-01
26.700000	-0.159191E-01
26.710000	-0.102288E-01
26.720000	-0.441546E-02
26.730000	0.649535E-03
26.740000	0.431532E-02
26.750000	0.658227E-02
26.760000	0.735276E-02
26.770000	0.655091E-02
26.780000	0.458209E-02
26.790000	0.237766E-02
26.800000	0.666332E-03
26.810000	-0.320937E-03
26.820000	-0.234442E-03
26.830000	0.112634E-02
26.840000	0.327280E-02
26.850000	0.524428E-02
26.860000	0.633270E-02
26.870000	0.627135E-02
26.880000	0.527253E-02
26.890000	0.380213E-02
26.900000	0.229787E-02
26.910000	0.140410E-02
26.920000	0.116384E-02
26.930000	0.104469E-02
26.940000	0.508354E-03
26.950000	-0.579211E-03
26.960000	-0.204605E-02
26.970000	-0.357780E-02
26.980000	-0.465975E-02
26.990000	-0.463222E-02
27.000000	-0.302673E-02
27.010000	0.117429E-03
27.020000	0.445525E-02
27.030000	0.928384E-02
27.040000	0.136660E-01
27.050000	0.169050E-01
27.060000	0.186879E-01
27.070000	0.190934E-01
27.080000	0.187428E-01
27.090000	0.180418E-01
27.100000	0.172823E-01
27.110000	0.169977E-01
27.120000	0.175450E-01
27.130000	0.188511E-01
27.140000	0.206461E-01
27.150000	0.224696E-01
27.160000	0.238308E-01
27.170000	0.245556E-01
27.180000	0.245597E-01
27.190000	0.237930E-01
27.200000	0.224046E-01
27.210000	0.205585E-01
27.220000	0.183452E-01
27.230000	0.158750E-01
27.240000	0.131890E-01
27.250000	0.102877E-01
27.260000	0.743210E-02
27.270000	0.499252E-02
27.280000	0.321174E-02
27.290000	0.219244E-02
27.300000	0.199532E-02
27.310000	0.242644E-02
27.320000	0.278466E-02
27.330000	0.248022E-02
27.340000	0.140125E-02
27.350000	-0.594434E-03
27.360000	-0.373663E-02
27.370000	-0.769920E-02
27.380000	-0.115816E-01
27.390000	-0.144363E-01
27.400000	-0.160472E-01
27.410000	-0.164931E-01
27.420000	-0.157485E-01
27.430000	-0.139264E-01
27.440000	-0.114708E-01
27.450000	-0.920502E-02
27.460000	-0.782196E-02
27.470000	-0.751009E-02
27.480000	-0.813687E-02
27.490000	-0.926668E-02
27.500000	-0.104000E-01
27.510000	-0.110001E-01
27.520000	-0.104955E-01
27.530000	-0.856107E-02
27.540000	-0.531476E-02
27.550000	-0.107644E-02
27.560000	0.362115E-02
27.570000	0.805495E-02
27.580000	0.114457E-01
27.590000	0.131061E-01
27.600000	0.126834E-01
27.610000	0.104879E-01
27.620000	0.706443E-02
27.630000	0.293195E-02
27.640000	-0.113766E-02
27.650000	-0.440745E-02
27.660000	-0.641919E-02
27.670000	-0.707049E-02
27.680000	-0.638646E-02
27.690000	-0.463394E-02
27.700000	-0.255485E-02
27.710000	-0.701159E-03
27.720000	0.717366E-03
27.730000	0.148991E-02
27.740000	0.127800E-02
27.750000	0.112147E-04
27.760000	-0.173987E-02
27.770000	-0.309159E-02
27.780000	-0.312392E-02
27.790000	-0.164596E-02
27.800000	0.934891E-03
27.810000	0.420711E-02
27.820000	0.750898E-02
27.830000	0.977386E-02
27.840000	0.102005E-01
27.850000	0.882216E-02
27.860000	0.579257E-02
27.870000	0.160875E-02
27.880000	-0.271441E-02
27.890000	-0.610507E-02
27.900000	-0.793394E-02
27.910000	-0.817093E-02
27.920000	-0.720985E-02
27.930000	-0.563887E-02
27.940000	-0.396620E-02
27.950000	-0.267597E-02
27.960000	-0.203426E-02
27.970000	-0.151640E-02
27.980000	-0.730818E-03
27.990000	0.336464E-03
28.000000	0.177040E-02
28.010000	0.356199E-02
28.020000	0.565019E-02
28.030000	0.767562E-02
28.040000	0.906460E-02
28.050000	0.940728E-02
28.060000	0.859317E-02
28.070000	0.679722E-02
28.080000	0.449786E-02
28.090000	0.232221E-02
28.100000	0.797224E-03
28.110000	0.299693E-03
28.120000	0.720951E-03
28.130000	0.162219E-02
28.140000	0.244703E-02
28.150000	0.268629E-02
28.160000	0.208284E-02
28.170000	0.633704E-03
28.180000	-0.113385E-02
28.190000	-0.233509E-02
28.200000	-0.222019E-02
28.210000	-0.426875E-03
28.220000	0.298048E-02
28.230000	0.755011E-02
28.240000	0.126625E-01
28.250000	0.173719E-01
28.260000	0.205711E-01
28.270000	0.215325E-01
28.280000	0.203881E-01
28.290000	0.177352E-01
28.300000	0.140516E-01
28.310000	0.986004E-02
28.320000	0.585338E-02
28.330000	0.272500E-02
28.340000	0.634350E-03
28.350000	-0.545140E-03
28.360000	-0.802168E-03
28.370000	-0.234198E-03
28.380000	0.799403E-03
28.390000	0.160916E-02
28.400000	0.160794E-02
28.410000	0.542528E-03
28.420000	-0.154466E-02
28.430000	-0.444941E-02
28.440000	-0.775905E-02
28.450000	-0.107424E-01
28.460000	-0.126215E-01
28.470000	-0.131273E-01
28.480000	-0.123336E-01
28.490000	-0.104271E-01
28.500000	-0.785870E-02
28.510000	-0.518845E-02
28.520000	-0.279574E-02
28.530000	-0.741244E-03
28.540000	0.966319E-03
28.550000	0.234771E-02
28.560000	0.383500E-02
28.570000	0.568144E-02
28.580000	0.769386E-02
28.590000	0.987432E-02
28.600000	0.123277E-01
28.610000	0.146113E-01
28.620000	0.159503E-01
28.630000	0.158026E-01
28.640000	0.139481E-01
28.650000	0.103672E-01
28.660000	0.548997E-02
28.670000	0.300314E-03
28.680000	-0.467210E-02
28.690000	-0.923024E-02
28.700000	-0.130335E-01
28.710000	-0.159374E-01
28.720000	-0.181802E-01
28.730000	-0.200785E-01
28.740000	-0.217322E-01
28.750000	-0.229374E-01
28.760000	-0.236431E-01
28.770000	-0.239615E-01
28.780000	-0.238560E-01
28.790000	-0.233074E-01
28.800000	-0.227290E-01
28.810000	-0.226143E-01
28.820000	-0.226639E-01
28.830000	-0.224699E-01
28.840000	-0.219044E-01
28.850000	-0.208521E-01
28.860000	-0.191486E-01
28.870000	-0.166890E-01
28.880000	-0.139968E-01
28.890000	-0.120041E-01
28.900000	-0.110763E-01
28.910000	-0.108732E-01
28.920000	-0.108354E-01
28.930000	-0.103536E-01
28.940000	-0.900467E-02
28.950000	-0.653896E-02
28.960000	-0.293304E-02
28.970000	0.114052E-02
28.980000	0.467458E-02
28.990000	0.694713E-02
29.000000	0.781101E-02
29.010000	0.732217E-02
29.020000	0.567230E-02
29.030000	0.367065E-02
29.040000	0.271836E-02
29.050000	0.354171E-02
29.060000	0.582035E-02
29.070000	0.909738E-02
29.080000	0.126438E-01
29.090000	0.154004E-01
29.100000	0.164492E-01
29.110000	0.153692E-01
29.120000	0.122177E-01
29.130000	0.774916E-02
29.140000	0.291362E-02
29.150000	-0.168768E-02
29.160000	-0.552511E-02
29.170000	-0.829127E-02
29.180000	-0.987350E-02
29.190000	-0.103850E-01
29.200000	-0.992884E-02
29.210000	-0.851096E-02
29.220000	-0.641315E-02
29.230000	-0.428123E-02
29.240000	-0.261451E-02
29.250000	-0.158110E-02
29.260000	-0.116701E-02
29.270000	-0.120742E-02
29.280000	-0.144458E-02
29.290000	-0.151547E-02
29.300000	-0.893105E-03
29.310000	0.937355E-03
29.320000	0.386437E-02
29.330000	0.733333E-02
29.340000	0.109573E-01
29.350000	0.143224E-01
29.360000	0.169628E-01
29.370000	0.185951E-01
29.380000	0.192158E-01
29.390000	0.190046E-01
29.400000	0.181366E-01
29.410000	0.168841E-01
29.420000	0.156907E-01
29.430000	0.147586E-01
29.440000	0.140690E-01
29.450000	0.134529E-01
29.460000	0.127034E-01
29.470000	0.118617E-01
29.480000	0.110950E-01
29.490000	0.104833E-01
29.500000	0.982195E-02
29.510000	0.888826E-02
29.520000	0.735040E-02
29.530000	0.498238E-02
29.540000	0.200209E-02
29.550000	-0.137044E-02
29.560000	-0.489383E-02
29.570000	-0.794166E-02
29.580000	-0.966560E-02
29.590000	-0.946449E-02
29.600000	-0.755150E-02
29.610000	-0.442380E-02
29.620000	-0.518808E-03
29.630000	0.331538E-02
29.640000	0.634891E-02
29.650000	0.832010E-02
29.660000	0.910690E-02
29.670000	0.859431E-02
29.680000	0.759556E-02
29.690000	0.706321E-02
29.700000	0.716385E-02
29.710000	0.784433E-02
29.720000	0.931077E-02
29.730000	0.113633E-01
29.740000	0.134213E-01
29.750000	0.149244E-01
29.760000	0.154618E-01
29.770000	0.149599E-01
29.780000	0.135572E-01
29.790000	0.115219E-01
29.800000	0.922883E-02
29.810000	0.702338E-02
29.820000	0.495318E-02
29.830000	0.277982E-02
29.840000	0.334190E-03
29.850000	-0.221062E-02
29.860000	-0.462624E-02
29.870000	-0.696272E-02
29.880000	-0.909292E-02
29.890000	-0.107421E-01
29.900000	-0.117951E-01
29.910000	-0.121870E-01
29.920000	-0.120435E-01
29.930000	-0.113005E-01
29.940000	-0.975514E-02
29.950000	-0.743669E-02
29.960000	-0.459097E-02
29.970000	-0.146089E-02
29.980000	0.178721E-02
29.990000	0.472532E-02
30.000000	0.697239E-02
30.010000	0.855771E-02
30.020000	0.961713E-02
30.030000	0.100490E-01
30.040000	0.986816E-02
30.050000	0.926523E-02
30.060000	0.836783E-02
30.070000	0.721869E-02
30.080000	0.558860E-02
30.090000	0.312259E-02
30.100000	-0.141732E-03
30.110000	-0.392710E-02
30.120000	-0.781402E-02
30.130000	-0.115892E-01
30.140000	-0.152374E-01
30.150000	-0.183385E-01
30.160000	-0.203517E-01
30.170000	-0.210220E-01
30.180000	-0.207294E-01
30.190000	-0.197363E-01
30.200000	-0.180506E-01
30.210000	-0.157341E-01
30.220000	-0.130022E-01
30.230000	-0.970259E-02
30.240000	-0.558492E-02
30.250000	-0.732235E-03
30.260000	0.453952E-02
30.270000	0.963235E-02
30.280000	0.141050E-01
30.290000	0.174163E-01
30.300000	0.190925E-01
30.310000	0.192018E-01
30.320000	0.181307E-01
30.330000	0.163560E-01
30.340000	0.143373E-01
30.350000	0.124256E-01
30.360000	0.110810E-01
30.370000	0.104127E-01
30.380000	0.101201E-01
30.390000	0.987510E-02
30.400000	0.951721E-02
30.410000	0.898484E-02
30.420000	0.825586E-02
30.430000	0.726938E-02
30.440000	0.594753E-02
30.450000	0.447546E-02
30.460000	0.318804E-02
30.470000	0.217920E-02
30.480000	0.127417E-02
30.490000	0.478461E-03
30.500000	-0.498211E-04
30.510000	-0.338953E-03
30.520000	-0.416713E-03
30.530000	-0.400045E-03
30.540000	-0.491342E-03
30.550000	-0.647867E-03
30.560000	-0.881554E-03
30.570000	-0.132094E-02
30.580000	-0.167191E-02
30.590000	-0.144848E-02
30.600000	-0.549738E-03
30.610000	0.740510E-03
30.620000	0.248143E-02
30.630000	0.441928E-02
30.640000	0.587789E-02
30.650000	0.636705E-02
30.660000	0.571487E-02
30.670000	0.411618E-02
30.680000	0.210131E-02
30.690000	0.344475E-03
30.700000	-0.540820E-03
30.710000	-0.237885E-04
30.720000	0.198847E-02
30.730000	0.495665E-02
30.740000	0.823955E-02
30.750000	0.113496E-01
30.760000	0.137509E-01
30.770000	0.148184E-01
30.780000	0.144280E-01
30.790000	0.131383E-01
30.800000	0.115719E-01
30.810000	0.100468E-01
30.820000	0.848416E-02
30.830000	0.696580E-02
30.840000	0.583855E-02
30.850000	0.509238E-02
30.860000	0.430038E-02
30.870000	0.321813E-02
30.880000	0.180380E-02
30.890000	-0.519451E-04
30.900000	-0.273772E-02
30.910000	-0.621852E-02
30.920000	-0.100163E-01
30.930000	-0.137841E-01
30.940000	-0.171498E-01
30.950000	-0.198055E-01
30.960000	-0.217035E-01
30.970000	-0.226242E-01
30.980000	-0.223829E-01
30.990000	-0.210631E-01
31.000000	-0.190022E-01
31.010000	-0.164841E-01
31.020000	-0.137390E-01
31.030000	-0.111226E-01
31.040000	-0.900737E-02
31.050000	-0.743522E-02
31.060000	-0.626067E-02
31.070000	-0.541572E-02
31.080000	-0.469368E-02
31.090000	-0.381235E-02
31.100000	-0.255157E-02
31.110000	-0.811980E-03
31.120000	0.118907E-02
31.130000	0.299834E-02
31.140000	0.427367E-02
31.150000	0.481722E-02
31.160000	0.452863E-02
31.170000	0.323591E-02
31.180000	0.107052E-02
31.190000	-0.154798E-02
31.200000	-0.401943E-02
31.210000	-0.613511E-02
31.220000	-0.771362E-02
31.230000	-0.839770E-02
31.240000	-0.839765E-02
31.250000	-0.831072E-02
31.260000	-0.842308E-02
31.270000	-0.886980E-02
31.280000	-0.985646E-02
31.290000	-0.113675E-01
31.300000	-0.129664E-01
31.310000	-0.141815E-01
31.320000	-0.146190E-01
31.330000	-0.140924E-01
31.340000	-0.126469E-01
31.350000	-0.105533E-01
31.360000	-0.824411E-02
31.370000	-0.597127E-02
31.380000	-0.404283E-02
31.390000	-0.268899E-02
31.400000	-0.192230E-02
31.410000	-0.151122E-02
31.420000	-0.112772E-02
31.430000	-0.548262E-03
31.440000	0.448429E-03
31.450000	0.209913E-02
31.460000	0.436852E-02
31.470000	0.687522E-02
31.480000	0.934544E-02
31.490000	0.118320E-01
31.500000	0.141633E-01
31.510000	0.157414E-01
31.520000	0.159739E-01
31.530000	0.147581E-01
31.540000	0.123529E-01
31.550000	0.888361E-02
31.560000	0.482388E-02
31.570000	0.742000E-03
31.580000	-0.298985E-02
31.590000	-0.603317E-02
31.600000	-0.810659E-02
31.610000	-0.917419E-02
31.620000	-0.969576E-02
31.630000	-0.102287E-01
31.640000	-0.113252E-01
31.650000	-0.129743E-01
31.660000	-0.149951E-01
31.670000	-0.172862E-01
31.680000	-0.196446E-01
31.690000	-0.216114E-01
31.700000	-0.227985E-01
31.710000	-0.232483E-01
31.720000	-0.231515E-01
31.730000	-0.223693E-01
31.740000	-0.205439E-01
31.750000	-0.175095E-01
31.760000	-0.133508E-01
31.770000	-0.825200E-02
31.780000	-0.268767E-02
31.790000	0.259768E-02
31.800000	0.677287E-02
31.810000	0.932818E-02
31.820000	0.102453E-01
31.830000	0.996960E-02
31.840000	0.929023E-02
31.850000	0.903504E-02
31.860000	0.987545E-02
31.870000	0.121992E-01
31.880000	0.156473E-01
31.890000	0.192510E-01
31.900000	0.218261E-01
31.910000	0.227693E-01
31.920000	0.219529E-01
31.930000	0.193692E-01
31.940000	0.153498E-01
31.950000	0.106176E-01
31.960000	0.598373E-02
31.970000	0.232375E-02
31.980000	0.346615E-03
31.990000	0.155493E-03
32.000000	0.154341E-02
32.010000	0.396501E-02
32.020000	0.629608E-02
32.030000	0.761492E-02
32.040000	0.777507E-02
32.050000	0.681269E-02
32.060000	0.476630E-02
32.070000	0.208641E-02
32.080000	-0.420321E-03
32.090000	-0.186019E-02
32.100000	-0.169011E-02
32.110000	-0.916524E-04
32.120000	0.246009E-02
32.130000	0.526864E-02
32.140000	0.745873E-02
32.150000	0.805091E-02
32.160000	0.662121E-02
32.170000	0.364329E-02
32.180000	-0.451753E-04
32.190000	-0.366552E-02
32.200000	-0.634736E-02
32.210000	-0.699069E-02
32.220000	-0.541808E-02
32.230000	-0.237354E-02
32.240000	0.124028E-02
32.250000	0.458490E-02
32.260000	0.672763E-02
32.270000	0.697311E-02
32.280000	0.522036E-02
32.290000	0.185559E-02
32.300000	-0.236263E-02
32.310000	-0.643019E-02
32.320000	-0.939145E-02
32.330000	-0.106324E-01
32.340000	-0.100979E-01
32.350000	-0.824766E-02
32.360000	-0.598744E-02
32.370000	-0.421627E-02
32.380000	-0.357348E-02
32.390000	-0.427839E-02
32.400000	-0.640622E-02
32.410000	-0.989112E-02
32.420000	-0.138503E-01
32.430000	-0.169446E-01
32.440000	-0.182195E-01
32.450000	-0.174676E-01
32.460000	-0.149564E-01
32.470000	-0.108910E-01
32.480000	-0.589012E-02
32.490000	-0.997318E-03
32.500000	0.274880E-02
32.510000	0.479112E-02
32.520000	0.501489E-02
32.530000	0.354949E-02
32.540000	0.109789E-02
32.550000	-0.145071E-02
32.560000	-0.334537E-02
32.570000	-0.412316E-02
32.580000	-0.360318E-02
32.590000	-0.191787E-02
32.600000	0.515021E-03
32.610000	0.297962E-02
32.620000	0.461512E-02
32.630000	0.474316E-02
32.640000	0.326112E-02
32.650000	0.270665E-03
32.660000	-0.400678E-02
32.670000	-0.885604E-02
32.680000	-0.132963E-01
32.690000	-0.166245E-01
32.700000	-0.183605E-01
32.710000	-0.182653E-01
32.720000	-0.164630E-01
32.730000	-0.134830E-01
32.740000	-0.100027E-01
32.750000	-0.673826E-02
32.760000	-0.426107E-02
32.770000	-0.284424E-02
32.780000	-0.241890E-02
32.790000	-0.272265E-02
32.800000	-0.339100E-02
32.810000	-0.360946E-02
32.820000	-0.277299E-02
32.830000	-0.103029E-02
32.840000	0.147557E-02
32.850000	0.477513E-02
32.860000	0.800682E-02
32.870000	0.100165E-01
32.880000	0.101958E-01
32.890000	0.859887E-02
32.900000	0.576088E-02
32.910000	0.234803E-02
32.920000	-0.997092E-03
32.930000	-0.335726E-02
32.940000	-0.398771E-02
32.950000	-0.294368E-02
32.960000	-0.100123E-02
32.970000	0.112920E-02
32.980000	0.292172E-02
32.990000	0.383178E-02
33.000000	0.355682E-02
33.010000	0.200168E-02
33.020000	-0.450966E-03
33.030000	-0.318314E-02
33.040000	-0.580620E-02
33.050000	-0.784831E-02
33.060000	-0.881722E-02
33.070000	-0.854500E-02
33.080000	-0.712433E-02
33.090000	-0.471371E-02
33.100000	-0.173501E-02
33.110000	0.119014E-02
33.120000	0.354212E-02
33.130000	0.498906E-02
33.140000	0.547026E-02
33.150000	0.520867E-02
33.160000	0.477774E-02
33.170000	0.474388E-02
33.180000	0.553869E-02
33.190000	0.719105E-02
33.200000	0.956409E-02
33.210000	0.123169E-01
33.220000	0.146386E-01
33.230000	0.159979E-01
33.240000	0.165810E-01
33.250000	0.162836E-01
33.260000	0.150628E-01
33.270000	0.134250E-01
33.280000	0.119473E-01
33.290000	0.108034E-01
33.300000	0.993702E-02
33.310000	0.931606E-02
33.320000	0.870850E-02
33.330000	0.779178E-02
33.340000	0.633686E-02
33.350000	0.442311E-02
33.360000	0.236584E-02
33.370000	0.675106E-03
33.380000	-0.238563E-03
33.390000	-0.209671E-03
33.400000	0.555796E-03
33.410000	0.172519E-02
33.420000	0.304947E-02
33.430000	0.408233E-02
33.440000	0.437413E-02
33.450000	0.365786E-02
33.460000	0.188538E-02
33.470000	-0.468682E-03
33.480000	-0.273580E-02
33.490000	-0.449381E-02
33.500000	-0.558164E-02
33.510000	-0.591667E-02
33.520000	-0.550344E-02
33.530000	-0.479039E-02
33.540000	-0.403959E-02
33.550000	-0.328555E-02
33.560000	-0.285854E-02
33.570000	-0.302752E-02
33.580000	-0.364954E-02
33.590000	-0.457268E-02
33.600000	-0.572717E-02
33.610000	-0.670719E-02
33.620000	-0.709792E-02
33.630000	-0.688937E-02
33.640000	-0.625901E-02
33.650000	-0.530791E-02
33.660000	-0.413772E-02
33.670000	-0.309765E-02
33.680000	-0.257489E-02
33.690000	-0.274192E-02
33.700000	-0.348549E-02
33.710000	-0.449602E-02
33.720000	-0.545412E-02
33.730000	-0.627725E-02
33.740000	-0.684564E-02
33.750000	-0.700122E-02
33.760000	-0.688566E-02
33.770000	-0.673858E-02
33.780000	-0.679217E-02
33.790000	-0.707545E-02
33.800000	-0.743947E-02
33.810000	-0.764468E-02
33.820000	-0.751400E-02
33.830000	-0.713364E-02
33.840000	-0.669436E-02
33.850000	-0.639460E-02
33.860000	-0.657735E-02
33.870000	-0.739460E-02
33.880000	-0.828920E-02
33.890000	-0.899421E-02
33.900000	-0.957380E-02
33.910000	-0.985126E-02
33.920000	-0.957248E-02
33.930000	-0.884936E-02
33.940000	-0.797288E-02
33.950000	-0.701710E-02
33.960000	-0.593430E-02
33.970000	-0.464008E-02
33.980000	-0.309447E-02
33.990000	-0.158853E-02
34.000000	-0.357511E-03
34.010000	0.545695E-03
34.020000	0.115960E-02
34.030000	0.151387E-02
34.040000	0.166107E-02
34.050000	0.178863E-02
34.060000	0.223626E-02
34.070000	0.307293E-02
34.080000	0.406717E-02
34.090000	0.506240E-02
34.100000	0.600468E-02
34.110000	0.697534E-02
34.120000	0.769831E-02
34.130000	0.786294E-02
34.140000	0.752874E-02
34.150000	0.696221E-02
34.160000	0.643131E-02
34.170000	0.602907E-02
34.180000	0.564896E-02
34.190000	0.527917E-02
34.200000	0.506143E-02
34.210000	0.482885E-02
34.220000	0.431911E-02
34.230000	0.356615E-02
34.240000	0.278999E-02
34.250000	0.216379E-02
34.260000	0.174927E-02
34.270000	0.185973E-02
34.280000	0.258272E-02
34.290000	0.364773E-02
34.300000	0.479428E-02
34.310000	0.598014E-02
34.320000	0.699947E-02
34.330000	0.771227E-02
34.340000	0.809206E-02
34.350000	0.799665E-02
34.360000	0.746131E-02
34.370000	0.674291E-02
34.380000	0.598003E-02
34.390000	0.524632E-02
34.400000	0.473335E-02
34.410000	0.460328E-02
34.420000	0.496828E-02
34.430000	0.577892E-02
34.440000	0.665270E-02
34.450000	0.715185E-02
34.460000	0.684198E-02
34.470000	0.572935E-02
34.480000	0.442242E-02
34.490000	0.345658E-02
34.500000	0.317523E-02
34.510000	0.393293E-02
34.520000	0.571429E-02
34.530000	0.807001E-02
34.540000	0.102089E-01
34.550000	0.111854E-01
34.560000	0.105328E-01
34.570000	0.836803E-02
34.580000	0.517072E-02
34.590000	0.152047E-02
34.600000	-0.172540E-02
34.610000	-0.378163E-02
34.620000	-0.437715E-02
34.630000	-0.414052E-02
34.640000	-0.392950E-02
34.650000	-0.413076E-02
34.660000	-0.481575E-02
34.670000	-0.583642E-02
34.680000	-0.685217E-02
34.690000	-0.770622E-02
34.700000	-0.801406E-02
34.710000	-0.735279E-02
34.720000	-0.611136E-02
34.730000	-0.497381E-02
34.740000	-0.403674E-02
34.750000	-0.341128E-02
34.760000	-0.340778E-02
34.770000	-0.388505E-02
34.780000	-0.453859E-02
34.790000	-0.531346E-02
34.800000	-0.600643E-02
34.810000	-0.631630E-02
34.820000	-0.608477E-02
34.830000	-0.521967E-02
34.840000	-0.381216E-02
34.850000	-0.219000E-02
34.860000	-0.933099E-03
34.870000	-0.338268E-03
34.880000	-0.258998E-03
34.890000	-0.607224E-03
34.900000	-0.138560E-02
34.910000	-0.230122E-02
34.920000	-0.299849E-02
34.930000	-0.319140E-02
34.940000	-0.291589E-02
34.950000	-0.254822E-02
34.960000	-0.205355E-02
34.970000	-0.146077E-02
34.980000	-0.940935E-03
34.990000	-0.321883E-03
35.000000	0.500876E-03
35.010000	0.144548E-02
35.020000	0.225282E-02
35.030000	0.262192E-02
35.040000	0.251954E-02
35.050000	0.186985E-02
35.060000	0.559535E-03
35.070000	-0.119572E-02
35.080000	-0.296225E-02
35.090000	-0.430276E-02
35.100000	-0.477623E-02
35.110000	-0.416451E-02
35.120000	-0.272622E-02
35.130000	-0.727381E-03
35.140000	0.133960E-02
35.150000	0.280947E-02
35.160000	0.351321E-02
35.170000	0.358536E-02
35.180000	0.333127E-02
35.190000	0.325308E-02
35.200000	0.366720E-02
35.210000	0.458267E-02
35.220000	0.576206E-02
35.230000	0.694720E-02
35.240000	0.782831E-02
35.250000	0.837128E-02
35.260000	0.887860E-02
35.270000	0.963165E-02
35.280000	0.107666E-01
35.290000	0.123551E-01
35.300000	0.141671E-01
35.310000	0.156286E-01
35.320000	0.163645E-01
35.330000	0.163429E-01
35.340000	0.157647E-01
35.350000	0.148885E-01
35.360000	0.139400E-01
35.370000	0.132073E-01
35.380000	0.128987E-01
35.390000	0.127379E-01
35.400000	0.123271E-01
35.410000	0.114708E-01
35.420000	0.101769E-01
35.430000	0.848991E-02
35.440000	0.644922E-02
35.450000	0.446099E-02
35.460000	0.307120E-02
35.470000	0.246318E-02
35.480000	0.251858E-02
35.490000	0.286614E-02
35.500000	0.320397E-02
35.510000	0.344523E-02
35.520000	0.354272E-02
35.530000	0.333709E-02
35.540000	0.268279E-02
35.550000	0.213650E-02
35.560000	0.195131E-02
35.570000	0.154333E-02
35.580000	0.889255E-03
35.590000	0.587392E-03
35.600000	0.759184E-03
35.610000	0.112109E-02
35.620000	0.135983E-02
35.630000	0.135843E-02
35.640000	0.118811E-02
35.650000	0.733983E-03
35.660000	-0.282946E-03
35.670000	-0.192073E-02
35.680000	-0.390572E-02
35.690000	-0.592909E-02
35.700000	-0.787538E-02
35.710000	-0.973047E-02
35.720000	-0.113702E-01
35.730000	-0.122500E-01
35.740000	-0.122290E-01
35.750000	-0.117338E-01
35.760000	-0.112429E-01
35.770000	-0.109014E-01
35.780000	-0.106802E-01
35.790000	-0.106778E-01
35.800000	-0.108703E-01
35.810000	-0.110901E-01
35.820000	-0.109897E-01
35.830000	-0.103454E-01
35.840000	-0.923211E-02
35.850000	-0.782138E-02
35.860000	-0.627769E-02
35.870000	-0.481930E-02
35.880000	-0.367908E-02
35.890000	-0.315090E-02
35.900000	-0.322658E-02
35.910000	-0.353033E-02
35.920000	-0.374861E-02
35.930000	-0.393184E-02
35.940000	-0.416975E-02
35.950000	-0.447852E-02
35.960000	-0.500747E-02
35.970000	-0.576177E-02
35.980000	-0.657226E-02
35.990000	-0.720998E-02
36.000000	-0.736446E-02
36.010000	-0.692873E-02
36.020000	-0.612466E-02
36.030000	-0.500797E-02
36.040000	-0.375214E-02
36.050000	-0.297392E-02
36.060000	-0.290746E-02
36.070000	-0.347395E-02
36.080000	-0.455299E-02
36.090000	-0.594895E-02
36.100000	-0.735983E-02
36.110000	-0.846890E-02
36.120000	-0.907245E-02
36.130000	-0.905518E-02
36.140000	-0.855622E-02
36.150000	-0.760753E-02
36.160000	-0.632535E-02
36.170000	-0.496031E-02
36.180000	-0.367340E-02
36.190000	-0.254307E-02
36.200000	-0.137646E-02
36.210000	-0.378669E-04
36.220000	0.120975E-02
36.230000	0.211481E-02
36.240000	0.281972E-02
36.250000	0.352908E-02
36.260000	0.423660E-02
36.270000	0.479772E-02
36.280000	0.519110E-02
36.290000	0.540194E-02
36.300000	0.533429E-02
36.310000	0.506334E-02
36.320000	0.471273E-02
36.330000	0.418901E-02
36.340000	0.359420E-02
36.350000	0.301498E-02
36.360000	0.240715E-02
36.370000	0.181078E-02
36.380000	0.120871E-02
36.390000	0.321788E-03
36.400000	-0.864686E-03
36.410000	-0.205541E-02
36.420000	-0.312410E-02
36.430000	-0.403743E-02
36.440000	-0.457783E-02
36.450000	-0.472019E-02
36.460000	-0.460324E-02
36.470000	-0.426276E-02
36.480000	-0.386395E-02
36.490000	-0.352327E-02
36.500000	-0.325064E-02
36.510000	-0.296775E-02
36.520000	-0.257058E-02
36.530000	-0.198189E-02
36.540000	-0.116542E-02
36.550000	0.147193E-04
36.560000	0.141587E-02
36.570000	0.287371E-02
36.580000	0.423156E-02
36.590000	0.532101E-02
36.600000	0.594442E-02
36.610000	0.606986E-02
36.620000	0.573535E-02
36.630000	0.527673E-02
36.640000	0.501873E-02
36.650000	0.493353E-02
36.660000	0.547391E-02
36.670000	0.683240E-02
36.680000	0.872916E-02
36.690000	0.107591E-01
36.700000	0.125832E-01
36.710000	0.139219E-01
36.720000	0.143221E-01
36.730000	0.136393E-01
36.740000	0.119797E-01
36.750000	0.950874E-02
36.760000	0.672481E-02
36.770000	0.424456E-02
36.780000	0.245441E-02
36.790000	0.142782E-02
36.800000	0.104774E-02
36.810000	0.123398E-02
36.820000	0.157672E-02
36.830000	0.145481E-02
36.840000	0.917167E-03
36.850000	-0.162706E-03
36.860000	-0.198822E-02
36.870000	-0.426890E-02
36.880000	-0.625211E-02
36.890000	-0.776470E-02
36.900000	-0.832561E-02
36.910000	-0.802003E-02
36.920000	-0.675333E-02
36.930000	-0.486575E-02
36.940000	-0.315268E-02
36.950000	-0.220026E-02
36.960000	-0.209031E-02
36.970000	-0.242724E-02
36.980000	-0.286330E-02
36.990000	-0.320528E-02
37.000000	-0.333311E-02
37.010000	-0.316636E-02
37.020000	-0.260668E-02
37.030000	-0.155923E-02
37.040000	-0.124149E-03
37.050000	0.137532E-02
37.060000	0.266509E-02
37.070000	0.379096E-02
37.080000	0.481169E-02
37.090000	0.567687E-02
37.100000	0.646184E-02
37.110000	0.713775E-02
37.120000	0.767544E-02
37.130000	0.803742E-02
37.140000	0.812672E-02
37.150000	0.803289E-02
37.160000	0.787518E-02
37.170000	0.751277E-02
37.180000	0.694792E-02
37.190000	0.653532E-02
37.200000	0.648973E-02
37.210000	0.680771E-02
37.220000	0.753464E-02
37.230000	0.865353E-02
37.240000	0.100012E-01
37.250000	0.110897E-01
37.260000	0.112835E-01
37.270000	0.105195E-01
37.280000	0.901102E-02
37.290000	0.696217E-02
37.300000	0.468125E-02
37.310000	0.263027E-02
37.320000	0.119736E-02
37.330000	0.501511E-03
37.340000	0.494078E-03
37.350000	0.913766E-03
37.360000	0.128732E-02
37.370000	0.127607E-02
37.380000	0.831593E-03
37.390000	0.782369E-04
37.400000	-0.878202E-03
37.410000	-0.179597E-02
37.420000	-0.263656E-02
37.430000	-0.364182E-02
37.440000	-0.447215E-02
37.450000	-0.477173E-02
37.460000	-0.472402E-02
37.470000	-0.434866E-02
37.480000	-0.354211E-02
37.490000	-0.259309E-02
37.500000	-0.168768E-02
37.510000	-0.887972E-03
37.520000	-0.442003E-03
37.530000	-0.506098E-03
37.540000	-0.100273E-02
37.550000	-0.191323E-02
37.560000	-0.308617E-02
37.570000	-0.415215E-02
37.580000	-0.480167E-02
37.590000	-0.474012E-02
37.600000	-0.383412E-02
37.610000	-0.229146E-02
37.620000	-0.557590E-03
37.630000	0.910624E-03
37.640000	0.163936E-02
37.650000	0.134291E-02
37.660000	0.155520E-03
37.670000	-0.149478E-02
37.680000	-0.319837E-02
37.690000	-0.455157E-02
37.700000	-0.516665E-02
37.710000	-0.481192E-02
37.720000	-0.362334E-02
37.730000	-0.214766E-02
37.740000	-0.886914E-03
37.750000	-0.253903E-03
37.760000	-0.535652E-03
37.770000	-0.177794E-02
37.780000	-0.374404E-02
37.790000	-0.591329E-02
37.800000	-0.765539E-02
37.810000	-0.872815E-02
37.820000	-0.902547E-02
37.830000	-0.846328E-02
37.840000	-0.727344E-02
37.850000	-0.580624E-02
37.860000	-0.429089E-02
37.870000	-0.291260E-02
37.880000	-0.194499E-02
37.890000	-0.165403E-02
37.900000	-0.180497E-02
37.910000	-0.224419E-02
37.920000	-0.301763E-02
37.930000	-0.396803E-02
37.940000	-0.475016E-02
37.950000	-0.512301E-02
37.960000	-0.496715E-02
37.970000	-0.412030E-02
37.980000	-0.254169E-02
37.990000	-0.539701E-03
38.000000	0.135103E-02
38.010000	0.260883E-02
38.020000	0.279955E-02
38.030000	0.186735E-02
38.040000	0.203785E-03
38.050000	-0.152931E-02
38.060000	-0.275237E-02
38.070000	-0.302198E-02
38.080000	-0.207259E-02
38.090000	-0.177181E-03
38.100000	0.203477E-02
38.110000	0.393291E-02
38.120000	0.495178E-02
38.130000	0.479573E-02
38.140000	0.359882E-02
38.150000	0.179027E-02
38.160000	-0.893486E-04
38.170000	-0.140728E-02
38.180000	-0.178594E-02
38.190000	-0.123492E-02
38.200000	0.138063E-04
38.210000	0.148466E-02
38.220000	0.274988E-02
38.230000	0.342158E-02
38.240000	0.349867E-02
38.250000	0.311603E-02
38.260000	0.228625E-02
38.270000	0.113814E-02
38.280000	-0.747909E-04
38.290000	-0.101800E-02
38.300000	-0.137147E-02
38.310000	-0.113271E-02
38.320000	-0.474724E-03
38.330000	0.396302E-03
38.340000	0.118396E-02
38.350000	0.150974E-02
38.360000	0.121407E-02
38.370000	0.343566E-03
38.380000	-0.943292E-03
38.390000	-0.247214E-02
38.400000	-0.395751E-02
38.410000	-0.512494E-02
38.420000	-0.586419E-02
38.430000	-0.617906E-02
38.440000	-0.614033E-02
38.450000	-0.594708E-02
38.460000	-0.581230E-02
38.470000	-0.590711E-02
38.480000	-0.631180E-02
38.490000	-0.690955E-02
38.500000	-0.744024E-02
38.510000	-0.774436E-02
38.520000	-0.780728E-02
38.530000	-0.754211E-02
38.540000	-0.679411E-02
38.550000	-0.557826E-02
38.560000	-0.424129E-02
38.570000	-0.308610E-02
38.580000	-0.208147E-02
38.590000	-0.123307E-02
38.600000	-0.701363E-03
38.610000	-0.454715E-03
38.620000	-0.263990E-03
38.630000	-0.366909E-04
38.640000	0.203981E-03
38.650000	0.462935E-03
38.660000	0.650415E-03
38.670000	0.663818E-03
38.680000	0.606253E-03
38.690000	0.584661E-03
38.700000	0.424242E-03
38.710000	0.103280E-03
38.720000	-0.118645E-03
38.730000	-0.998003E-04
38.740000	0.984780E-04
38.750000	0.349417E-03
38.760000	0.752295E-03
38.770000	0.149179E-02
38.780000	0.247248E-02
38.790000	0.347648E-02
38.800000	0.434536E-02
38.810000	0.507681E-02
38.820000	0.576838E-02
38.830000	0.628820E-02
38.840000	0.643795E-02
38.850000	0.632407E-02
38.860000	0.614621E-02
38.870000	0.578460E-02
38.880000	0.519850E-02
38.890000	0.470747E-02
38.900000	0.432102E-02
38.910000	0.386168E-02
38.920000	0.333973E-02
38.930000	0.285944E-02
38.940000	0.252796E-02
38.950000	0.223844E-02
38.960000	0.179485E-02
38.970000	0.123285E-02
38.980000	0.719633E-03
38.990000	0.347823E-03
39.000000	0.165084E-03
39.010000	0.196754E-03
39.020000	0.421450E-03
39.030000	0.711701E-03
39.040000	0.945350E-03
39.050000	0.105419E-02
39.060000	0.103083E-02
39.070000	0.910366E-03
39.080000	0.674752E-03
39.090000	0.328703E-03
39.100000	-0.841982E-05
39.110000	-0.184599E-03
39.120000	-0.155420E-03
39.130000	-0.274501E-04
39.140000	0.124745E-03
39.150000	0.259883E-03
39.160000	0.245344E-03
39.170000	-0.110442E-04
39.180000	-0.480192E-03
39.190000	-0.967970E-03
39.200000	-0.127597E-02
39.210000	-0.146131E-02
39.220000	-0.159952E-02
39.230000	-0.165201E-02
39.240000	-0.159889E-02
39.250000	-0.141673E-02
39.260000	-0.112399E-02
39.270000	-0.804413E-03
39.280000	-0.449406E-03
39.290000	-0.832571E-04
39.300000	0.245589E-03
39.310000	0.530522E-03
39.320000	0.788759E-03
39.330000	0.105057E-02
39.340000	0.134278E-02
39.350000	0.160439E-02
39.360000	0.180661E-02
39.370000	0.204938E-02
39.380000	0.235353E-02
39.390000	0.263071E-02
39.400000	0.280425E-02
39.410000	0.284335E-02
39.420000	0.272234E-02
39.430000	0.244995E-02
39.440000	0.207917E-02
39.450000	0.166847E-02
39.460000	0.125707E-02
39.470000	0.909285E-03
39.480000	0.669707E-03
39.490000	0.551003E-03
39.500000	0.530769E-03
39.510000	0.551546E-03
39.520000	0.556643E-03
39.530000	0.537340E-03
39.540000	0.486332E-03
39.550000	0.385841E-03
39.560000	0.205353E-03
39.570000	-0.428510E-04
39.580000	-0.279927E-03
39.590000	-0.439211E-03
39.600000	-0.501940E-03
39.610000	-0.482126E-03
39.620000	-0.361846E-03
39.630000	-0.159629E-03
39.640000	0.449495E-04
39.650000	0.179308E-03
39.660000	0.195352E-03
39.670000	0.106593E-03
39.680000	-0.608248E-04
39.690000	-0.284979E-03
39.700000	-0.526008E-03
39.710000	-0.731364E-03
39.720000	-0.847125E-03
39.730000	-0.876880E-03
39.740000	-0.866047E-03
39.750000	-0.848172E-03
39.760000	-0.828006E-03
39.770000	-0.803372E-03
39.780000	-0.777299E-03
39.790000	-0.760645E-03
39.800000	-0.759100E-03
39.810000	-0.762344E-03
39.820000	-0.770100E-03
39.830000	-0.770020E-03
39.840000	-0.743668E-03
39.850000	-0.688661E-03
39.860000	-0.618757E-03
39.870000	-0.544973E-03
39.880000	-0.464429E-03
39.890000	-0.363323E-03
39.900000	-0.252921E-03
39.910000	-0.147528E-03
39.920000	-0.606107E-04
39.930000	-0.475179E-05
39.940000	0.183541E-04
39.950000	0.323134E-04
39.960000	0.648570E-04
39.970000	0.126830E-03
39.980000	0.213628E-03
39.990000	0.305139E-03
40.000000	0.385495E-03
40.010000	0.438851E-03
40.020000	0.451685E-03
40.030000	0.425308E-03
40.040000	0.373799E-03
40.050000	0.316101E-03
40.060000	0.266485E-03
40.070000	0.230722E-03
40.080000	0.209876E-03
40.090000	0.194751E-03
40.100000	0.174997E-03
40.110000	0.133014E-03
40.120000	0.598810E-04
40.130000	-0.336102E-04
40.140000	-0.131392E-03
40.150000	-0.222243E-03
40.160000	-0.296774E-03
40.170000	-0.343071E-03
40.180000	-0.360738E-03
40.190000	-0.358975E-03
40.200000	-0.350448E-03
40.210000	-0.345897E-03
40.220000	-0.347328E-03
40.230000	-0.348494E-03
40.240000	-0.346420E-03
40.250000	-0.343281E-03
40.260000	-0.337264E-03
40.270000	-0.321304E-03
40.280000	-0.298528E-03
40.290000	-0.277567E-03
40.300000	-0.261494E-03
40.310000	-0.250467E-03
40.320000	-0.242688E-03
40.330000	-0.235699E-03
40.340000	-0.225714E-03
40.350000	-0.211769E-03
40.360000	-0.197085E-03
40.370000	-0.186034E-03
40.380000	-0.180345E-03
40.390000	-0.180749E-03
40.400000	-0.186136E-03
40.410000	-0.194751E-03
40.420000	-0.204550E-03
40.430000	-0.213518E-03
40.440000	-0.220858E-03
40.450000	-0.225392E-03
40.460000	-0.226542E-03
40.470000	-0.224726E-03
40.480000	-0.219502E-03
40.490000	-0.210706E-03
40.500000	-0.200936E-03
40.510000	-0.191663E-03
40.520000	-0.182779E-03
40.530000	-0.174252E-03
40.540000	-0.165683E-03
40.550000	-0.156922E-03
40.560000	-0.148108E-03
40.570000	-0.138836E-03
40.580000	-0.128858E-03
40.590000	-0.118517E-03
40.600000	-0.108546E-03
40.610000	-0.990103E-04
40.620000	-0.899613E-04
40.630000	-0.818169E-04
40.640000	-0.747228E-04
40.650000	-0.684467E-04
40.660000	-0.628032E-04
40.670000	-0.576140E-04
40.680000	-0.525875E-04
40.690000	-0.476320E-04
40.700000	-0.428869E-04
40.710000	-0.383607E-04
40.720000	-0.339286E-04
40.730000	-0.294975E-04
40.740000	-0.249733E-04
40.750000	-0.203124E-04
40.760000	-0.155142E-04
40.770000	-0.106215E-04
40.780000	-0.571240E-05
40.790000	-0.863268E-06
40.800000	0.388541E-05
40.810000	0.853964E-05
40.820000	0.131493E-04
40.830000	0.177233E-04
40.840000	0.222640E-04
40.850000	0.268028E-04
40.860000	0.313651E-04
40.870000	0.359429E-04
40.880000	0.405088E-04
40.890000	0.450385E-04
40.900000	0.495168E-04
40.910000	0.539348E-04
40.920000	0.582867E-04
40.930000	0.625696E-04
40.940000	0.667816E-04
40.950000	0.709217E-04
40.960000	0.749889E-04
