0.000000	0.000000
0.010000	0.767534E-04
0.020000	-0.707411E-04
0.030000	0.770447E-04
0.040000	-0.718170E-04
0.050000	0.806618E-04
0.060000	-0.622081E-04
0.070000	0.922514E-04
0.080000	-0.580196E-04
0.090000	0.977937E-04
0.100000	-0.519994E-04
0.110000	0.106566E-03
0.120000	-0.459708E-04
0.130000	0.115699E-03
0.140000	-0.413788E-04
0.150000	0.116474E-03
0.160000	-0.119446E-03
0.170000	0.901669E-04
0.180000	0.253093E-04
0.190000	0.226348E-03
0.200000	0.837676E-04
0.210000	0.242459E-03
0.220000	0.216128E-04
0.230000	0.134098E-03
0.240000	-0.884805E-05
0.250000	0.146480E-03
0.260000	-0.115094E-04
0.270000	0.195270E-04
0.280000	-0.361852E-03
0.290000	-0.262656E-03
0.300000	-0.408000E-03
0.310000	-0.162347E-03
0.320000	-0.275147E-04
0.330000	0.269509E-03
0.340000	0.303694E-04
0.350000	-0.159668E-03
0.360000	-0.105791E-02
0.370000	-0.137925E-02
0.380000	-0.883265E-03
0.390000	0.671108E-03
0.400000	0.160154E-02
0.410000	0.177058E-02
0.420000	0.742434E-03
0.430000	0.670997E-03
0.440000	0.323076E-03
0.450000	0.879437E-03
0.460000	0.155396E-02
0.470000	0.203237E-02
0.480000	0.132700E-02
0.490000	0.765544E-03
0.500000	-0.366459E-03
0.510000	-0.154354E-02
0.520000	-0.195850E-02
0.530000	-0.107257E-02
0.540000	-0.200025E-03
0.550000	0.752918E-03
0.560000	0.116255E-03
0.570000	-0.159995E-02
0.580000	-0.301595E-02
0.590000	-0.254004E-02
0.600000	-0.136769E-02
0.610000	0.202555E-02
0.620000	0.513428E-02
0.630000	0.693677E-02
0.640000	0.706096E-02
0.650000	0.563519E-02
0.660000	0.173454E-02
0.670000	-0.112076E-02
0.680000	-0.869166E-02
0.690000	-0.127155E-01
0.700000	-0.957227E-02
0.710000	-0.371324E-02
0.720000	-0.131144E-02
0.730000	0.201420E-03
0.740000	0.230626E-02
0.750000	0.281320E-02
0.760000	0.641467E-03
0.770000	-0.562103E-02
0.780000	-0.935143E-02
0.790000	-0.689644E-02
0.800000	-0.242369E-03
0.810000	0.473971E-02
0.820000	0.554211E-02
0.830000	0.421047E-02
0.840000	0.294822E-02
0.850000	0.618003E-02
0.860000	0.100538E-01
0.870000	0.134685E-01
0.880000	0.145974E-01
0.890000	0.125813E-01
0.900000	0.655080E-02
0.910000	-0.240271E-02
0.920000	-0.152233E-01
0.930000	-0.261822E-01
0.940000	-0.269701E-01
0.950000	-0.104123E-01
0.960000	0.885375E-02
0.970000	0.177413E-01
0.980000	0.547857E-02
0.990000	-0.120272E-01
1.000000	-0.255796E-01
1.010000	-0.211024E-01
1.020000	-0.146981E-02
1.030000	0.175749E-01
1.040000	0.249944E-01
1.050000	0.245433E-01
1.060000	0.238711E-01
1.070000	0.182111E-01
1.080000	0.738484E-02
1.090000	0.642515E-03
1.100000	-0.482708E-03
1.110000	0.239025E-02
1.120000	0.205119E-02
1.130000	-0.407222E-02
1.140000	-0.111454E-01
1.150000	-0.113738E-01
1.160000	-0.690887E-02
1.170000	-0.388053E-02
1.180000	-0.324667E-02
1.190000	-0.618477E-02
1.200000	-0.113308E-01
1.210000	-0.208077E-01
1.220000	-0.287285E-01
1.230000	-0.312890E-01
1.240000	-0.312689E-01
1.250000	-0.229923E-01
1.260000	-0.681332E-02
1.270000	0.983140E-02
1.280000	0.139151E-01
1.290000	0.818707E-02
1.300000	0.913574E-03
1.310000	-0.172107E-02
1.320000	0.691211E-02
1.330000	0.281919E-01
1.340000	0.335796E-01
1.350000	0.249473E-01
1.360000	0.170434E-01
1.370000	0.138829E-01
1.380000	0.136939E-01
1.390000	0.138938E-01
1.400000	0.120016E-01
1.410000	0.411979E-02
1.420000	-0.516392E-02
1.430000	-0.766117E-02
1.440000	-0.812087E-02
1.450000	-0.978523E-02
1.460000	-0.122300E-01
1.470000	-0.156602E-01
1.480000	-0.182349E-01
1.490000	-0.155775E-01
1.500000	-0.673702E-02
1.510000	-0.784619E-04
1.520000	0.124959E-03
1.530000	-0.391776E-04
1.540000	0.254007E-02
1.550000	0.107537E-01
1.560000	0.208584E-01
1.570000	0.272337E-01
1.580000	0.251147E-01
1.590000	0.165533E-01
1.600000	0.102090E-01
1.610000	0.565281E-02
1.620000	-0.715107E-02
1.630000	-0.204221E-01
1.640000	-0.245261E-01
1.650000	-0.247229E-01
1.660000	-0.214060E-01
1.670000	-0.183583E-01
1.680000	-0.148124E-01
1.690000	-0.891166E-02
1.700000	-0.413334E-02
1.710000	-0.389714E-02
1.720000	-0.924859E-02
1.730000	-0.189858E-01
1.740000	-0.202651E-01
1.750000	-0.156023E-01
1.760000	-0.140387E-01
1.770000	-0.932270E-02
1.780000	0.220528E-02
1.790000	0.109057E-01
1.800000	0.191428E-01
1.810000	0.290125E-01
1.820000	0.319445E-01
1.830000	0.292642E-01
1.840000	0.247711E-01
1.850000	0.209203E-01
1.860000	0.187753E-01
1.870000	0.197292E-01
1.880000	0.193944E-01
1.890000	0.182698E-01
1.900000	0.719266E-02
1.910000	-0.377149E-02
1.920000	-0.649440E-02
1.930000	-0.105480E-01
1.940000	-0.164639E-01
1.950000	-0.191656E-01
1.960000	-0.198411E-01
1.970000	-0.154941E-01
1.980000	-0.119772E-01
1.990000	-0.911008E-02
2.000000	-0.486348E-02
2.010000	0.139165E-02
2.020000	0.977993E-02
2.030000	0.144042E-01
2.040000	0.145631E-01
2.050000	0.144377E-01
2.060000	0.113654E-01
2.070000	0.987725E-02
2.080000	0.697091E-02
2.090000	0.148012E-02
2.100000	-0.306870E-02
2.110000	-0.660487E-02
2.120000	-0.102813E-01
2.130000	-0.121063E-01
2.140000	-0.129261E-01
2.150000	-0.137340E-01
2.160000	-0.145604E-01
2.170000	-0.189389E-01
2.180000	-0.269094E-01
2.190000	-0.307993E-01
2.200000	-0.287996E-01
2.210000	-0.194848E-01
2.220000	-0.338898E-02
2.230000	0.712955E-02
2.240000	0.895268E-02
2.250000	0.725779E-02
2.260000	0.280203E-02
2.270000	0.196351E-03
2.280000	-0.349555E-02
2.290000	-0.695178E-02
2.300000	-0.598949E-02
2.310000	-0.142656E-02
2.320000	0.178494E-01
2.330000	0.340154E-01
2.340000	0.332249E-01
2.350000	0.288803E-01
2.360000	0.225062E-01
2.370000	0.159373E-01
2.380000	0.107490E-01
2.390000	0.597577E-02
2.400000	-0.323076E-02
2.410000	-0.128607E-01
2.420000	-0.176526E-01
2.430000	-0.166037E-01
2.440000	-0.101012E-01
2.450000	-0.190904E-02
2.460000	0.114719E-02
2.470000	0.989036E-03
2.480000	-0.236474E-02
2.490000	-0.325046E-02
2.500000	-0.606052E-04
2.510000	0.750371E-02
2.520000	0.104526E-01
2.530000	0.128534E-01
2.540000	0.131983E-01
2.550000	0.173587E-01
2.560000	0.141425E-01
2.570000	0.275266E-02
2.580000	-0.226348E-02
2.590000	-0.424312E-02
2.600000	-0.198965E-01
2.610000	-0.400274E-01
2.620000	-0.563914E-01
2.630000	-0.732077E-01
2.640000	-0.766313E-01
2.650000	-0.649742E-01
2.660000	-0.358406E-01
2.670000	-0.199074E-02
2.680000	0.279596E-01
2.690000	0.449802E-01
2.700000	0.384558E-01
2.710000	0.323393E-01
2.720000	0.235949E-01
2.730000	0.134979E-01
2.740000	0.101196E-01
2.750000	0.162923E-01
2.760000	0.195271E-01
2.770000	0.194736E-01
2.780000	0.150979E-01
2.790000	0.172812E-01
2.800000	0.234957E-01
2.810000	0.300841E-01
2.820000	0.288753E-01
2.830000	0.260807E-01
2.840000	0.168519E-01
2.850000	0.941344E-02
2.860000	0.772228E-02
2.870000	0.110248E-01
2.880000	0.107909E-01
2.890000	-0.152220E-03
2.900000	-0.117435E-01
2.910000	-0.909661E-02
2.920000	-0.812818E-02
2.930000	-0.670050E-02
2.940000	-0.197953E-01
2.950000	-0.396656E-01
2.960000	-0.540997E-01
2.970000	-0.499669E-01
2.980000	-0.449031E-01
2.990000	-0.429656E-01
3.000000	-0.410540E-01
3.010000	-0.384065E-01
3.020000	-0.250654E-01
3.030000	0.135619E-01
3.040000	0.507537E-01
3.050000	0.857886E-01
3.060000	0.121901E+00
3.070000	0.152062E+00
3.080000	0.148463E+00
3.090000	0.138282E+00
3.100000	0.116017E+00
3.110000	0.736700E-01
3.120000	0.320684E-01
3.130000	-0.566578E-02
3.140000	-0.279061E-01
3.150000	-0.254453E-01
3.160000	-0.510934E-02
3.170000	0.270664E-01
3.180000	0.551881E-01
3.190000	0.755295E-01
3.200000	0.681023E-01
3.210000	0.494012E-01
3.220000	0.269276E-01
3.230000	0.108474E-01
3.240000	-0.689670E-02
3.250000	-0.202378E-01
3.260000	-0.303819E-01
3.270000	-0.355166E-01
3.280000	-0.361944E-01
3.290000	-0.241842E-01
3.300000	-0.185795E-01
3.310000	-0.243049E-01
3.320000	-0.430166E-01
3.330000	-0.881813E-01
3.340000	-0.143001E+00
3.350000	-0.196102E+00
3.360000	-0.220781E+00
3.370000	-0.196962E+00
3.380000	-0.183291E+00
3.390000	-0.155968E+00
3.400000	-0.852993E-01
3.410000	-0.157234E-02
3.420000	0.611004E-01
3.430000	0.114748E+00
3.440000	0.140479E+00
3.450000	0.109777E+00
3.460000	0.717605E-01
3.470000	0.924531E-01
3.480000	0.842767E-01
3.490000	0.224656E-01
3.500000	-0.780820E-01
3.510000	-0.158144E+00
3.520000	-0.253268E+00
3.530000	-0.235149E+00
3.540000	-0.198291E+00
3.550000	-0.104983E+00
3.560000	0.505722E-01
3.570000	0.115316E+00
3.580000	0.152675E+00
3.590000	0.344874E+00
3.600000	0.371180E+00
3.610000	0.288247E+00
3.620000	0.246146E+00
3.630000	0.252607E+00
3.640000	0.295171E+00
3.650000	0.272249E+00
3.660000	0.180136E+00
3.670000	0.850292E-01
3.680000	0.263472E-03
3.690000	-0.444712E-01
3.700000	-0.686044E-01
3.710000	-0.118885E+00
3.720000	-0.137903E+00
3.730000	-0.124088E+00
3.740000	-0.172613E+00
3.750000	-0.256578E+00
3.760000	-0.321082E+00
3.770000	-0.381255E+00
3.780000	-0.445863E+00
3.790000	-0.479856E+00
3.800000	-0.461549E+00
3.810000	-0.437653E+00
3.820000	-0.407609E+00
3.830000	-0.284556E+00
3.840000	-0.128986E+00
3.850000	-0.468358E-02
3.860000	0.319528E-01
3.870000	0.243545E-01
3.880000	0.257811E-01
3.890000	0.220141E-01
3.900000	0.189715E-01
3.910000	0.158655E-01
3.920000	0.220567E-01
3.930000	0.356138E-01
3.940000	0.632384E-01
3.950000	0.781568E-01
3.960000	0.724981E-01
3.970000	0.449564E-01
3.980000	0.326375E-01
3.990000	0.352557E-01
4.000000	0.644706E-01
4.010000	0.120279E+00
4.020000	0.173816E+00
4.030000	0.223188E+00
4.040000	0.273295E+00
4.050000	0.315041E+00
4.060000	0.330782E+00
4.070000	0.320922E+00
4.080000	0.303659E+00
4.090000	0.293072E+00
4.100000	0.264633E+00
4.110000	0.207690E+00
4.120000	0.145086E+00
4.130000	0.120962E+00
4.140000	0.123827E+00
4.150000	0.150745E+00
4.160000	0.181787E+00
4.170000	0.186424E+00
4.180000	0.183674E+00
4.190000	0.181378E+00
4.200000	0.134157E+00
4.210000	0.638304E-01
4.220000	-0.422242E-04
4.230000	-0.375937E-01
4.240000	-0.513162E-01
4.250000	-0.735246E-01
4.260000	-0.138436E+00
4.270000	-0.213557E+00
4.280000	-0.278919E+00
4.290000	-0.343683E+00
4.300000	-0.408334E+00
4.310000	-0.442415E+00
4.320000	-0.427354E+00
4.330000	-0.403985E+00
4.340000	-0.375964E+00
4.350000	-0.353623E+00
4.360000	-0.335401E+00
4.370000	-0.316740E+00
4.380000	-0.301046E+00
4.390000	-0.289147E+00
4.400000	-0.281505E+00
4.410000	-0.272522E+00
4.420000	-0.257812E+00
4.430000	-0.213986E+00
4.440000	-0.150446E+00
4.450000	-0.950493E-01
4.460000	-0.555535E-01
4.470000	-0.142443E-01
4.480000	0.483419E-01
4.490000	0.141376E+00
4.500000	0.229390E+00
4.510000	0.308838E+00
4.520000	0.393139E+00
4.530000	0.450239E+00
4.540000	0.487732E+00
4.550000	0.516457E+00
4.560000	0.494076E+00
4.570000	0.465556E+00
4.580000	0.451880E+00
4.590000	0.433744E+00
4.600000	0.406088E+00
4.610000	0.387814E+00
4.620000	0.408320E+00
4.630000	0.390900E+00
4.640000	0.317007E+00
4.650000	0.249097E+00
4.660000	0.191433E+00
4.670000	0.141804E+00
4.680000	0.959413E-01
4.690000	0.817158E-01
4.700000	0.855833E-01
4.710000	0.810453E-01
4.720000	0.719827E-01
4.730000	0.631534E-01
4.740000	0.580928E-01
4.750000	0.501116E-01
4.760000	0.158153E-01
4.770000	-0.255832E-01
4.780000	-0.615127E-01
4.790000	-0.964348E-01
4.800000	-0.129781E+00
4.810000	-0.150858E+00
4.820000	-0.148646E+00
4.830000	-0.144784E+00
4.840000	-0.144443E+00
4.850000	-0.154508E+00
4.860000	-0.203438E+00
4.870000	-0.259066E+00
4.880000	-0.307728E+00
4.890000	-0.356187E+00
4.900000	-0.403577E+00
4.910000	-0.446389E+00
4.920000	-0.457511E+00
4.930000	-0.438789E+00
4.940000	-0.427798E+00
4.950000	-0.406290E+00
4.960000	-0.390552E+00
4.970000	-0.296757E+00
4.980000	-0.149893E+00
4.990000	-0.184846E-01
5.000000	0.279809E-01
5.010000	0.468497E-01
5.020000	0.821172E-01
5.030000	0.904674E-01
5.040000	0.877624E-01
5.050000	0.819596E-01
5.060000	0.732314E-01
5.070000	0.754845E-01
5.080000	0.107471E+00
5.090000	0.182692E+00
5.100000	0.264121E+00
5.110000	0.324052E+00
5.120000	0.372124E+00
5.130000	0.415841E+00
5.140000	0.423882E+00
5.150000	0.405209E+00
5.160000	0.388137E+00
5.170000	0.359228E+00
5.180000	0.323447E+00
5.190000	0.277280E+00
5.200000	0.233025E+00
5.210000	0.200923E+00
5.220000	0.169135E+00
5.230000	0.126445E+00
5.240000	0.568922E-01
5.250000	-0.330888E-01
5.260000	-0.788905E-01
5.270000	-0.829068E-01
5.280000	-0.934139E-01
5.290000	-0.111540E+00
5.300000	-0.126328E+00
5.310000	-0.141901E+00
5.320000	-0.175939E+00
5.330000	-0.234231E+00
5.340000	-0.282885E+00
5.350000	-0.332610E+00
5.360000	-0.350584E+00
5.370000	-0.341017E+00
5.380000	-0.336492E+00
5.390000	-0.294074E+00
5.400000	-0.189039E+00
5.410000	-0.176404E+00
5.420000	-0.187109E+00
5.430000	-0.204483E+00
5.440000	-0.237783E+00
5.450000	-0.249824E+00
5.460000	-0.258649E+00
5.470000	-0.275326E+00
5.480000	-0.289651E+00
5.490000	-0.290803E+00
5.500000	-0.287745E+00
5.510000	-0.278409E+00
5.520000	-0.262258E+00
5.530000	-0.242988E+00
5.540000	-0.220577E+00
5.550000	-0.195387E+00
5.560000	-0.156580E+00
5.570000	-0.707395E-01
5.580000	-0.396726E-02
5.590000	0.119958E-01
5.600000	0.525069E-01
5.610000	0.116946E+00
5.620000	0.172621E+00
5.630000	0.224637E+00
5.640000	0.276084E+00
5.650000	0.327681E+00
5.660000	0.353182E+00
5.670000	0.335954E+00
5.680000	0.309008E+00
5.690000	0.296689E+00
5.700000	0.301292E+00
5.710000	0.299505E+00
5.720000	0.297151E+00
5.730000	0.286835E+00
5.740000	0.263188E+00
5.750000	0.231705E+00
5.760000	0.194237E+00
5.770000	0.161468E+00
5.780000	0.122259E+00
5.790000	0.834024E-01
5.800000	0.576211E-01
5.810000	0.514570E-01
5.820000	0.501431E-01
5.830000	0.485827E-01
5.840000	0.630622E-01
5.850000	0.744155E-01
5.860000	0.715656E-01
5.870000	0.584804E-01
5.880000	0.371246E-01
5.890000	0.134816E-01
5.900000	-0.812664E-02
5.910000	-0.393310E-01
5.920000	-0.923363E-01
5.930000	-0.106497E+00
5.940000	-0.107731E+00
5.950000	-0.149256E+00
5.960000	-0.195619E+00
5.970000	-0.196818E+00
5.980000	-0.188653E+00
5.990000	-0.181750E+00
6.000000	-0.168330E+00
6.010000	-0.157349E+00
6.020000	-0.148935E+00
6.030000	-0.153322E+00
6.040000	-0.167206E+00
6.050000	-0.182678E+00
6.060000	-0.185610E+00
6.070000	-0.184154E+00
6.080000	-0.175305E+00
6.090000	-0.145409E+00
6.100000	-0.114247E+00
6.110000	-0.858501E-01
6.120000	-0.593883E-01
6.130000	-0.500733E-01
6.140000	-0.487059E-01
6.150000	-0.407514E-01
6.160000	-0.310750E-01
6.170000	0.744778E-02
6.180000	0.673434E-01
6.190000	0.120406E+00
6.200000	0.172191E+00
6.210000	0.215162E+00
6.220000	0.231396E+00
6.230000	0.233016E+00
6.240000	0.231386E+00
6.250000	0.217136E+00
6.260000	0.158152E+00
6.270000	0.789732E-01
6.280000	0.431399E-01
6.290000	0.400865E-01
6.300000	0.378205E-01
6.310000	0.367565E-01
6.320000	0.402757E-01
6.330000	0.396854E-01
6.340000	0.340327E-01
6.350000	0.284739E-01
6.360000	0.262491E-01
6.370000	0.288525E-01
6.380000	0.386027E-01
6.390000	0.610853E-01
6.400000	0.516391E-01
6.410000	0.686263E-02
6.420000	-0.312156E-01
6.430000	-0.682889E-01
6.440000	-0.921778E-01
6.450000	-0.105466E+00
6.460000	-0.117846E+00
6.470000	-0.111882E+00
6.480000	-0.104241E+00
6.490000	-0.110267E+00
6.500000	-0.110083E+00
6.510000	-0.112390E+00
6.520000	-0.110511E+00
6.530000	-0.784479E-01
6.540000	-0.390123E-01
6.550000	-0.794908E-02
6.560000	0.255090E-01
6.570000	0.423951E-01
6.580000	0.477949E-01
6.590000	0.655969E-01
6.600000	0.882017E-01
6.610000	0.105639E+00
6.620000	0.125175E+00
6.630000	0.131321E+00
6.640000	0.129198E+00
6.650000	0.130153E+00
6.660000	0.138445E+00
6.670000	0.152557E+00
6.680000	0.169896E+00
6.690000	0.175611E+00
6.700000	0.172745E+00
6.710000	0.168272E+00
6.720000	0.161891E+00
6.730000	0.152501E+00
6.740000	0.134694E+00
6.750000	0.108555E+00
6.760000	0.868282E-01
6.770000	0.818053E-01
6.780000	0.887555E-01
6.790000	0.935958E-01
6.800000	0.918850E-01
6.810000	0.828035E-01
6.820000	0.695566E-01
6.830000	0.518151E-01
6.840000	0.268761E-01
6.850000	-0.562335E-03
6.860000	-0.686920E-01
6.870000	-0.149166E+00
6.880000	-0.174021E+00
6.890000	-0.180665E+00
6.900000	-0.190725E+00
6.910000	-0.177814E+00
6.920000	-0.147428E+00
6.930000	-0.130290E+00
6.940000	-0.125014E+00
6.950000	-0.135683E+00
6.960000	-0.157341E+00
6.970000	-0.180194E+00
6.980000	-0.201615E+00
6.990000	-0.222321E+00
7.000000	-0.240295E+00
7.010000	-0.237948E+00
7.020000	-0.168170E+00
7.030000	-0.703534E-01
7.040000	-0.346916E-02
7.050000	0.816231E-02
7.060000	-0.340305E-01
7.070000	-0.135514E+00
7.080000	-0.222701E+00
7.090000	-0.222021E+00
7.100000	-0.206107E+00
7.110000	-0.200367E+00
7.120000	-0.184421E+00
7.130000	-0.163810E+00
7.140000	-0.138636E+00
7.150000	-0.726834E-01
7.160000	0.236140E-02
7.170000	0.687585E-01
7.180000	0.111289E+00
7.190000	0.121127E+00
7.200000	0.125209E+00
7.210000	0.123261E+00
7.220000	0.102305E+00
7.230000	0.509078E-01
7.240000	0.112923E-02
7.250000	-0.124087E-01
7.260000	-0.108040E-01
7.270000	0.649982E-02
7.280000	0.759789E-01
7.290000	0.150418E+00
7.300000	0.215631E+00
7.310000	0.279737E+00
7.320000	0.306391E+00
7.330000	0.301887E+00
7.340000	0.278555E+00
7.350000	0.237374E+00
7.360000	0.201532E+00
7.370000	0.164251E+00
7.380000	0.138394E+00
7.390000	0.154646E+00
7.400000	0.139926E+00
7.410000	0.643307E-01
7.420000	0.118756E-02
7.430000	-0.632295E-01
7.440000	-0.103567E+00
7.450000	-0.111807E+00
7.460000	-0.107650E+00
7.470000	-0.100729E+00
7.480000	-0.824743E-02
7.490000	0.140633E-01
7.500000	-0.103138E-01
7.510000	-0.360369E-01
7.520000	-0.588082E-01
7.530000	-0.750650E-01
7.540000	-0.922275E-01
7.550000	-0.110378E+00
7.560000	-0.129265E+00
7.570000	-0.135063E+00
7.580000	-0.130446E+00
7.590000	-0.125058E+00
7.600000	-0.116131E+00
7.610000	-0.112435E+00
7.620000	-0.112521E+00
7.630000	-0.147596E+00
7.640000	-0.163439E+00
7.650000	-0.157577E+00
7.660000	-0.152880E+00
7.670000	-0.145085E+00
7.680000	-0.129471E+00
7.690000	-0.106063E+00
7.700000	-0.786377E-01
7.710000	-0.524966E-01
7.720000	-0.320467E-01
7.730000	0.839110E-02
7.740000	0.716945E-01
7.750000	0.990513E-01
7.760000	0.107189E+00
7.770000	0.111092E+00
7.780000	0.111346E+00
7.790000	0.102161E+00
7.800000	0.940837E-01
7.810000	0.111297E-01
7.820000	-0.489902E-01
7.830000	-0.422515E-01
7.840000	0.290166E-01
7.850000	0.810425E-01
7.860000	0.831215E-01
7.870000	0.991605E-01
7.880000	0.116971E+00
7.890000	0.136299E+00
7.900000	0.153244E+00
7.910000	0.170167E+00
7.920000	0.178470E+00
7.930000	0.178734E+00
7.940000	0.170391E+00
7.950000	0.164116E+00
7.960000	0.121663E+00
7.970000	0.506323E-01
7.980000	-0.126738E-01
7.990000	-0.736148E-01
8.000000	-0.108080E+00
8.010000	-0.112421E+00
8.020000	-0.110023E+00
8.030000	-0.109794E+00
8.040000	-0.761303E-01
8.050000	0.392079E-02
8.060000	0.784911E-01
8.070000	0.103098E+00
8.080000	0.944703E-01
8.090000	0.881921E-01
8.100000	0.692269E-01
8.110000	0.396546E-01
8.120000	-0.397149E-02
8.130000	-0.162686E-01
8.140000	0.864163E-02
8.150000	0.108843E+00
8.160000	0.165857E+00
8.170000	0.137755E+00
8.180000	0.102123E+00
8.190000	0.785799E-01
8.200000	0.714342E-01
8.210000	0.623413E-01
8.220000	0.821829E-01
8.230000	0.138623E+00
8.240000	0.188208E+00
8.250000	0.217695E+00
8.260000	0.245167E+00
8.270000	0.268305E+00
8.280000	0.272814E+00
8.290000	0.282502E+00
8.300000	0.294449E+00
8.310000	0.303081E+00
8.320000	0.308801E+00
8.330000	0.301699E+00
8.340000	0.288880E+00
8.350000	0.273445E+00
8.360000	0.250805E+00
8.370000	0.223606E+00
8.380000	0.182417E+00
8.390000	0.139528E+00
8.400000	0.109888E+00
8.410000	0.937035E-01
8.420000	0.527155E-01
8.430000	0.854455E-02
8.440000	-0.130920E-01
8.450000	-0.514378E-01
8.460000	-0.109048E+00
8.470000	-0.162730E+00
8.480000	-0.212011E+00
8.490000	-0.261487E+00
8.500000	-0.307459E+00
8.510000	-0.341175E+00
8.520000	-0.363084E+00
8.530000	-0.376249E+00
8.540000	-0.376800E+00
8.550000	-0.375584E+00
8.560000	-0.368853E+00
8.570000	-0.358331E+00
8.580000	-0.343570E+00
8.590000	-0.324846E+00
8.600000	-0.303200E+00
8.610000	-0.281671E+00
8.620000	-0.260568E+00
8.630000	-0.241800E+00
8.640000	-0.229452E+00
8.650000	-0.222107E+00
8.660000	-0.216422E+00
8.670000	-0.213299E+00
8.680000	-0.207689E+00
8.690000	-0.199748E+00
8.700000	-0.190136E+00
8.710000	-0.181675E+00
8.720000	-0.173751E+00
8.730000	-0.171533E+00
8.740000	-0.171955E+00
8.750000	-0.173883E+00
8.760000	-0.176424E+00
8.770000	-0.179682E+00
8.780000	-0.180061E+00
8.790000	-0.182949E+00
8.800000	-0.189194E+00
8.810000	-0.200292E+00
8.820000	-0.212885E+00
8.830000	-0.226687E+00
8.840000	-0.236589E+00
8.850000	-0.247488E+00
8.860000	-0.256557E+00
8.870000	-0.266160E+00
8.880000	-0.268512E+00
8.890000	-0.262464E+00
8.900000	-0.250974E+00
8.910000	-0.236091E+00
8.920000	-0.212961E+00
8.930000	-0.180137E+00
8.940000	-0.135780E+00
8.950000	-0.935666E-01
8.960000	-0.581557E-01
8.970000	-0.319428E-01
8.980000	-0.109145E-01
8.990000	0.810001E-02
9.000000	0.248342E-01
9.010000	0.411839E-01
9.020000	0.598346E-01
9.030000	0.794912E-01
9.040000	0.101017E+00
9.050000	0.125714E+00
9.060000	0.149717E+00
9.070000	0.173056E+00
9.080000	0.201862E+00
9.090000	0.225817E+00
9.100000	0.242330E+00
9.110000	0.260426E+00
9.120000	0.279101E+00
9.130000	0.294057E+00
9.140000	0.308466E+00
9.150000	0.326053E+00
9.160000	0.338366E+00
9.170000	0.352794E+00
9.180000	0.385687E+00
9.190000	0.412116E+00
9.200000	0.435271E+00
9.210000	0.408468E+00
9.220000	0.363190E+00
9.230000	0.318929E+00
9.240000	0.323134E+00
9.250000	0.311954E+00
9.260000	0.231106E+00
9.270000	0.166794E+00
9.280000	0.102649E+00
9.290000	0.122667E+00
9.300000	0.161319E+00
9.310000	0.137463E+00
9.320000	0.120400E+00
9.330000	0.127830E+00
9.340000	0.167001E+00
9.350000	0.232312E+00
9.360000	0.272031E+00
9.370000	0.258709E+00
9.380000	0.239177E+00
9.390000	0.214462E+00
9.400000	0.129455E+00
9.410000	0.261065E-01
9.420000	-0.196235E-02
9.430000	0.327374E-02
9.440000	-0.162885E-03
9.450000	0.166209E-02
9.460000	0.599407E-02
9.470000	-0.642789E-02
9.480000	-0.286409E-01
9.490000	-0.492180E-01
9.500000	-0.625338E-01
9.510000	-0.611582E-01
9.520000	-0.559664E-01
9.530000	-0.477652E-01
9.540000	-0.406187E-01
9.550000	-0.376911E-01
9.560000	-0.356493E-01
9.570000	-0.373056E-01
9.580000	-0.411762E-01
9.590000	-0.422066E-01
9.600000	-0.448342E-01
9.610000	-0.482894E-01
9.620000	-0.504808E-01
9.630000	-0.575898E-01
9.640000	-0.643728E-01
9.650000	-0.713820E-01
9.660000	-0.793672E-01
9.670000	-0.921616E-01
9.680000	-0.103512E+00
9.690000	-0.114294E+00
9.700000	-0.123728E+00
9.710000	-0.131614E+00
9.720000	-0.137012E+00
9.730000	-0.134647E+00
9.740000	-0.128771E+00
9.750000	-0.117425E+00
9.760000	-0.104206E+00
9.770000	-0.887987E-01
9.780000	-0.720204E-01
9.790000	-0.538650E-01
9.800000	-0.327537E-01
9.810000	-0.188142E-01
9.820000	-0.604655E-02
9.830000	0.105387E-01
9.840000	0.259812E-01
9.850000	0.382038E-01
9.860000	0.506484E-01
9.870000	0.649117E-01
9.880000	0.762114E-01
9.890000	0.864314E-01
9.900000	0.935209E-01
9.910000	0.102183E+00
9.920000	0.111831E+00
9.930000	0.113948E+00
9.940000	0.116943E+00
9.950000	0.119357E+00
9.960000	0.114538E+00
9.970000	0.109748E+00
9.980000	0.107338E+00
9.990000	0.103652E+00
10.000000	0.962706E-01
10.010000	0.885300E-01
10.020000	0.779397E-01
10.030000	0.517798E-01
10.040000	0.358768E-01
10.050000	0.465951E-01
10.060000	0.493799E-01
10.070000	0.556851E-01
10.080000	0.730159E-01
10.090000	0.663972E-01
10.100000	-0.175135E-01
10.110000	-0.117041E+00
10.120000	-0.151060E+00
10.130000	-0.156171E+00
10.140000	-0.157682E+00
10.150000	-0.155051E+00
10.160000	-0.150094E+00
10.170000	-0.145233E+00
10.180000	-0.133947E+00
10.190000	-0.120090E+00
10.200000	-0.110756E+00
10.210000	-0.102828E+00
10.220000	-0.942126E-01
10.230000	-0.827993E-01
10.240000	-0.654905E-01
10.250000	-0.533754E-01
10.260000	-0.429299E-01
10.270000	-0.315462E-01
10.280000	-0.217447E-01
10.290000	-0.168999E-01
10.300000	-0.167118E-01
10.310000	-0.172233E-01
10.320000	-0.202915E-01
10.330000	-0.342238E-01
10.340000	-0.595458E-01
10.350000	-0.842266E-01
10.360000	-0.105126E+00
10.370000	-0.108071E+00
10.380000	-0.105431E+00
10.390000	-0.105346E+00
10.400000	-0.104240E+00
10.410000	-0.102807E+00
10.420000	-0.104022E+00
10.430000	-0.107350E+00
10.440000	-0.108627E+00
10.450000	-0.106970E+00
10.460000	-0.100763E+00
10.470000	-0.936679E-01
10.480000	-0.850058E-01
10.490000	-0.753446E-01
10.500000	-0.629717E-01
10.510000	-0.524924E-01
10.520000	-0.446983E-01
10.530000	-0.355516E-01
10.540000	-0.281995E-01
10.550000	-0.223495E-01
10.560000	-0.156917E-01
10.570000	-0.968919E-02
10.580000	-0.376894E-02
10.590000	-0.399017E-04
10.600000	0.387923E-02
10.610000	0.964659E-02
10.620000	0.160769E-01
10.630000	0.232004E-01
10.640000	0.330513E-01
10.650000	0.391780E-01
10.660000	0.420244E-01
10.670000	0.544613E-01
10.680000	0.781619E-01
10.690000	0.840639E-01
10.700000	0.753555E-01
10.710000	0.613416E-01
10.720000	0.348582E-01
10.730000	0.213338E-01
10.740000	0.215397E-01
10.750000	0.303958E-01
10.760000	0.561866E-01
10.770000	0.769650E-01
10.780000	0.857966E-01
10.790000	0.884924E-01
10.800000	0.748113E-01
10.810000	0.522589E-01
10.820000	0.364030E-01
10.830000	0.340539E-01
10.840000	0.357498E-01
10.850000	0.401775E-01
10.860000	0.460608E-01
10.870000	0.486058E-01
10.880000	0.465716E-01
10.890000	0.444262E-01
10.900000	0.396818E-01
10.910000	0.289294E-01
10.920000	0.849502E-02
10.930000	-0.144691E-01
10.940000	-0.384842E-01
10.950000	-0.641642E-01
10.960000	-0.897565E-01
10.970000	-0.111515E+00
10.980000	-0.125992E+00
10.990000	-0.134579E+00
11.000000	-0.141227E+00
11.010000	-0.144088E+00
11.020000	-0.143647E+00
11.030000	-0.143937E+00
11.040000	-0.139928E+00
11.050000	-0.132216E+00
11.060000	-0.122121E+00
11.070000	-0.113212E+00
11.080000	-0.104171E+00
11.090000	-0.922787E-01
11.100000	-0.806887E-01
11.110000	-0.672448E-01
11.120000	-0.496406E-01
11.130000	-0.256790E-01
11.140000	-0.577313E-03
11.150000	0.239133E-01
11.160000	0.461757E-01
11.170000	0.616021E-01
11.180000	0.718894E-01
11.190000	0.815701E-01
11.200000	0.917160E-01
11.210000	0.993424E-01
11.220000	0.104348E+00
11.230000	0.110612E+00
11.240000	0.116703E+00
11.250000	0.124318E+00
11.260000	0.131364E+00
11.270000	0.138737E+00
11.280000	0.147104E+00
11.290000	0.149561E+00
11.300000	0.149227E+00
11.310000	0.148151E+00
11.320000	0.144361E+00
11.330000	0.140494E+00
11.340000	0.139159E+00
11.350000	0.139905E+00
11.360000	0.142289E+00
11.370000	0.143410E+00
11.380000	0.144755E+00
11.390000	0.140461E+00
11.400000	0.129310E+00
11.410000	0.114831E+00
11.420000	0.100871E+00
11.430000	0.881607E-01
11.440000	0.775104E-01
11.450000	0.632406E-01
11.460000	0.474496E-01
11.470000	0.304698E-01
11.480000	0.138627E-01
11.490000	-0.156295E-02
11.500000	-0.193881E-01
11.510000	-0.357697E-01
11.520000	-0.464125E-01
11.530000	-0.566482E-01
11.540000	-0.703127E-01
11.550000	-0.829150E-01
11.560000	-0.952140E-01
11.570000	-0.111398E+00
11.580000	-0.126496E+00
11.590000	-0.143246E+00
11.600000	-0.160373E+00
11.610000	-0.171997E+00
11.620000	-0.181920E+00
11.630000	-0.189998E+00
11.640000	-0.187924E+00
11.650000	-0.186428E+00
11.660000	-0.182798E+00
11.670000	-0.175862E+00
11.680000	-0.166423E+00
11.690000	-0.157041E+00
11.700000	-0.147536E+00
11.710000	-0.139308E+00
11.720000	-0.133616E+00
11.730000	-0.125643E+00
11.740000	-0.114980E+00
11.750000	-0.999007E-01
11.760000	-0.815859E-01
11.770000	-0.631691E-01
11.780000	-0.459288E-01
11.790000	-0.323440E-01
11.800000	-0.210356E-01
11.810000	-0.156301E-01
11.820000	-0.139524E-01
11.830000	-0.151714E-01
11.840000	-0.185516E-01
11.850000	-0.212606E-01
11.860000	-0.242492E-01
11.870000	-0.257225E-01
11.880000	-0.270503E-01
11.890000	-0.264249E-01
11.900000	-0.247484E-01
11.910000	-0.234009E-01
11.920000	-0.230084E-01
11.930000	-0.244246E-01
11.940000	-0.250680E-01
11.950000	-0.245437E-01
11.960000	-0.236955E-01
11.970000	-0.205975E-01
11.980000	-0.130835E-01
11.990000	-0.249265E-02
12.000000	0.776470E-02
12.010000	0.210964E-01
12.020000	0.399214E-01
12.030000	0.563267E-01
12.040000	0.702314E-01
12.050000	0.820085E-01
12.060000	0.871224E-01
12.070000	0.932596E-01
12.080000	0.102476E+00
12.090000	0.110291E+00
12.100000	0.115288E+00
12.110000	0.122393E+00
12.120000	0.134328E+00
12.130000	0.145565E+00
12.140000	0.157513E+00
12.150000	0.169074E+00
12.160000	0.176004E+00
12.170000	0.176100E+00
12.180000	0.171412E+00
12.190000	0.165472E+00
12.200000	0.159642E+00
12.210000	0.152428E+00
12.220000	0.145059E+00
12.230000	0.134708E+00
12.240000	0.125524E+00
12.250000	0.119812E+00
12.260000	0.116025E+00
12.270000	0.115983E+00
12.280000	0.120069E+00
12.290000	0.125706E+00
12.300000	0.132150E+00
12.310000	0.131775E+00
12.320000	0.126478E+00
12.330000	0.120109E+00
12.340000	0.113100E+00
12.350000	0.100103E+00
12.360000	0.832145E-01
12.370000	0.646697E-01
12.380000	0.431946E-01
12.390000	0.214644E-01
12.400000	0.305970E-02
12.410000	-0.112451E-01
12.420000	-0.234187E-01
12.430000	-0.359534E-01
12.440000	-0.468658E-01
12.450000	-0.523820E-01
12.460000	-0.527271E-01
12.470000	-0.518185E-01
12.480000	-0.515313E-01
12.490000	-0.527048E-01
12.500000	-0.545717E-01
12.510000	-0.558613E-01
12.520000	-0.585826E-01
12.530000	-0.594730E-01
12.540000	-0.597274E-01
12.550000	-0.605472E-01
12.560000	-0.592066E-01
12.570000	-0.575661E-01
12.580000	-0.561930E-01
12.590000	-0.545624E-01
12.600000	-0.514100E-01
12.610000	-0.504267E-01
12.620000	-0.508776E-01
12.630000	-0.494068E-01
12.640000	-0.496227E-01
12.650000	-0.491068E-01
12.660000	-0.476561E-01
12.670000	-0.451900E-01
12.680000	-0.425666E-01
12.690000	-0.401151E-01
12.700000	-0.396472E-01
12.710000	-0.389277E-01
12.720000	-0.344850E-01
12.730000	-0.272511E-01
12.740000	-0.199961E-01
12.750000	-0.144765E-01
12.760000	-0.685594E-02
12.770000	0.677993E-03
12.780000	0.579443E-02
12.790000	0.915659E-02
12.800000	0.971913E-02
12.810000	0.687196E-02
12.820000	0.191452E-02
12.830000	-0.159709E-02
12.840000	-0.357496E-02
12.850000	0.104388E-03
12.860000	0.820469E-02
12.870000	0.219538E-01
12.880000	0.393516E-01
12.890000	0.524185E-01
12.900000	0.617952E-01
12.910000	0.664881E-01
12.920000	0.606707E-01
12.930000	0.485491E-01
12.940000	0.359404E-01
12.950000	0.200730E-01
12.960000	0.742249E-02
12.970000	0.311702E-02
12.980000	0.288609E-02
12.990000	0.340525E-02
13.000000	0.361072E-02
13.010000	-0.349456E-04
13.020000	-0.350367E-02
13.030000	-0.669091E-02
13.040000	-0.559095E-02
13.050000	-0.127716E-02
13.060000	0.500376E-02
13.070000	0.105699E-01
13.080000	0.163896E-01
13.090000	0.138794E-01
13.100000	0.639505E-02
13.110000	-0.820010E-03
13.120000	-0.103240E-01
13.130000	-0.217798E-01
13.140000	-0.308622E-01
13.150000	-0.382098E-01
13.160000	-0.440656E-01
13.170000	-0.465363E-01
13.180000	-0.482326E-01
13.190000	-0.513668E-01
13.200000	-0.544364E-01
13.210000	-0.570209E-01
13.220000	-0.602534E-01
13.230000	-0.646298E-01
13.240000	-0.678661E-01
13.250000	-0.714658E-01
13.260000	-0.744653E-01
13.270000	-0.770758E-01
13.280000	-0.761760E-01
13.290000	-0.750772E-01
13.300000	-0.724012E-01
13.310000	-0.687877E-01
13.320000	-0.639527E-01
13.330000	-0.552734E-01
13.340000	-0.429093E-01
13.350000	-0.310121E-01
13.360000	-0.195841E-01
13.370000	-0.838095E-02
13.380000	0.105651E-02
13.390000	0.315284E-02
13.400000	0.497777E-02
13.410000	0.733409E-02
13.420000	0.661746E-02
13.430000	0.363260E-02
13.440000	0.159774E-02
13.450000	0.211876E-03
13.460000	0.106057E-04
13.470000	0.246951E-02
13.480000	0.531845E-02
13.490000	0.892941E-02
13.500000	0.113805E-01
13.510000	0.106968E-01
13.520000	0.578574E-02
13.530000	-0.768215E-03
13.540000	-0.856502E-02
13.550000	-0.194494E-01
13.560000	-0.286089E-01
13.570000	-0.353668E-01
13.580000	-0.422224E-01
13.590000	-0.459035E-01
13.600000	-0.479427E-01
13.610000	-0.491710E-01
13.620000	-0.488353E-01
13.630000	-0.478347E-01
13.640000	-0.456693E-01
13.650000	-0.439171E-01
13.660000	-0.430678E-01
13.670000	-0.438952E-01
13.680000	-0.427577E-01
13.690000	-0.408070E-01
13.700000	-0.381349E-01
13.710000	-0.352411E-01
13.720000	-0.307750E-01
13.730000	-0.269807E-01
13.740000	-0.249125E-01
13.750000	-0.203987E-01
13.760000	-0.196937E-01
13.770000	-0.230887E-01
13.780000	-0.228395E-01
13.790000	-0.242955E-01
13.800000	-0.260912E-01
13.810000	-0.248090E-01
13.820000	-0.229442E-01
13.830000	-0.201511E-01
13.840000	-0.161996E-01
13.850000	-0.133797E-01
13.860000	-0.862181E-02
13.870000	-0.250787E-02
13.880000	0.477199E-02
13.890000	0.105788E-01
13.900000	0.149465E-01
13.910000	0.201880E-01
13.920000	0.225971E-01
13.930000	0.230497E-01
13.940000	0.248038E-01
13.950000	0.253626E-01
13.960000	0.247644E-01
13.970000	0.216620E-01
13.980000	0.202540E-01
13.990000	0.174418E-01
14.000000	0.150013E-01
14.010000	0.119556E-01
14.020000	0.104151E-01
14.030000	0.854785E-02
14.040000	0.727008E-02
14.050000	0.628479E-02
14.060000	0.404572E-02
14.070000	0.403289E-02
14.080000	0.399936E-02
14.090000	0.307786E-02
14.100000	0.493147E-02
14.110000	0.831495E-02
14.120000	0.118953E-01
14.130000	0.162515E-01
14.140000	0.193027E-01
14.150000	0.218053E-01
14.160000	0.257734E-01
14.170000	0.286699E-01
14.180000	0.279388E-01
14.190000	0.249172E-01
14.200000	0.220748E-01
14.210000	0.193771E-01
14.220000	0.185602E-01
14.230000	0.202098E-01
14.240000	0.217738E-01
14.250000	0.266434E-01
14.260000	0.316822E-01
14.270000	0.357754E-01
14.280000	0.386734E-01
14.290000	0.412772E-01
14.300000	0.407522E-01
14.310000	0.404367E-01
14.320000	0.409257E-01
14.330000	0.413888E-01
14.340000	0.441379E-01
14.350000	0.491932E-01
14.360000	0.533018E-01
14.370000	0.561750E-01
14.380000	0.596453E-01
14.390000	0.603311E-01
14.400000	0.577977E-01
14.410000	0.531680E-01
14.420000	0.475294E-01
14.430000	0.381996E-01
14.440000	0.238483E-01
14.450000	0.111065E-01
14.460000	0.237082E-02
14.470000	-0.556388E-02
14.480000	-0.541527E-02
14.490000	-0.222095E-02
14.500000	0.420793E-02
14.510000	0.119218E-01
14.520000	0.184828E-01
14.530000	0.228680E-01
14.540000	0.231347E-01
14.550000	0.177893E-01
14.560000	0.146889E-01
14.570000	0.871362E-02
14.580000	0.568377E-02
14.590000	0.547146E-02
14.600000	0.494023E-02
14.610000	0.128448E-02
14.620000	-0.741170E-03
14.630000	-0.351981E-02
14.640000	-0.880759E-02
14.650000	-0.127344E-01
14.660000	-0.131746E-01
14.670000	-0.141489E-01
14.680000	-0.127592E-01
14.690000	-0.119724E-01
14.700000	-0.960225E-02
14.710000	-0.677747E-02
14.720000	-0.686368E-02
14.730000	-0.684736E-02
14.740000	-0.695242E-02
14.750000	-0.110644E-01
14.760000	-0.186446E-01
14.770000	-0.261945E-01
14.780000	-0.342561E-01
14.790000	-0.422962E-01
14.800000	-0.496721E-01
14.810000	-0.564785E-01
14.820000	-0.579214E-01
14.830000	-0.580243E-01
14.840000	-0.550867E-01
14.850000	-0.480410E-01
14.860000	-0.421329E-01
14.870000	-0.352040E-01
14.880000	-0.294675E-01
14.890000	-0.239012E-01
14.900000	-0.189766E-01
14.910000	-0.159817E-01
14.920000	-0.146164E-01
14.930000	-0.138456E-01
14.940000	-0.110186E-01
14.950000	-0.672732E-02
14.960000	0.308383E-03
14.970000	0.735163E-02
14.980000	0.139153E-01
14.990000	0.206298E-01
15.000000	0.281180E-01
15.010000	0.340734E-01
15.020000	0.395976E-01
15.030000	0.440327E-01
15.040000	0.468648E-01
15.050000	0.481466E-01
15.060000	0.489789E-01
15.070000	0.485015E-01
15.080000	0.485929E-01
15.090000	0.507498E-01
15.100000	0.518119E-01
15.110000	0.525877E-01
15.120000	0.555730E-01
15.130000	0.560272E-01
15.140000	0.593280E-01
15.150000	0.639540E-01
15.160000	0.686932E-01
15.170000	0.721122E-01
15.180000	0.718394E-01
15.190000	0.697669E-01
15.200000	0.634395E-01
15.210000	0.518652E-01
15.220000	0.396862E-01
15.230000	0.291863E-01
15.240000	0.192384E-01
15.250000	0.112346E-01
15.260000	0.661915E-02
15.270000	0.231425E-02
15.280000	-0.407658E-02
15.290000	-0.849017E-02
15.300000	-0.154556E-01
15.310000	-0.236338E-01
15.320000	-0.302495E-01
15.330000	-0.348646E-01
15.340000	-0.409357E-01
15.350000	-0.420468E-01
15.360000	-0.392670E-01
15.370000	-0.332730E-01
15.380000	-0.282997E-01
15.390000	-0.254531E-01
15.400000	-0.240685E-01
15.410000	-0.233870E-01
15.420000	-0.236236E-01
15.430000	-0.243827E-01
15.440000	-0.265173E-01
15.450000	-0.283342E-01
15.460000	-0.307447E-01
15.470000	-0.334692E-01
15.480000	-0.346677E-01
15.490000	-0.366122E-01
15.500000	-0.378191E-01
15.510000	-0.394554E-01
15.520000	-0.403850E-01
15.530000	-0.430192E-01
15.540000	-0.441171E-01
15.550000	-0.453625E-01
15.560000	-0.455895E-01
15.570000	-0.454133E-01
15.580000	-0.445315E-01
15.590000	-0.445203E-01
15.600000	-0.400294E-01
15.610000	-0.342396E-01
15.620000	-0.258312E-01
15.630000	-0.155876E-01
15.640000	-0.507784E-02
15.650000	0.593403E-02
15.660000	0.179973E-01
15.670000	0.299419E-01
15.680000	0.376422E-01
15.690000	0.463187E-01
15.700000	0.538395E-01
15.710000	0.583201E-01
15.720000	0.609465E-01
15.730000	0.591491E-01
15.740000	0.541987E-01
15.750000	0.468705E-01
15.760000	0.414143E-01
15.770000	0.382170E-01
15.780000	0.325434E-01
15.790000	0.284515E-01
15.800000	0.261474E-01
15.810000	0.232444E-01
15.820000	0.207608E-01
15.830000	0.179651E-01
15.840000	0.155998E-01
15.850000	0.131866E-01
15.860000	0.961626E-02
15.870000	0.228967E-02
15.880000	-0.778042E-02
15.890000	-0.222876E-01
15.900000	-0.330819E-01
15.910000	-0.436443E-01
15.920000	-0.525706E-01
15.930000	-0.564374E-01
15.940000	-0.555306E-01
15.950000	-0.534595E-01
15.960000	-0.491545E-01
15.970000	-0.418100E-01
15.980000	-0.322164E-01
15.990000	-0.249393E-01
16.000000	-0.176187E-01
16.010000	-0.119679E-01
16.020000	-0.639917E-02
16.030000	-0.551723E-02
16.040000	-0.747053E-02
16.050000	-0.703949E-02
16.060000	-0.653643E-02
16.070000	-0.426391E-02
16.080000	0.837866E-03
16.090000	0.595877E-02
16.100000	0.118061E-01
16.110000	0.166313E-01
16.120000	0.210490E-01
16.130000	0.240302E-01
16.140000	0.207661E-01
16.150000	0.162345E-01
16.160000	0.919674E-02
16.170000	0.830650E-03
16.180000	-0.885659E-02
16.190000	-0.150745E-01
16.200000	-0.167220E-01
16.210000	-0.153543E-01
16.220000	-0.124196E-01
16.230000	-0.110897E-01
16.240000	-0.109562E-01
16.250000	-0.117289E-01
16.260000	-0.153559E-01
16.270000	-0.177126E-01
16.280000	-0.194621E-01
16.290000	-0.197711E-01
16.300000	-0.189480E-01
16.310000	-0.189787E-01
16.320000	-0.197445E-01
16.330000	-0.190611E-01
16.340000	-0.165740E-01
16.350000	-0.112919E-01
16.360000	-0.423960E-02
16.370000	0.257775E-02
16.380000	0.802897E-02
16.390000	0.107293E-01
16.400000	0.111416E-01
16.410000	0.102531E-01
16.420000	0.628277E-02
16.430000	0.140966E-02
16.440000	-0.509908E-02
16.450000	-0.104666E-01
16.460000	-0.167383E-01
16.470000	-0.205919E-01
16.480000	-0.243251E-01
16.490000	-0.272100E-01
16.500000	-0.260242E-01
16.510000	-0.248299E-01
16.520000	-0.218536E-01
16.530000	-0.187430E-01
16.540000	-0.158900E-01
16.550000	-0.114085E-01
16.560000	-0.784554E-02
16.570000	-0.655480E-02
16.580000	-0.399713E-02
16.590000	-0.138854E-02
16.600000	0.806020E-03
16.610000	0.566765E-02
16.620000	0.125633E-01
16.630000	0.187281E-01
16.640000	0.248620E-01
16.650000	0.290883E-01
16.660000	0.317243E-01
16.670000	0.346745E-01
16.680000	0.347710E-01
16.690000	0.312295E-01
16.700000	0.257877E-01
16.710000	0.216271E-01
16.720000	0.173179E-01
16.730000	0.126252E-01
16.740000	0.110420E-01
16.750000	0.108659E-01
16.760000	0.101693E-01
16.770000	0.898837E-02
16.780000	0.486901E-02
16.790000	0.604792E-03
16.800000	-0.331643E-02
16.810000	-0.680001E-02
16.820000	-0.834137E-02
16.830000	-0.848858E-02
16.840000	-0.561272E-02
16.850000	-0.319095E-02
16.860000	-0.340102E-02
16.870000	-0.441678E-02
16.880000	-0.891542E-02
16.890000	-0.117622E-01
16.900000	-0.135460E-01
16.910000	-0.154460E-01
16.920000	-0.143745E-01
16.930000	-0.141445E-01
16.940000	-0.112021E-01
16.950000	-0.808967E-02
16.960000	-0.477332E-02
16.970000	-0.315692E-02
16.980000	-0.293066E-02
16.990000	-0.363967E-02
17.000000	-0.572517E-02
17.010000	-0.975298E-02
17.020000	-0.130860E-01
17.030000	-0.163058E-01
17.040000	-0.195392E-01
17.050000	-0.216277E-01
17.060000	-0.220417E-01
17.070000	-0.217076E-01
17.080000	-0.187324E-01
17.090000	-0.148857E-01
17.100000	-0.114613E-01
17.110000	-0.706456E-02
17.120000	0.287529E-03
17.130000	0.694300E-02
17.140000	0.112672E-01
17.150000	0.150101E-01
17.160000	0.196407E-01
17.170000	0.260077E-01
17.180000	0.321604E-01
17.190000	0.393067E-01
17.200000	0.435507E-01
17.210000	0.454865E-01
17.220000	0.479911E-01
17.230000	0.474216E-01
17.240000	0.448979E-01
17.250000	0.393883E-01
17.260000	0.347827E-01
17.270000	0.296621E-01
17.280000	0.243435E-01
17.290000	0.207303E-01
17.300000	0.172187E-01
17.310000	0.130390E-01
17.320000	0.796387E-02
17.330000	0.463871E-02
17.340000	0.484465E-03
17.350000	-0.199073E-02
17.360000	-0.552882E-02
17.370000	-0.904217E-02
17.380000	-0.112465E-01
17.390000	-0.131137E-01
17.400000	-0.145180E-01
17.410000	-0.156522E-01
17.420000	-0.153546E-01
17.430000	-0.148059E-01
17.440000	-0.155598E-01
17.450000	-0.176734E-01
17.460000	-0.177799E-01
17.470000	-0.164032E-01
17.480000	-0.142292E-01
17.490000	-0.135769E-01
17.500000	-0.131453E-01
17.510000	-0.127978E-01
17.520000	-0.142353E-01
17.530000	-0.173422E-01
17.540000	-0.205122E-01
17.550000	-0.224761E-01
17.560000	-0.224963E-01
17.570000	-0.229436E-01
17.580000	-0.206760E-01
17.590000	-0.167771E-01
17.600000	-0.133792E-01
17.610000	-0.100932E-01
17.620000	-0.528539E-02
17.630000	-0.152071E-03
17.640000	0.200642E-02
17.650000	0.722751E-02
17.660000	0.165957E-01
17.670000	0.250655E-01
17.680000	0.300419E-01
17.690000	0.382909E-01
17.700000	0.491751E-01
17.710000	0.563961E-01
17.720000	0.632808E-01
17.730000	0.672838E-01
17.740000	0.708189E-01
17.750000	0.723186E-01
17.760000	0.706795E-01
17.770000	0.644732E-01
17.780000	0.574402E-01
17.790000	0.508847E-01
17.800000	0.464487E-01
17.810000	0.422874E-01
17.820000	0.370544E-01
17.830000	0.315012E-01
17.840000	0.241851E-01
17.850000	0.173333E-01
17.860000	0.604481E-02
17.870000	-0.701618E-02
17.880000	-0.166810E-01
17.890000	-0.255475E-01
17.900000	-0.335310E-01
17.910000	-0.399236E-01
17.920000	-0.440893E-01
17.930000	-0.475499E-01
17.940000	-0.482868E-01
17.950000	-0.463290E-01
17.960000	-0.438868E-01
17.970000	-0.391220E-01
17.980000	-0.338786E-01
17.990000	-0.267354E-01
18.000000	-0.192044E-01
18.010000	-0.111654E-01
18.020000	-0.471759E-02
18.030000	-0.202621E-02
18.040000	0.869442E-03
18.050000	0.487402E-02
18.060000	0.641643E-02
18.070000	0.534293E-02
18.080000	0.461750E-02
18.090000	0.753666E-03
18.100000	-0.697235E-03
18.110000	-0.158961E-02
18.120000	-0.336633E-02
18.130000	-0.518948E-02
18.140000	-0.624087E-02
18.150000	-0.666187E-02
18.160000	-0.965767E-02
18.170000	-0.141856E-01
18.180000	-0.165927E-01
18.190000	-0.202476E-01
18.200000	-0.220707E-01
18.210000	-0.256207E-01
18.220000	-0.289180E-01
18.230000	-0.304087E-01
18.240000	-0.320054E-01
18.250000	-0.325295E-01
18.260000	-0.330514E-01
18.270000	-0.349180E-01
18.280000	-0.355195E-01
18.290000	-0.363631E-01
18.300000	-0.365969E-01
18.310000	-0.348506E-01
18.320000	-0.337513E-01
18.330000	-0.318520E-01
18.340000	-0.285450E-01
18.350000	-0.243662E-01
18.360000	-0.211470E-01
18.370000	-0.191742E-01
18.380000	-0.182951E-01
18.390000	-0.154562E-01
18.400000	-0.155845E-01
18.410000	-0.162941E-01
18.420000	-0.156876E-01
18.430000	-0.165820E-01
18.440000	-0.206089E-01
18.450000	-0.237949E-01
18.460000	-0.293483E-01
18.470000	-0.319827E-01
18.480000	-0.356872E-01
18.490000	-0.369008E-01
18.500000	-0.363713E-01
18.510000	-0.350020E-01
18.520000	-0.323265E-01
18.530000	-0.279039E-01
18.540000	-0.251708E-01
18.550000	-0.204210E-01
18.560000	-0.149366E-01
18.570000	-0.984107E-02
18.580000	-0.496193E-02
18.590000	0.916641E-03
18.600000	0.537209E-02
18.610000	0.924836E-02
18.620000	0.122147E-01
18.630000	0.183873E-01
18.640000	0.239850E-01
18.650000	0.283854E-01
18.660000	0.317039E-01
18.670000	0.366211E-01
18.680000	0.403440E-01
18.690000	0.436523E-01
18.700000	0.469196E-01
18.710000	0.477768E-01
18.720000	0.491339E-01
18.730000	0.507540E-01
18.740000	0.555201E-01
18.750000	0.598962E-01
18.760000	0.654398E-01
18.770000	0.681962E-01
18.780000	0.680017E-01
18.790000	0.676994E-01
18.800000	0.650690E-01
18.810000	0.590241E-01
18.820000	0.525167E-01
18.830000	0.490143E-01
18.840000	0.456575E-01
18.850000	0.430491E-01
18.860000	0.428490E-01
18.870000	0.411122E-01
18.880000	0.389176E-01
18.890000	0.352924E-01
18.900000	0.275168E-01
18.910000	0.196780E-01
18.920000	0.130252E-01
18.930000	0.407572E-02
18.940000	-0.318808E-02
18.950000	-0.851457E-02
18.960000	-0.107172E-01
18.970000	-0.144620E-01
18.980000	-0.169044E-01
18.990000	-0.175676E-01
19.000000	-0.199761E-01
19.010000	-0.224817E-01
19.020000	-0.247216E-01
19.030000	-0.289310E-01
19.040000	-0.320359E-01
19.050000	-0.332796E-01
19.060000	-0.407910E-01
19.070000	-0.466837E-01
19.080000	-0.474124E-01
19.090000	-0.490108E-01
19.100000	-0.517431E-01
19.110000	-0.526823E-01
19.120000	-0.514098E-01
19.130000	-0.480386E-01
19.140000	-0.449135E-01
19.150000	-0.418509E-01
19.160000	-0.398119E-01
19.170000	-0.383578E-01
19.180000	-0.364788E-01
19.190000	-0.347077E-01
19.200000	-0.309167E-01
19.210000	-0.276425E-01
19.220000	-0.261576E-01
19.230000	-0.249641E-01
19.240000	-0.219867E-01
19.250000	-0.200032E-01
19.260000	-0.186977E-01
19.270000	-0.153147E-01
19.280000	-0.114206E-01
19.290000	-0.942438E-02
19.300000	-0.873090E-02
19.310000	-0.808039E-02
19.320000	-0.717338E-02
19.330000	-0.730258E-02
19.340000	-0.803635E-02
19.350000	-0.727244E-02
19.360000	-0.635580E-02
19.370000	-0.407830E-02
19.380000	-0.289708E-02
19.390000	-0.823514E-03
19.400000	0.275711E-02
19.410000	0.312125E-02
19.420000	0.507223E-02
19.430000	0.837488E-02
19.440000	0.112080E-01
19.450000	0.145611E-01
19.460000	0.198618E-01
19.470000	0.220049E-01
19.480000	0.247953E-01
19.490000	0.292915E-01
19.500000	0.325137E-01
19.510000	0.345151E-01
19.520000	0.349756E-01
19.530000	0.351404E-01
19.540000	0.337314E-01
19.550000	0.313117E-01
19.560000	0.290122E-01
19.570000	0.270325E-01
19.580000	0.246786E-01
19.590000	0.227169E-01
19.600000	0.185661E-01
19.610000	0.146837E-01
19.620000	0.109924E-01
19.630000	0.666594E-02
19.640000	0.395618E-02
19.650000	0.167090E-02
19.660000	0.104754E-02
19.670000	0.132764E-02
19.680000	0.140423E-02
19.690000	0.156744E-02
19.700000	0.176508E-02
19.710000	0.182464E-02
19.720000	0.246386E-02
19.730000	0.410232E-02
19.740000	0.642211E-02
19.750000	0.115150E-01
19.760000	0.165522E-01
19.770000	0.192356E-01
19.780000	0.214979E-01
19.790000	0.252342E-01
19.800000	0.273191E-01
19.810000	0.287561E-01
19.820000	0.287258E-01
19.830000	0.276078E-01
19.840000	0.266221E-01
19.850000	0.257515E-01
19.860000	0.246483E-01
19.870000	0.235484E-01
19.880000	0.208847E-01
19.890000	0.172218E-01
19.900000	0.145188E-01
19.910000	0.129570E-01
19.920000	0.975031E-02
19.930000	0.791650E-02
19.940000	0.806508E-02
19.950000	0.939854E-02
19.960000	0.916018E-02
19.970000	0.949639E-02
19.980000	0.116695E-01
19.990000	0.135221E-01
20.000000	0.143068E-01
20.010000	0.165971E-01
20.020000	0.179962E-01
20.030000	0.217911E-01
20.040000	0.237109E-01
20.050000	0.234390E-01
20.060000	0.229242E-01
20.070000	0.192084E-01
20.080000	0.164438E-01
20.090000	0.141520E-01
20.100000	0.121256E-01
20.110000	0.893394E-02
20.120000	0.441526E-02
20.130000	0.310673E-02
20.140000	0.200310E-02
20.150000	-0.139389E-02
20.160000	-0.284557E-02
20.170000	-0.494894E-02
20.180000	-0.797871E-02
20.190000	-0.108192E-01
20.200000	-0.121734E-01
20.210000	-0.120445E-01
20.220000	-0.119849E-01
20.230000	-0.120032E-01
20.240000	-0.119533E-01
20.250000	-0.116983E-01
20.260000	-0.115796E-01
20.270000	-0.855447E-02
20.280000	-0.676568E-02
20.290000	-0.738977E-02
20.300000	-0.728655E-02
20.310000	-0.727031E-02
20.320000	-0.729733E-02
20.330000	-0.757598E-02
20.340000	-0.755072E-02
20.350000	-0.758869E-02
20.360000	-0.848871E-02
20.370000	-0.112397E-01
20.380000	-0.137689E-01
20.390000	-0.159262E-01
20.400000	-0.165799E-01
20.410000	-0.185360E-01
20.420000	-0.198254E-01
20.430000	-0.193639E-01
20.440000	-0.189809E-01
20.450000	-0.204255E-01
20.460000	-0.222997E-01
20.470000	-0.218027E-01
20.480000	-0.211069E-01
20.490000	-0.194025E-01
20.500000	-0.175086E-01
20.510000	-0.153492E-01
20.520000	-0.126269E-01
20.530000	-0.113244E-01
20.540000	-0.960646E-02
20.550000	-0.929256E-02
20.560000	-0.916449E-02
20.570000	-0.108017E-01
20.580000	-0.127380E-01
20.590000	-0.127063E-01
20.600000	-0.130796E-01
20.610000	-0.156081E-01
20.620000	-0.178650E-01
20.630000	-0.209700E-01
20.640000	-0.226181E-01
20.650000	-0.244680E-01
20.660000	-0.251255E-01
20.670000	-0.252328E-01
20.680000	-0.243321E-01
20.690000	-0.229644E-01
20.700000	-0.204273E-01
20.710000	-0.199082E-01
20.720000	-0.207361E-01
20.730000	-0.197541E-01
20.740000	-0.201304E-01
20.750000	-0.201852E-01
20.760000	-0.190143E-01
20.770000	-0.174044E-01
20.780000	-0.130800E-01
20.790000	-0.828699E-02
20.800000	-0.224690E-02
20.810000	0.399892E-02
20.820000	0.752659E-02
20.830000	0.107596E-01
20.840000	0.111437E-01
20.850000	0.106248E-01
20.860000	0.120055E-01
20.870000	0.126514E-01
20.880000	0.120734E-01
20.890000	0.118571E-01
20.900000	0.115310E-01
20.910000	0.111965E-01
20.920000	0.108667E-01
20.930000	0.104231E-01
20.940000	0.851078E-02
20.950000	0.851787E-02
20.960000	0.986322E-02
20.970000	0.970590E-02
20.980000	0.920854E-02
20.990000	0.942964E-02
21.000000	0.110812E-01
21.010000	0.137734E-01
21.020000	0.145354E-01
21.030000	0.166341E-01
21.040000	0.185299E-01
21.050000	0.212924E-01
21.060000	0.248999E-01
21.070000	0.259564E-01
21.080000	0.292149E-01
21.090000	0.339186E-01
21.100000	0.348754E-01
21.110000	0.359664E-01
21.120000	0.363226E-01
21.130000	0.344498E-01
21.140000	0.330700E-01
21.150000	0.306022E-01
21.160000	0.277883E-01
21.170000	0.263300E-01
21.180000	0.251947E-01
21.190000	0.237627E-01
21.200000	0.219521E-01
21.210000	0.170993E-01
21.220000	0.131456E-01
21.230000	0.944380E-02
21.240000	0.382686E-02
21.250000	0.118935E-02
21.260000	-0.287509E-02
21.270000	-0.626642E-02
21.280000	-0.101848E-01
21.290000	-0.125913E-01
21.300000	-0.158542E-01
21.310000	-0.202439E-01
21.320000	-0.220271E-01
21.330000	-0.242963E-01
21.340000	-0.239792E-01
21.350000	-0.230249E-01
21.360000	-0.205802E-01
21.370000	-0.151345E-01
21.380000	-0.103793E-01
21.390000	-0.669920E-02
21.400000	-0.273629E-02
21.410000	-0.934821E-04
21.420000	0.211179E-02
21.430000	0.425810E-02
21.440000	0.650861E-02
21.450000	0.865762E-02
21.460000	0.105565E-01
21.470000	0.123167E-01
21.480000	0.125157E-01
21.490000	0.134762E-01
21.500000	0.149180E-01
21.510000	0.149555E-01
21.520000	0.163577E-01
21.530000	0.165834E-01
21.540000	0.170993E-01
21.550000	0.183973E-01
21.560000	0.176479E-01
21.570000	0.161660E-01
21.580000	0.150047E-01
21.590000	0.122731E-01
21.600000	0.726450E-02
21.610000	0.414085E-02
21.620000	-0.688268E-03
21.630000	-0.813331E-02
21.640000	-0.145425E-01
21.650000	-0.197899E-01
21.660000	-0.244285E-01
21.670000	-0.279631E-01
21.680000	-0.314951E-01
21.690000	-0.337583E-01
21.700000	-0.353080E-01
21.710000	-0.372086E-01
21.720000	-0.386960E-01
21.730000	-0.404145E-01
21.740000	-0.417931E-01
21.750000	-0.430417E-01
21.760000	-0.436795E-01
21.770000	-0.442219E-01
21.780000	-0.440385E-01
21.790000	-0.441956E-01
21.800000	-0.455550E-01
21.810000	-0.445524E-01
21.820000	-0.422862E-01
21.830000	-0.409066E-01
21.840000	-0.359050E-01
21.850000	-0.334243E-01
21.860000	-0.307337E-01
21.870000	-0.266008E-01
21.880000	-0.252750E-01
21.890000	-0.243502E-01
21.900000	-0.217985E-01
21.910000	-0.217065E-01
21.920000	-0.213980E-01
21.930000	-0.201158E-01
21.940000	-0.193081E-01
21.950000	-0.182508E-01
21.960000	-0.174098E-01
21.970000	-0.162297E-01
21.980000	-0.156346E-01
21.990000	-0.124693E-01
22.000000	-0.919250E-02
22.010000	-0.869796E-02
22.020000	-0.816013E-02
22.030000	-0.729357E-02
22.040000	-0.596708E-02
22.050000	-0.281692E-02
22.060000	-0.971561E-03
22.070000	-0.621518E-03
22.080000	-0.358252E-03
22.090000	0.275175E-03
22.100000	-0.441914E-03
22.110000	-0.127700E-02
22.120000	-0.356999E-02
22.130000	-0.510347E-02
22.140000	-0.592300E-02
22.150000	-0.596779E-02
22.160000	-0.432863E-02
22.170000	-0.118320E-02
22.180000	0.213312E-02
22.190000	0.615153E-02
22.200000	0.826086E-02
22.210000	0.101721E-01
22.220000	0.126450E-01
22.230000	0.124304E-01
22.240000	0.122814E-01
22.250000	0.877280E-02
22.260000	0.572306E-02
22.270000	0.289785E-02
22.280000	0.677398E-04
22.290000	-0.115890E-02
22.300000	-0.174526E-02
22.310000	-0.305147E-02
22.320000	-0.462642E-02
22.330000	-0.493870E-02
22.340000	-0.659222E-02
22.350000	-0.765632E-02
22.360000	-0.652893E-02
22.370000	-0.575122E-02
22.380000	-0.496280E-02
22.390000	-0.429418E-02
22.400000	-0.343692E-02
22.410000	-0.280332E-02
22.420000	-0.189497E-02
22.430000	-0.168382E-02
22.440000	-0.186450E-02
22.450000	-0.478234E-03
22.460000	0.203397E-02
22.470000	0.363070E-02
22.480000	0.716059E-02
22.490000	0.962477E-02
22.500000	0.138900E-01
22.510000	0.188419E-01
22.520000	0.214842E-01
22.530000	0.237466E-01
22.540000	0.262392E-01
22.550000	0.282874E-01
22.560000	0.307245E-01
22.570000	0.352817E-01
22.580000	0.378663E-01
22.590000	0.393238E-01
22.600000	0.419543E-01
22.610000	0.414548E-01
22.620000	0.401173E-01
22.630000	0.390098E-01
22.640000	0.380906E-01
22.650000	0.367623E-01
22.660000	0.372715E-01
22.670000	0.388372E-01
22.680000	0.403629E-01
22.690000	0.413502E-01
22.700000	0.438204E-01
22.710000	0.448063E-01
22.720000	0.465709E-01
22.730000	0.496402E-01
22.740000	0.491495E-01
22.750000	0.484694E-01
22.760000	0.469132E-01
22.770000	0.461026E-01
22.780000	0.439551E-01
22.790000	0.409810E-01
22.800000	0.396876E-01
22.810000	0.366514E-01
22.820000	0.337138E-01
22.830000	0.289496E-01
22.840000	0.224626E-01
22.850000	0.179990E-01
22.860000	0.139815E-01
22.870000	0.858424E-02
22.880000	0.524453E-02
22.890000	0.813898E-03
22.900000	-0.194105E-02
22.910000	-0.595875E-02
22.920000	-0.918958E-02
22.930000	-0.128218E-01
22.940000	-0.165219E-01
22.950000	-0.187480E-01
22.960000	-0.209756E-01
22.970000	-0.232747E-01
22.980000	-0.241563E-01
22.990000	-0.235088E-01
23.000000	-0.227112E-01
23.010000	-0.225076E-01
23.020000	-0.209842E-01
23.030000	-0.198711E-01
23.040000	-0.204366E-01
23.050000	-0.214579E-01
23.060000	-0.215096E-01
23.070000	-0.208176E-01
23.080000	-0.193661E-01
23.090000	-0.163993E-01
23.100000	-0.130544E-01
23.110000	-0.100284E-01
23.120000	-0.554870E-02
23.130000	-0.207216E-02
23.140000	-0.522132E-03
23.150000	-0.468131E-03
23.160000	-0.654635E-03
23.170000	-0.699021E-03
23.180000	-0.815796E-03
23.190000	-0.263721E-03
23.200000	0.217548E-02
23.210000	0.460623E-02
23.220000	0.676308E-02
23.230000	0.876898E-02
23.240000	0.901631E-02
23.250000	0.816980E-02
23.260000	0.977844E-02
23.270000	0.118474E-01
23.280000	0.111789E-01
23.290000	0.124374E-01
23.300000	0.142109E-01
23.310000	0.133717E-01
23.320000	0.123505E-01
23.330000	0.115888E-01
23.340000	0.931090E-02
23.350000	0.559018E-02
23.360000	0.338205E-02
23.370000	0.710595E-03
23.380000	-0.347012E-02
23.390000	-0.621459E-02
23.400000	-0.703109E-02
23.410000	-0.929601E-02
23.420000	-0.122620E-01
23.430000	-0.135217E-01
23.440000	-0.131305E-01
23.450000	-0.147557E-01
23.460000	-0.169103E-01
23.470000	-0.175908E-01
23.480000	-0.183034E-01
23.490000	-0.181669E-01
23.500000	-0.174836E-01
23.510000	-0.165967E-01
23.520000	-0.129308E-01
23.530000	-0.117966E-01
23.540000	-0.109128E-01
23.550000	-0.920254E-02
23.560000	-0.105973E-01
23.570000	-0.130612E-01
23.580000	-0.130988E-01
23.590000	-0.124137E-01
23.600000	-0.122598E-01
23.610000	-0.119176E-01
23.620000	-0.116355E-01
23.630000	-0.112250E-01
23.640000	-0.110113E-01
23.650000	-0.967218E-02
23.660000	-0.796626E-02
23.670000	-0.616823E-02
23.680000	-0.188097E-02
23.690000	0.144285E-02
23.700000	0.359290E-02
23.710000	0.616173E-02
23.720000	0.732096E-02
23.730000	0.690285E-02
23.740000	0.828756E-02
23.750000	0.102498E-01
23.760000	0.106783E-01
23.770000	0.124473E-01
23.780000	0.132471E-01
23.790000	0.124142E-01
23.800000	0.113788E-01
23.810000	0.930384E-02
23.820000	0.745281E-02
23.830000	0.560335E-02
23.840000	0.512858E-02
23.850000	0.492552E-02
23.860000	0.659931E-02
23.870000	0.678586E-02
23.880000	0.327459E-02
23.890000	0.242582E-02
23.900000	0.252709E-02
23.910000	0.118734E-03
23.920000	-0.267459E-02
23.930000	-0.652693E-02
23.940000	-0.958472E-02
23.950000	-0.107223E-01
23.960000	-0.117413E-01
23.970000	-0.128556E-01
23.980000	-0.114628E-01
23.990000	-0.724948E-02
24.000000	-0.437315E-02
24.010000	-0.307026E-02
24.020000	-0.214760E-02
24.030000	-0.269613E-02
24.040000	-0.444599E-02
24.050000	-0.571570E-02
24.060000	-0.700567E-02
24.070000	-0.830352E-02
24.080000	-0.108623E-01
24.090000	-0.113902E-01
24.100000	-0.108689E-01
24.110000	-0.107222E-01
24.120000	-0.105622E-01
24.130000	-0.103211E-01
24.140000	-0.101279E-01
24.150000	-0.984496E-02
24.160000	-0.965378E-02
24.170000	-0.934611E-02
24.180000	-0.928808E-02
24.190000	-0.919226E-02
24.200000	-0.108277E-01
24.210000	-0.126875E-01
24.220000	-0.126701E-01
24.230000	-0.119943E-01
24.240000	-0.145085E-01
24.250000	-0.163790E-01
24.260000	-0.152468E-01
24.270000	-0.157671E-01
24.280000	-0.183979E-01
24.290000	-0.194215E-01
24.300000	-0.195724E-01
24.310000	-0.204868E-01
24.320000	-0.224616E-01
24.330000	-0.242114E-01
24.340000	-0.258496E-01
24.350000	-0.263343E-01
24.360000	-0.265331E-01
24.370000	-0.279548E-01
24.380000	-0.273215E-01
24.390000	-0.259197E-01
24.400000	-0.247580E-01
24.410000	-0.236357E-01
24.420000	-0.223788E-01
24.430000	-0.212552E-01
24.440000	-0.202216E-01
24.450000	-0.191773E-01
24.460000	-0.180067E-01
24.470000	-0.169805E-01
24.480000	-0.159075E-01
24.490000	-0.146751E-01
24.500000	-0.115783E-01
24.510000	-0.788810E-02
24.520000	-0.455061E-02
24.530000	-0.139217E-02
24.540000	0.153154E-02
24.550000	0.258881E-02
24.560000	0.277020E-02
24.570000	0.328401E-02
24.580000	0.365519E-02
24.590000	0.525674E-02
24.600000	0.819061E-02
24.610000	0.114064E-01
24.620000	0.162161E-01
24.630000	0.206125E-01
24.640000	0.227413E-01
24.650000	0.262576E-01
24.660000	0.292017E-01
24.670000	0.286088E-01
24.680000	0.292702E-01
24.690000	0.316379E-01
24.700000	0.307684E-01
24.710000	0.295225E-01
24.720000	0.289712E-01
24.730000	0.271180E-01
24.740000	0.230972E-01
24.750000	0.217804E-01
24.760000	0.215639E-01
24.770000	0.207423E-01
24.780000	0.197388E-01
24.790000	0.169802E-01
24.800000	0.142678E-01
24.810000	0.139553E-01
24.820000	0.108142E-01
24.830000	0.845461E-02
24.840000	0.827943E-02
24.850000	0.631780E-02
24.860000	0.569493E-02
24.870000	0.702777E-02
24.880000	0.832783E-02
24.890000	0.921050E-02
24.900000	0.104189E-01
24.910000	0.104520E-01
24.920000	0.934323E-02
24.930000	0.605154E-02
24.940000	0.385734E-02
24.950000	0.194689E-02
24.960000	-0.745572E-03
24.970000	-0.278320E-02
24.980000	-0.131738E-02
24.990000	0.155560E-02
25.000000	0.378769E-02
25.010000	0.495774E-02
25.020000	0.882987E-02
25.030000	0.107946E-01
25.040000	0.113289E-01
25.050000	0.135671E-01
25.060000	0.140344E-01
25.070000	0.132758E-01
25.080000	0.128518E-01
25.090000	0.124677E-01
25.100000	0.119294E-01
25.110000	0.113829E-01
25.120000	0.109745E-01
25.130000	0.105034E-01
25.140000	0.101148E-01
25.150000	0.957984E-02
25.160000	0.104311E-01
25.170000	0.124962E-01
25.180000	0.126495E-01
25.190000	0.118277E-01
25.200000	0.113776E-01
25.210000	0.108293E-01
25.220000	0.102932E-01
25.230000	0.968570E-02
25.240000	0.914393E-02
25.250000	0.924816E-02
25.260000	0.111951E-01
25.270000	0.120939E-01
25.280000	0.113634E-01
25.290000	0.125753E-01
25.300000	0.143492E-01
25.310000	0.137488E-01
25.320000	0.127527E-01
25.330000	0.122092E-01
25.340000	0.116436E-01
25.350000	0.127697E-01
25.360000	0.141514E-01
25.370000	0.134532E-01
25.380000	0.124978E-01
25.390000	0.118162E-01
25.400000	0.110523E-01
25.410000	0.101919E-01
25.420000	0.880156E-02
25.430000	0.557758E-02
25.440000	0.341683E-02
25.450000	0.152478E-02
25.460000	-0.160740E-02
25.470000	-0.247142E-02
25.480000	-0.255742E-02
25.490000	-0.393841E-02
25.500000	-0.822108E-02
25.510000	-0.106978E-01
25.520000	-0.117929E-01
25.530000	-0.122841E-01
25.540000	-0.120690E-01
25.550000	-0.121064E-01
25.560000	-0.119725E-01
25.570000	-0.119876E-01
25.580000	-0.117586E-01
25.590000	-0.117441E-01
25.600000	-0.115404E-01
25.610000	-0.115236E-01
25.620000	-0.120092E-01
25.630000	-0.151389E-01
25.640000	-0.159464E-01
25.650000	-0.149917E-01
25.660000	-0.175114E-01
25.670000	-0.195263E-01
25.680000	-0.186046E-01
25.690000	-0.181000E-01
25.700000	-0.177900E-01
25.710000	-0.174883E-01
25.720000	-0.170263E-01
25.730000	-0.166254E-01
25.740000	-0.161230E-01
25.750000	-0.157500E-01
25.760000	-0.152852E-01
25.770000	-0.150060E-01
25.780000	-0.142508E-01
25.790000	-0.119826E-01
25.800000	-0.923540E-02
25.810000	-0.928652E-02
25.820000	-0.674302E-02
25.830000	-0.398924E-02
25.840000	-0.239244E-02
25.850000	-0.255546E-03
25.860000	0.787713E-03
25.870000	0.282775E-02
25.880000	0.409761E-02
25.890000	0.352081E-02
25.900000	0.338015E-02
25.910000	0.296610E-02
25.920000	0.279273E-02
25.930000	0.227881E-02
25.940000	0.509847E-02
25.950000	0.657382E-02
25.960000	0.587766E-02
25.970000	0.379690E-02
25.980000	0.530230E-03
25.990000	0.184501E-03
26.000000	0.266382E-03
26.010000	-0.203725E-03
26.020000	-0.446920E-03
26.030000	-0.651028E-03
26.040000	-0.742994E-03
26.050000	-0.994855E-03
26.060000	-0.110317E-02
26.070000	-0.145104E-02
26.080000	-0.210500E-02
26.090000	-0.473267E-02
26.100000	-0.626440E-02
26.110000	-0.763017E-02
26.120000	-0.902513E-02
26.130000	-0.973832E-02
26.140000	-0.101025E-01
26.150000	-0.994068E-02
26.160000	-0.968915E-02
26.170000	-0.961738E-02
26.180000	-0.981142E-02
26.190000	-0.118448E-01
26.200000	-0.134010E-01
26.210000	-0.129012E-01
26.220000	-0.140728E-01
26.230000	-0.163904E-01
26.240000	-0.162155E-01
26.250000	-0.153908E-01
26.260000	-0.149810E-01
26.270000	-0.146380E-01
26.280000	-0.140771E-01
26.290000	-0.139977E-01
26.300000	-0.150077E-01
26.310000	-0.148689E-01
26.320000	-0.128609E-01
26.330000	-0.128759E-01
26.340000	-0.150531E-01
26.350000	-0.147056E-01
26.360000	-0.153217E-01
26.370000	-0.179483E-01
26.380000	-0.173650E-01
26.390000	-0.162570E-01
26.400000	-0.156227E-01
26.410000	-0.154465E-01
26.420000	-0.161481E-01
26.430000	-0.156711E-01
26.440000	-0.146322E-01
26.450000	-0.140106E-01
26.460000	-0.131516E-01
26.470000	-0.129854E-01
26.480000	-0.145794E-01
26.490000	-0.158382E-01
26.500000	-0.145776E-01
26.510000	-0.165530E-01
26.520000	-0.178479E-01
26.530000	-0.186294E-01
26.540000	-0.196255E-01
26.550000	-0.177317E-01
26.560000	-0.151614E-01
26.570000	-0.141685E-01
26.580000	-0.118830E-01
26.590000	-0.964301E-02
26.600000	-0.749928E-02
26.610000	-0.541755E-02
26.620000	-0.354934E-02
26.630000	-0.144943E-02
26.640000	0.162415E-02
26.650000	0.269464E-02
26.660000	0.348401E-02
26.670000	0.538570E-02
26.680000	0.703693E-02
26.690000	0.837772E-02
26.700000	0.101909E-01
26.710000	0.124456E-01
26.720000	0.107959E-01
26.730000	0.851125E-02
26.740000	0.948456E-02
26.750000	0.107220E-01
26.760000	0.120879E-01
26.770000	0.121960E-01
26.780000	0.132883E-01
26.790000	0.145730E-01
26.800000	0.157946E-01
26.810000	0.163022E-01
26.820000	0.171624E-01
26.830000	0.201679E-01
26.840000	0.199320E-01
26.850000	0.219387E-01
26.860000	0.253498E-01
26.870000	0.272442E-01
26.880000	0.290460E-01
26.890000	0.299811E-01
26.900000	0.312462E-01
26.910000	0.330179E-01
26.920000	0.317871E-01
26.930000	0.304324E-01
26.940000	0.272713E-01
26.950000	0.247949E-01
26.960000	0.216152E-01
26.970000	0.184163E-01
26.980000	0.163962E-01
26.990000	0.147690E-01
27.000000	0.127489E-01
27.010000	0.129630E-01
27.020000	0.118798E-01
27.030000	0.875299E-02
27.040000	0.738831E-02
27.050000	0.558872E-02
27.060000	0.200884E-02
27.070000	-0.139813E-02
27.080000	-0.122655E-02
27.090000	-0.895930E-03
27.100000	-0.817066E-03
27.110000	-0.397984E-03
27.120000	0.225963E-02
27.130000	0.405631E-02
27.140000	0.414524E-02
27.150000	0.403038E-02
27.160000	0.568827E-02
27.170000	0.665695E-02
27.180000	0.810613E-02
27.190000	0.807629E-02
27.200000	0.101507E-01
27.210000	0.123367E-01
27.220000	0.130370E-01
27.230000	0.139393E-01
27.240000	0.141168E-01
27.250000	0.134675E-01
27.260000	0.138639E-01
27.270000	0.136902E-01
27.280000	0.127500E-01
27.290000	0.121610E-01
27.300000	0.976674E-02
27.310000	0.919798E-02
27.320000	0.757420E-02
27.330000	0.619239E-02
27.340000	0.598462E-02
27.350000	0.792244E-02
27.360000	0.917123E-02
27.370000	0.108451E-01
27.380000	0.127123E-01
27.390000	0.148422E-01
27.400000	0.156165E-01
27.410000	0.149997E-01
27.420000	0.157222E-01
27.430000	0.151712E-01
27.440000	0.141180E-01
27.450000	0.132269E-01
27.460000	0.124951E-01
27.470000	0.114861E-01
27.480000	0.116642E-01
27.490000	0.120237E-01
27.500000	0.123711E-01
27.510000	0.121468E-01
27.520000	0.113041E-01
27.530000	0.948993E-02
27.540000	0.746574E-02
27.550000	0.422921E-02
27.560000	0.163428E-02
27.570000	0.991969E-03
27.580000	-0.973308E-03
27.590000	-0.185286E-02
27.600000	-0.204067E-02
27.610000	-0.241969E-02
27.620000	-0.317158E-02
27.630000	-0.487842E-02
27.640000	-0.634211E-02
27.650000	-0.760660E-02
27.660000	-0.784919E-02
27.670000	-0.781795E-02
27.680000	-0.817321E-02
27.690000	-0.805673E-02
27.700000	-0.900426E-02
27.710000	-0.100866E-01
27.720000	-0.115191E-01
27.730000	-0.135616E-01
27.740000	-0.137980E-01
27.750000	-0.132719E-01
27.760000	-0.122785E-01
27.770000	-0.977549E-02
27.780000	-0.876340E-02
27.790000	-0.759789E-02
27.800000	-0.662681E-02
27.810000	-0.546029E-02
27.820000	-0.544212E-02
27.830000	-0.445120E-02
27.840000	-0.413776E-02
27.850000	-0.582480E-02
27.860000	-0.687845E-02
27.870000	-0.961777E-02
27.880000	-0.138266E-01
27.890000	-0.160395E-01
27.900000	-0.158586E-01
27.910000	-0.153360E-01
27.920000	-0.143496E-01
27.930000	-0.117886E-01
27.940000	-0.940106E-02
27.950000	-0.758440E-02
27.960000	-0.867284E-02
27.970000	-0.107493E-01
27.980000	-0.113953E-01
27.990000	-0.108625E-01
28.000000	-0.796003E-02
28.010000	-0.413806E-02
28.020000	-0.118179E-02
28.030000	0.274951E-02
28.040000	0.384999E-02
28.050000	0.217001E-02
28.060000	0.889464E-03
28.070000	-0.275112E-03
28.080000	-0.999124E-03
28.090000	-0.104079E-02
28.100000	-0.144521E-02
28.110000	-0.579525E-03
28.120000	-0.181405E-03
28.130000	-0.507672E-03
28.140000	-0.136779E-02
28.150000	-0.255659E-02
28.160000	-0.280119E-02
28.170000	-0.384851E-02
28.180000	-0.566809E-02
28.190000	-0.618211E-02
28.200000	-0.761500E-02
28.210000	-0.844008E-02
28.220000	-0.823069E-02
28.230000	-0.886063E-02
28.240000	-0.952544E-02
28.250000	-0.103076E-01
28.260000	-0.117061E-01
28.270000	-0.119155E-01
28.280000	-0.131753E-01
28.290000	-0.134370E-01
28.300000	-0.117348E-01
28.310000	-0.924150E-02
28.320000	-0.872145E-02
28.330000	-0.830687E-02
28.340000	-0.775068E-02
28.350000	-0.713361E-02
28.360000	-0.653688E-02
28.370000	-0.452136E-02
28.380000	-0.351886E-02
28.390000	-0.162995E-02
28.400000	-0.424892E-03
28.410000	0.620124E-03
28.420000	0.200539E-02
28.430000	0.348753E-02
28.440000	0.385392E-02
28.450000	0.507400E-02
28.460000	0.602889E-02
28.470000	0.716080E-02
28.480000	0.703951E-02
28.490000	0.734089E-02
28.500000	0.822432E-02
28.510000	0.892980E-02
28.520000	0.914837E-02
28.530000	0.829046E-02
28.540000	0.764180E-02
28.550000	0.661040E-02
28.560000	0.474172E-02
28.570000	0.299172E-02
28.580000	0.161644E-02
28.590000	0.834211E-03
28.600000	-0.374201E-03
28.610000	-0.174983E-02
28.620000	-0.290317E-02
28.630000	-0.334364E-02
28.640000	-0.382161E-02
28.650000	-0.406027E-02
28.660000	-0.389479E-02
28.670000	-0.339137E-02
28.680000	-0.276816E-02
28.690000	-0.222283E-02
28.700000	-0.172905E-02
28.710000	-0.107492E-02
28.720000	-0.778140E-04
28.730000	0.378030E-03
28.740000	0.205728E-03
28.750000	0.462096E-03
28.760000	0.704018E-03
28.770000	0.268623E-03
28.780000	-0.425735E-03
28.790000	-0.912392E-03
28.800000	-0.168501E-02
28.810000	-0.209947E-02
28.820000	-0.242053E-02
28.830000	-0.259805E-02
28.840000	-0.262033E-02
28.850000	-0.296796E-02
28.860000	-0.280273E-02
28.870000	-0.265767E-02
28.880000	-0.249076E-02
28.890000	-0.241775E-02
28.900000	-0.202168E-02
28.910000	-0.155226E-02
28.920000	-0.141957E-02
28.930000	-0.141032E-02
28.940000	-0.124530E-02
28.950000	-0.118253E-02
28.960000	-0.104744E-02
28.970000	-0.100099E-02
28.980000	-0.865230E-03
28.990000	-0.810628E-03
29.000000	-0.738183E-03
29.010000	-0.978731E-03
29.020000	-0.878250E-03
29.030000	-0.759130E-03
29.040000	-0.632949E-03
29.050000	-0.995011E-03
29.060000	-0.110806E-02
29.070000	-0.108208E-02
29.080000	-0.104945E-02
29.090000	-0.100644E-02
29.100000	-0.969392E-03
29.110000	-0.103463E-02
29.120000	-0.942968E-03
29.130000	-0.103425E-02
29.140000	-0.768469E-03
29.150000	-0.728074E-03
29.160000	-0.682958E-03
29.170000	-0.506113E-03
29.180000	-0.245330E-03
29.190000	0.535507E-04
29.200000	0.410914E-03
29.210000	0.767446E-03
29.220000	0.109361E-02
29.230000	0.145278E-02
29.240000	0.165451E-02
29.250000	0.187649E-02
29.260000	0.197272E-02
29.270000	0.213026E-02
29.280000	0.225668E-02
29.290000	0.237535E-02
29.300000	0.245652E-02
29.310000	0.253176E-02
29.320000	0.252722E-02
29.330000	0.256670E-02
29.340000	0.259068E-02
29.350000	0.260004E-02
29.360000	0.259355E-02
29.370000	0.261142E-02
29.380000	0.259210E-02
29.390000	0.250004E-02
29.400000	0.241349E-02
29.410000	0.229389E-02
29.420000	0.221115E-02
29.430000	0.216904E-02
29.440000	0.212368E-02
29.450000	0.207251E-02
29.460000	0.201021E-02
29.470000	0.192988E-02
29.480000	0.188953E-02
29.490000	0.182637E-02
29.500000	0.173588E-02
29.510000	0.166508E-02
29.520000	0.159127E-02
29.530000	0.150416E-02
29.540000	0.143882E-02
29.550000	0.134187E-02
29.560000	0.125124E-02
29.570000	0.117663E-02
29.580000	0.109994E-02
29.590000	0.100795E-02
29.600000	0.945853E-03
29.610000	0.882948E-03
29.620000	0.821709E-03
29.630000	0.775737E-03
29.640000	0.726650E-03
29.650000	0.670149E-03
29.660000	0.615902E-03
29.670000	0.571852E-03
29.680000	0.528734E-03
29.690000	0.483973E-03
29.700000	0.440708E-03
29.710000	0.397173E-03
29.720000	0.353755E-03
29.730000	0.310278E-03
29.740000	0.269633E-03
29.750000	0.228445E-03
29.760000	0.190989E-03
29.770000	0.154934E-03
29.780000	0.120093E-03
29.790000	0.863281E-04
29.800000	0.545318E-04
29.810000	0.236233E-04
29.820000	-0.486332E-05
29.830000	-0.326088E-04
29.840000	-0.589674E-04
29.850000	-0.845410E-04
29.860000	-0.108752E-03
29.870000	-0.132179E-03
29.880000	-0.154193E-03
29.890000	-0.175192E-03
29.900000	-0.194973E-03
29.910000	-0.213781E-03
29.920000	-0.231373E-03
29.930000	-0.247920E-03
29.940000	-0.263306E-03
29.950000	-0.277605E-03
29.960000	-0.290758E-03
29.970000	-0.302799E-03
29.980000	-0.313709E-03
29.990000	-0.323502E-03
