0.000000	0.000000
0.020000	-0.656344E-02
0.040000	-0.129805E-02
0.060000	-0.709287E-03
0.080000	-0.287747E-03
0.100000	0.194435E-02
0.120000	0.987995E-03
0.140000	0.153076E-03
0.160000	-0.191190E-02
0.180000	-0.330770E-02
0.200000	-0.117424E-02
0.220000	0.306864E-02
0.240000	0.469222E-02
0.260000	0.311408E-02
0.280000	0.136260E-02
0.300000	0.337906E-02
0.320000	0.524870E-02
0.340000	0.374526E-02
0.360000	0.426759E-02
0.380000	0.818761E-02
0.400000	0.818986E-02
0.420000	0.710689E-02
0.440000	0.690322E-02
0.460000	0.685975E-02
0.480000	0.446727E-02
0.500000	0.305814E-02
0.520000	0.178218E-03
0.540000	-0.654092E-02
0.560000	-0.469711E-02
0.580000	0.125635E-02
0.600000	0.324206E-02
0.620000	0.367523E-03
0.640000	-0.816285E-02
0.660000	-0.103324E-01
0.680000	-0.642994E-02
0.700000	-0.670630E-02
0.720000	-0.950099E-02
0.740000	-0.108615E-01
0.760000	-0.101106E-01
0.780000	-0.739097E-02
0.800000	-0.544243E-02
0.820000	-0.659771E-02
0.840000	-0.578738E-02
0.860000	0.245778E-02
0.880000	0.665053E-02
0.900000	-0.216166E-02
0.920000	-0.640623E-02
0.940000	-0.351076E-02
0.960000	-0.193204E-02
0.980000	-0.429047E-02
1.000000	-0.641323E-02
1.020000	-0.292084E-02
1.040000	0.519595E-03
1.060000	0.300319E-03
1.080000	-0.207824E-02
1.100000	-0.590209E-02
1.120000	-0.833971E-02
1.140000	-0.516829E-02
1.160000	-0.464575E-02
1.180000	-0.926805E-02
1.200000	-0.906773E-02
1.220000	-0.128162E-02
1.240000	0.558654E-02
1.260000	0.809528E-02
1.280000	0.733700E-02
1.300000	0.263240E-02
1.320000	0.105824E-02
1.340000	-0.177456E-02
1.360000	-0.495308E-02
1.380000	-0.761543E-02
1.400000	-0.660165E-02
1.420000	-0.577142E-02
1.440000	-0.113110E-01
1.460000	-0.159622E-01
1.480000	-0.179756E-01
1.500000	-0.122838E-01
1.520000	-0.881254E-02
1.540000	-0.142458E-01
1.560000	-0.185713E-01
1.580000	-0.219615E-01
1.600000	-0.171895E-01
1.620000	-0.151571E-02
1.640000	0.951814E-02
1.660000	0.156142E-01
1.680000	0.109096E-01
1.700000	0.398442E-02
1.720000	-0.487573E-03
1.740000	-0.759112E-02
1.760000	-0.119549E-01
1.780000	-0.998748E-02
1.800000	-0.798228E-02
1.820000	-0.816390E-02
1.840000	-0.918290E-02
1.860000	-0.133577E-01
1.880000	-0.128385E-01
1.900000	-0.935097E-02
1.920000	-0.506679E-02
1.940000	-0.217793E-02
1.960000	-0.128414E-02
1.980000	-0.689791E-02
2.000000	-0.936900E-02
2.020000	-0.322207E-02
2.040000	-0.177219E-02
2.060000	-0.644022E-02
2.080000	0.121995E-03
2.100000	0.679136E-02
2.120000	0.756006E-02
2.140000	0.726190E-02
2.160000	-0.474276E-02
2.180000	-0.109966E-01
2.200000	-0.100186E-01
2.220000	-0.105818E-01
2.240000	-0.813083E-02
2.260000	-0.692626E-02
2.280000	0.127148E-02
2.300000	0.230822E-01
2.320000	0.203497E-01
2.340000	0.371090E-03
2.360000	-0.871999E-02
2.380000	-0.124234E-01
2.400000	-0.500334E-03
2.420000	0.758858E-02
2.440000	0.868748E-02
2.460000	0.105361E-01
2.480000	0.707674E-02
2.500000	0.861131E-02
2.520000	0.148420E-01
2.540000	0.161166E-01
2.560000	0.150258E-01
2.580000	0.105089E-01
2.600000	-0.262188E-02
2.620000	-0.117715E-01
2.640000	-0.111475E-01
2.660000	-0.393835E-03
2.680000	0.837701E-02
2.700000	0.961214E-02
2.720000	-0.494432E-02
2.740000	-0.242386E-01
2.760000	-0.206298E-01
2.780000	-0.669758E-02
2.800000	-0.127820E-02
2.820000	0.255302E-04
2.840000	-0.160920E-03
2.860000	-0.395268E-03
2.880000	0.840559E-02
2.900000	0.159121E-01
2.920000	0.111942E-02
2.940000	-0.126165E-01
2.960000	-0.127364E-01
2.980000	-0.442086E-02
3.000000	-0.131441E-02
3.020000	-0.168852E-01
3.040000	-0.305076E-01
3.060000	-0.367667E-01
3.080000	-0.419507E-01
3.100000	-0.329831E-01
3.120000	-0.556063E-02
3.140000	0.119791E-01
3.160000	0.933103E-02
3.180000	-0.406984E-02
3.200000	-0.935453E-02
3.220000	-0.136898E-02
3.240000	0.162495E-01
3.260000	0.238281E-01
3.280000	0.298657E-02
3.300000	-0.168533E-01
3.320000	-0.145551E-01
3.340000	-0.892755E-02
3.360000	-0.788486E-02
3.380000	-0.133048E-01
3.400000	-0.163798E-01
3.420000	-0.586021E-02
3.440000	0.668925E-02
3.460000	0.158513E-01
3.480000	0.167219E-01
3.500000	0.143529E-01
3.520000	0.140561E-02
3.540000	-0.124678E-01
3.560000	-0.130170E-01
3.580000	-0.112028E-01
3.600000	-0.974549E-02
3.620000	-0.308415E-02
3.640000	0.867519E-02
3.660000	0.138260E-01
3.680000	0.126375E-01
3.700000	0.853191E-02
3.720000	0.569622E-02
3.740000	0.945282E-02
3.760000	0.157442E-01
3.780000	0.767528E-03
3.800000	-0.221457E-01
3.820000	-0.299894E-01
3.840000	-0.268028E-01
3.860000	-0.147115E-01
3.880000	0.714012E-02
3.900000	0.240040E-01
3.920000	0.225702E-01
3.940000	0.164403E-01
3.960000	0.882429E-02
3.980000	0.852349E-03
4.000000	0.720839E-02
4.020000	0.188328E-01
4.040000	0.287629E-01
4.060000	0.382423E-01
4.080000	0.463039E-01
4.100000	0.443869E-01
4.120000	0.307451E-01
4.140000	-0.220844E-02
4.160000	-0.624010E-01
4.180000	-0.111146E+00
4.200000	-0.134082E+00
4.220000	-0.101358E+00
4.240000	0.180689E-01
4.260000	0.163854E+00
4.280000	0.218174E+00
4.300000	0.232633E+00
4.320000	0.236847E+00
4.340000	0.256424E+00
4.360000	0.246652E+00
4.380000	0.274406E+00
4.400000	0.192252E+00
4.420000	-0.141082E-01
4.440000	-0.109332E+00
4.460000	-0.242939E+00
4.480000	-0.296064E+00
4.500000	-0.265800E+00
4.520000	-0.273744E+00
4.540000	-0.281499E+00
4.560000	-0.287628E+00
4.580000	-0.246531E+00
4.600000	-0.311683E-01
4.620000	0.138468E+00
4.640000	0.280468E+00
4.660000	0.392250E+00
4.680000	0.352730E+00
4.700000	0.288126E+00
4.720000	0.161526E+00
4.740000	0.489116E-01
4.760000	0.515887E-01
4.780000	0.915989E-01
4.800000	0.135930E+00
4.820000	0.157545E+00
4.840000	0.113701E+00
4.860000	0.501584E-01
4.880000	-0.224056E-01
4.900000	-0.145821E+00
4.920000	-0.279046E+00
4.940000	-0.384660E+00
4.960000	-0.438049E+00
4.980000	-0.464509E+00
5.000000	-0.478513E+00
5.020000	-0.472704E+00
5.040000	-0.437620E+00
5.060000	-0.314005E+00
5.080000	-0.128978E+00
5.100000	0.146734E-01
5.120000	0.147708E+00
5.140000	0.270408E+00
5.160000	0.401922E+00
5.180000	0.533826E+00
5.200000	0.548927E+00
5.220000	0.537052E+00
5.240000	0.511477E+00
5.260000	0.495831E+00
5.280000	0.246779E+00
5.300000	0.496309E-01
5.320000	0.490233E-02
5.340000	-0.109073E+00
5.360000	-0.199349E+00
5.380000	-0.283359E+00
5.400000	-0.334341E+00
5.420000	-0.348270E+00
5.440000	-0.345921E+00
5.460000	-0.233555E+00
5.480000	0.852500E-02
5.500000	0.108143E+00
5.520000	0.123953E+00
5.540000	0.144610E+00
5.560000	0.123980E+00
5.580000	0.161379E+00
5.600000	0.208102E+00
5.620000	0.237636E+00
5.640000	0.271444E+00
5.660000	0.272084E+00
5.680000	0.214133E+00
5.700000	0.386090E-01
5.720000	-0.702056E-01
5.740000	-0.149537E+00
5.760000	-0.221594E+00
5.780000	-0.246213E+00
5.800000	-0.122219E+00
5.820000	0.548692E-01
5.840000	0.122194E+00
5.860000	0.106522E+00
5.880000	0.248082E-01
5.900000	-0.454114E-01
5.920000	-0.626614E-01
5.940000	-0.267500E-01
5.960000	-0.253544E-01
5.980000	-0.397493E-01
6.000000	-0.493971E-01
6.020000	-0.639787E-01
6.040000	-0.943090E-01
6.060000	-0.183834E+00
6.080000	-0.201990E+00
6.100000	-0.153242E+00
6.120000	-0.153547E+00
6.140000	-0.974534E-01
6.160000	-0.360489E-01
6.180000	0.144856E-01
6.200000	0.629729E-01
6.220000	0.848545E-01
6.240000	0.203297E-03
6.260000	-0.138459E+00
6.280000	-0.189763E+00
6.300000	-0.260815E+00
6.320000	-0.279959E+00
6.340000	-0.292888E+00
6.360000	-0.227006E+00
6.380000	-0.537002E-02
6.400000	0.121893E+00
6.420000	0.218670E+00
6.440000	0.334687E+00
6.460000	0.370556E+00
6.480000	0.364666E+00
6.500000	0.252707E+00
6.520000	0.136074E+00
6.540000	0.101403E+00
6.560000	0.447436E-01
6.580000	0.162529E-01
6.600000	0.129073E-01
6.620000	0.281523E-01
6.640000	0.231972E-01
6.660000	-0.575235E-02
6.680000	-0.300752E-01
6.700000	-0.500262E-01
6.720000	-0.633748E-01
6.740000	-0.560837E-01
6.760000	-0.798339E-02
6.780000	0.237521E-01
6.800000	0.203322E-01
6.820000	0.140340E-01
6.840000	0.478797E-02
6.860000	-0.187758E-01
6.880000	-0.386685E-01
6.900000	-0.326308E-01
6.920000	-0.205455E-01
6.940000	-0.249352E-01
6.960000	-0.410090E-01
6.980000	-0.406730E-01
7.000000	-0.245657E-01
7.020000	-0.275774E-01
7.040000	-0.616428E-01
7.060000	-0.117306E+00
7.080000	-0.136387E+00
7.100000	-0.772708E-01
7.120000	-0.694429E-02
7.140000	0.412339E-01
7.160000	0.796967E-01
7.180000	0.105886E+00
7.200000	0.124557E+00
7.220000	0.117811E+00
7.240000	0.651275E-01
7.260000	-0.225301E-02
7.280000	-0.576679E-01
7.300000	-0.954949E-01
7.320000	-0.834286E-01
7.340000	-0.303164E-01
7.360000	0.886766E-02
7.380000	0.259586E-01
7.400000	0.449099E-01
7.420000	0.530595E-01
7.440000	0.581635E-01
7.460000	0.429796E-01
7.480000	0.802405E-02
7.500000	-0.147904E-01
7.520000	-0.305097E-01
7.540000	-0.325049E-01
7.560000	-0.359475E-01
7.580000	-0.350897E-01
7.600000	-0.906651E-02
7.620000	0.124545E-01
7.640000	0.180624E-01
7.660000	0.168884E-01
7.680000	0.187265E-01
7.700000	0.316601E-01
7.720000	0.854978E-01
7.740000	0.130967E+00
7.760000	0.131521E+00
7.780000	0.789569E-01
7.800000	-0.472786E-02
7.820000	-0.661837E-01
7.840000	-0.123011E+00
7.860000	-0.156167E+00
7.880000	-0.163071E+00
7.900000	-0.137136E+00
7.920000	-0.117555E+00
7.940000	-0.112310E+00
7.960000	-0.908948E-01
7.980000	-0.298291E-01
8.000000	0.272463E-01
8.020000	0.404556E-01
8.040000	0.308424E-01
8.060000	0.123621E-02
8.080000	-0.403683E-02
8.100000	-0.132326E-02
8.120000	-0.436146E-02
8.140000	-0.659078E-02
8.160000	-0.993629E-03
8.180000	0.145077E-01
8.200000	0.288739E-01
8.220000	0.346424E-01
8.240000	0.287320E-01
8.260000	0.240293E-01
8.280000	0.218949E-01
8.300000	0.140751E-01
8.320000	0.610226E-02
8.340000	0.140557E-01
8.360000	0.307884E-01
8.380000	0.440051E-01
8.400000	0.522473E-01
8.420000	0.483137E-01
8.440000	0.360662E-01
8.460000	0.942237E-02
8.480000	-0.220725E-01
8.500000	-0.385510E-01
8.520000	-0.442185E-01
8.540000	-0.452184E-01
8.560000	-0.353299E-01
8.580000	-0.161858E-01
8.600000	-0.300667E-02
8.620000	0.325788E-02
8.640000	0.180818E-02
8.660000	-0.204360E-02
8.680000	-0.966728E-03
8.700000	0.952169E-02
8.720000	0.197969E-01
8.740000	0.352661E-01
8.760000	0.566859E-01
8.780000	0.737023E-01
8.800000	0.709114E-01
8.820000	0.617578E-01
8.840000	0.586783E-01
8.860000	0.529467E-01
8.880000	0.376578E-01
8.900000	0.541958E-03
8.920000	-0.337546E-01
8.940000	-0.729431E-01
8.960000	-0.103750E+00
8.980000	-0.113174E+00
9.000000	-0.115622E+00
9.020000	-0.100638E+00
9.040000	-0.735972E-01
9.060000	-0.435297E-01
9.080000	0.270078E-02
9.100000	0.430428E-01
9.120000	0.549819E-01
9.140000	0.574707E-01
9.160000	0.513344E-01
9.180000	0.403695E-01
9.200000	0.395882E-01
9.220000	0.420210E-01
9.240000	0.343578E-01
9.260000	0.142412E-02
9.280000	-0.364413E-01
9.300000	-0.618626E-01
9.320000	-0.791178E-01
9.340000	-0.935844E-01
9.360000	-0.112156E+00
9.380000	-0.116311E+00
9.400000	-0.961176E-01
9.420000	-0.388689E-01
9.440000	0.167865E-01
9.460000	0.444461E-01
9.480000	0.542056E-01
9.500000	0.468792E-01
9.520000	0.311979E-01
9.540000	0.211695E-01
9.560000	0.241430E-01
9.580000	0.331386E-01
9.600000	0.366110E-01
9.620000	0.384503E-01
9.640000	0.462699E-01
9.660000	0.477206E-01
9.680000	0.383552E-01
9.700000	0.819516E-02
9.720000	-0.225045E-01
9.740000	-0.284814E-01
9.760000	-0.198774E-01
9.780000	0.711319E-02
9.800000	0.297861E-01
9.820000	0.360492E-01
9.840000	0.303294E-01
9.860000	-0.672170E-02
9.880000	-0.362085E-01
9.900000	-0.518325E-01
9.920000	-0.660744E-01
9.940000	-0.731976E-01
9.960000	-0.741519E-01
9.980000	-0.676123E-01
10.000000	-0.530055E-01
10.020000	-0.296726E-01
10.040000	-0.272374E-02
10.060000	0.240221E-01
10.080000	0.404344E-01
10.100000	0.438498E-01
10.120000	0.354761E-01
10.140000	0.294198E-01
10.160000	0.289256E-01
10.180000	0.297696E-01
10.200000	0.228892E-01
10.220000	0.677366E-02
10.240000	-0.125935E-02
10.260000	-0.498694E-02
10.280000	-0.629993E-03
10.300000	0.141473E-01
10.320000	0.183257E-01
10.340000	0.518562E-02
10.360000	-0.573395E-02
10.380000	-0.754288E-02
10.400000	0.224560E-02
10.420000	0.179521E-01
10.440000	0.314524E-01
10.460000	0.419100E-01
10.480000	0.433345E-01
10.500000	0.363645E-01
10.520000	0.527851E-02
10.540000	-0.266061E-01
10.560000	-0.382773E-01
10.580000	-0.430228E-01
10.600000	-0.314747E-01
10.620000	0.678916E-02
10.640000	0.400744E-01
10.660000	0.511166E-01
10.680000	0.517231E-01
10.700000	0.347693E-01
10.720000	0.635073E-02
10.740000	-0.148279E-01
10.760000	-0.238603E-01
10.780000	-0.263179E-01
10.800000	-0.262427E-01
10.820000	-0.267684E-01
10.840000	-0.303367E-01
10.860000	-0.283011E-01
10.880000	-0.138541E-01
10.900000	0.921797E-02
10.920000	0.284130E-01
10.940000	0.355578E-01
10.960000	0.309226E-01
10.980000	0.154653E-01
11.000000	-0.872330E-02
11.020000	-0.333974E-01
11.040000	-0.533530E-01
11.060000	-0.644467E-01
11.080000	-0.661025E-01
11.100000	-0.624858E-01
11.120000	-0.523687E-01
11.140000	-0.282888E-01
11.160000	0.820039E-02
11.180000	0.354749E-01
11.200000	0.478840E-01
11.220000	0.458040E-01
11.240000	0.314105E-01
11.260000	0.152086E-01
11.280000	0.260931E-02
11.300000	-0.521033E-04
11.320000	0.397259E-02
11.340000	0.241278E-02
11.360000	0.620419E-03
11.380000	-0.190226E-02
11.400000	-0.545514E-02
11.420000	-0.736683E-02
11.440000	-0.864612E-02
11.460000	-0.125825E-01
11.480000	-0.215944E-01
11.500000	-0.327922E-01
11.520000	-0.344896E-01
11.540000	-0.221968E-01
11.560000	0.275017E-02
11.580000	0.352655E-01
11.600000	0.548310E-01
11.620000	0.631091E-01
11.640000	0.639759E-01
11.660000	0.545122E-01
11.680000	0.208939E-01
11.700000	-0.167311E-01
11.720000	-0.393416E-01
11.740000	-0.507667E-01
11.760000	-0.395663E-01
11.780000	-0.611658E-02
11.800000	0.257317E-01
11.820000	0.467742E-01
11.840000	0.585703E-01
11.860000	0.583815E-01
11.880000	0.510710E-01
11.900000	0.256830E-01
11.920000	-0.226614E-02
11.940000	-0.195502E-01
11.960000	-0.404552E-01
11.980000	-0.574629E-01
12.000000	-0.688523E-01
12.020000	-0.734731E-01
12.040000	-0.642748E-01
12.060000	-0.480600E-01
12.080000	-0.286761E-01
12.100000	-0.701143E-02
12.120000	0.125153E-01
12.140000	0.257803E-01
12.160000	0.321256E-01
12.180000	0.254220E-01
12.200000	0.981657E-03
12.220000	-0.271623E-01
12.240000	-0.428266E-01
12.260000	-0.430848E-01
12.280000	-0.373158E-01
12.300000	-0.280900E-01
12.320000	-0.213601E-01
12.340000	-0.185940E-01
12.360000	-0.172508E-01
12.380000	-0.177640E-01
12.400000	-0.170226E-01
12.420000	-0.160476E-01
12.440000	-0.166240E-01
12.460000	-0.205756E-01
12.480000	-0.243874E-01
12.500000	-0.192529E-01
12.520000	-0.650097E-02
12.540000	0.741579E-02
12.560000	0.227830E-01
12.580000	0.316232E-01
12.600000	0.399014E-01
12.620000	0.381112E-01
12.640000	0.205467E-01
12.660000	0.235385E-02
12.680000	-0.847153E-02
12.700000	-0.125904E-01
12.720000	-0.757314E-02
12.740000	0.148128E-02
12.760000	0.102674E-01
12.780000	0.293464E-01
12.800000	0.485050E-01
12.820000	0.624034E-01
12.840000	0.700879E-01
12.860000	0.684283E-01
12.880000	0.610097E-01
12.900000	0.581107E-01
12.920000	0.555810E-01
12.940000	0.450718E-01
12.960000	0.224563E-01
12.980000	0.171647E-02
13.000000	-0.893959E-02
13.020000	-0.125169E-01
13.040000	-0.597981E-02
13.060000	-0.312950E-04
13.080000	-0.109505E-01
13.100000	-0.338201E-01
13.120000	-0.645212E-01
13.140000	-0.925754E-01
13.160000	-0.104733E+00
13.180000	-0.984325E-01
13.200000	-0.610109E-01
13.220000	-0.271919E-01
13.240000	-0.133782E-01
13.260000	-0.124032E-02
13.280000	0.912580E-02
13.300000	0.183791E-01
13.320000	0.257862E-01
13.340000	0.211960E-01
13.360000	0.765131E-02
13.380000	-0.152272E-02
13.400000	-0.614049E-03
13.420000	0.348212E-02
13.440000	0.889204E-02
13.460000	0.172640E-01
13.480000	0.215101E-01
13.500000	0.157184E-01
13.520000	0.290604E-02
13.540000	-0.126726E-01
13.560000	-0.300607E-01
13.580000	-0.421764E-01
13.600000	-0.419267E-01
13.620000	-0.292585E-01
13.640000	-0.137485E-01
13.660000	0.108006E-02
13.680000	0.902058E-02
13.700000	0.698753E-02
13.720000	0.843371E-02
13.740000	0.133101E-01
13.760000	0.133212E-01
13.780000	0.129630E-01
13.800000	0.142786E-01
13.820000	0.993418E-02
13.840000	-0.261943E-03
13.860000	-0.764491E-02
13.880000	-0.100850E-01
13.900000	-0.802884E-02
13.920000	-0.275770E-02
13.940000	0.253487E-02
13.960000	0.146676E-01
13.980000	0.285954E-01
14.000000	0.346142E-01
14.020000	0.421518E-01
14.040000	0.484664E-01
14.060000	0.460212E-01
14.080000	0.363606E-01
14.100000	0.229494E-01
14.120000	0.134539E-01
14.140000	0.145635E-01
14.160000	0.210422E-01
14.180000	0.163918E-01
14.200000	0.236757E-02
14.220000	-0.114772E-01
14.240000	-0.212643E-01
14.260000	-0.210830E-01
14.280000	-0.118972E-01
14.300000	0.407780E-02
14.320000	0.149691E-01
14.340000	0.147342E-01
14.360000	0.926162E-02
14.380000	0.365643E-02
14.400000	0.561456E-03
14.420000	0.342736E-02
14.440000	0.123510E-01
14.460000	0.201129E-01
14.480000	0.156032E-01
14.500000	0.711920E-03
14.520000	-0.120680E-01
14.540000	-0.137064E-01
14.560000	-0.700432E-02
14.580000	0.401238E-02
14.600000	0.127993E-01
14.620000	0.136191E-01
14.640000	0.105363E-01
14.660000	0.325929E-02
14.680000	-0.422480E-02
14.700000	-0.332245E-02
14.720000	0.266357E-02
14.740000	0.133396E-01
14.760000	0.257811E-01
14.780000	0.274709E-01
14.800000	0.183905E-01
14.820000	-0.121354E-01
14.840000	-0.326429E-01
14.860000	-0.319283E-01
14.880000	-0.308220E-01
14.900000	-0.284101E-01
14.920000	-0.201046E-01
14.940000	-0.386364E-03
14.960000	0.132986E-01
14.980000	0.162796E-01
15.000000	0.146747E-01
15.020000	0.127638E-01
15.040000	0.546634E-02
15.060000	-0.154614E-01
15.080000	-0.366667E-01
15.100000	-0.442579E-01
15.120000	-0.459241E-01
15.140000	-0.409357E-01
15.160000	-0.286849E-01
15.180000	-0.917381E-02
15.200000	0.111441E-01
15.220000	0.211142E-01
15.240000	0.219695E-01
15.260000	0.138273E-01
15.280000	0.393794E-02
15.300000	-0.692352E-02
15.320000	-0.129012E-01
15.340000	-0.152324E-01
15.360000	-0.176014E-01
15.380000	-0.139064E-01
15.400000	-0.644973E-02
15.420000	-0.291086E-02
15.440000	-0.913747E-02
15.460000	-0.179600E-01
15.480000	-0.225220E-01
15.500000	-0.248797E-01
15.520000	-0.271416E-01
15.540000	-0.220973E-01
15.560000	-0.896533E-02
15.580000	0.406875E-03
15.600000	0.534616E-02
15.620000	0.825360E-02
15.640000	0.740743E-02
15.660000	0.627056E-02
15.680000	0.587828E-02
15.700000	0.340825E-02
15.720000	-0.208506E-02
15.740000	-0.772729E-02
15.760000	-0.934155E-02
15.780000	-0.389640E-02
15.800000	0.113132E-01
15.820000	0.320991E-01
15.840000	0.463306E-01
15.860000	0.509097E-01
15.880000	0.461599E-01
15.900000	0.296822E-01
15.920000	0.120070E-01
15.940000	0.730183E-03
15.960000	-0.411958E-02
15.980000	-0.114541E-01
16.000000	-0.145341E-01
16.020000	-0.585974E-02
16.040000	0.408864E-02
16.060000	0.167665E-01
16.080000	0.323330E-01
16.100000	0.448957E-01
16.120000	0.489800E-01
16.140000	0.481194E-01
16.160000	0.276442E-01
16.180000	0.957214E-02
16.200000	0.655524E-02
16.220000	0.557018E-02
16.240000	0.294189E-02
16.260000	-0.165500E-02
16.280000	-0.338774E-02
16.300000	-0.119718E-01
16.320000	-0.106670E-01
16.340000	-0.628489E-02
16.360000	-0.428242E-02
16.380000	-0.685159E-02
16.400000	-0.154133E-01
16.420000	-0.147603E-01
16.440000	0.884373E-02
16.460000	0.362840E-01
16.480000	0.467238E-01
16.500000	0.224286E-01
16.520000	-0.159712E-01
16.540000	-0.264791E-01
16.560000	-0.176804E-01
16.580000	0.654067E-02
16.600000	0.212115E-01
16.620000	0.186759E-01
16.640000	0.142961E-01
16.660000	0.631166E-02
16.680000	-0.109742E-01
16.700000	-0.224685E-01
16.720000	-0.265882E-01
16.740000	-0.332242E-01
16.760000	-0.364249E-01
16.780000	-0.321836E-01
16.800000	-0.269826E-01
16.820000	-0.277129E-01
16.840000	-0.335054E-01
16.860000	-0.281095E-01
16.880000	-0.128289E-01
16.900000	-0.729229E-02
16.920000	-0.119261E-01
16.940000	-0.125177E-01
16.960000	-0.434955E-02
16.980000	0.694389E-02
17.000000	0.152671E-01
17.020000	0.114196E-01
17.040000	-0.113590E-01
17.060000	-0.366612E-01
17.080000	-0.471682E-01
17.100000	-0.431464E-01
17.120000	-0.266959E-01
17.140000	-0.403462E-02
17.160000	0.253505E-01
17.180000	0.496825E-01
17.200000	0.664451E-01
17.220000	0.781342E-01
17.240000	0.792643E-01
17.260000	0.622996E-01
17.280000	0.407540E-01
17.300000	0.286118E-01
17.320000	0.151436E-01
17.340000	0.279944E-02
17.360000	-0.109319E-01
17.380000	-0.279253E-01
17.400000	-0.396911E-01
17.420000	-0.338528E-01
17.440000	-0.974426E-02
17.460000	0.120040E-01
17.480000	0.228087E-01
17.500000	0.275229E-01
17.520000	0.350085E-01
17.540000	0.434815E-01
17.560000	0.503928E-01
17.580000	0.497612E-01
17.600000	0.313897E-01
17.620000	0.805087E-02
17.640000	-0.136999E-01
17.660000	-0.346458E-01
17.680000	-0.453897E-01
17.700000	-0.388120E-01
17.720000	-0.151360E-01
17.740000	0.102046E-01
17.760000	0.250453E-01
17.780000	0.204101E-01
17.800000	-0.133093E-01
17.820000	-0.430294E-01
17.840000	-0.484949E-01
17.860000	-0.358656E-01
17.880000	-0.115297E-01
17.900000	-0.107404E-02
17.920000	-0.884985E-02
17.940000	-0.182301E-01
17.960000	-0.240353E-01
17.980000	-0.296620E-01
18.000000	-0.347012E-01
18.020000	-0.435643E-01
18.040000	-0.523173E-01
18.060000	-0.528900E-01
18.080000	-0.327525E-01
18.100000	-0.775274E-02
18.120000	0.522091E-03
18.140000	0.121220E-02
18.160000	-0.438622E-04
18.180000	-0.346845E-02
18.200000	-0.104896E-01
18.220000	-0.113254E-01
18.240000	-0.935830E-02
18.260000	-0.473818E-02
18.280000	0.283810E-03
18.300000	-0.467593E-02
18.320000	-0.131863E-01
18.340000	-0.167425E-01
18.360000	-0.129446E-01
18.380000	-0.639465E-02
18.400000	-0.339332E-02
18.420000	-0.674966E-02
18.440000	-0.717249E-02
18.460000	-0.145085E-02
18.480000	0.549172E-02
18.500000	0.109563E-01
18.520000	0.107527E-01
18.540000	0.101473E-01
18.560000	0.852592E-02
18.580000	0.908835E-02
18.600000	0.185187E-01
18.620000	0.275257E-01
18.640000	0.342499E-01
18.660000	0.379457E-01
18.680000	0.349616E-01
18.700000	0.326965E-01
18.720000	0.324806E-01
18.740000	0.277145E-01
18.760000	0.247396E-01
18.780000	0.234741E-01
18.800000	0.210927E-01
18.820000	0.145558E-01
18.840000	0.960710E-02
18.860000	0.453392E-02
18.880000	-0.248950E-02
18.900000	-0.134481E-01
18.920000	-0.297443E-01
18.940000	-0.439812E-01
18.960000	-0.418002E-01
18.980000	-0.290928E-01
19.000000	-0.144127E-01
19.020000	0.197484E-02
19.040000	0.627846E-02
19.060000	0.373901E-03
19.080000	-0.121382E-01
19.100000	-0.145146E-01
19.120000	0.815916E-02
19.140000	0.438022E-01
19.160000	0.638097E-01
19.180000	0.618964E-01
19.200000	0.505939E-01
19.220000	0.309642E-01
19.240000	-0.211120E-02
19.260000	-0.252130E-01
19.280000	-0.281964E-01
19.300000	-0.189724E-01
19.320000	-0.127238E-01
19.340000	-0.135223E-01
19.360000	-0.200074E-01
19.380000	-0.411641E-01
19.400000	-0.677860E-01
19.420000	-0.650901E-01
19.440000	-0.142359E-01
19.460000	0.110112E-01
19.480000	0.217401E-02
19.500000	-0.189284E-03
19.520000	0.146773E-01
19.540000	0.372305E-01
19.560000	0.543227E-01
19.580000	0.588596E-01
19.600000	0.552315E-01
19.620000	0.424397E-01
19.640000	0.121355E-01
19.660000	-0.909173E-02
19.680000	-0.296825E-01
19.700000	-0.444674E-01
19.720000	-0.401376E-01
19.740000	-0.252497E-01
19.760000	-0.224172E-01
19.780000	-0.275693E-01
19.800000	-0.195338E-01
19.820000	0.183105E-02
19.840000	0.243954E-01
19.860000	0.403012E-01
19.880000	0.519699E-01
19.900000	0.519116E-01
19.920000	0.436332E-01
19.940000	0.393450E-01
19.960000	0.388777E-01
19.980000	0.296017E-01
20.000000	0.630984E-02
20.020000	-0.235488E-01
20.040000	-0.433777E-01
20.060000	-0.429485E-01
20.080000	-0.325457E-01
20.100000	-0.325071E-01
20.120000	-0.371952E-01
20.140000	-0.336479E-01
20.160000	-0.211572E-01
20.180000	-0.518622E-02
20.200000	0.122629E-02
20.220000	-0.103091E-01
20.240000	-0.415295E-01
20.260000	-0.557414E-01
20.280000	-0.404825E-01
20.300000	-0.986847E-02
20.320000	0.163228E-01
20.340000	0.138715E-01
20.360000	-0.389414E-02
20.380000	-0.856502E-02
20.400000	-0.177008E-02
20.420000	0.770949E-02
20.440000	0.176358E-01
20.460000	0.295991E-01
20.480000	0.437645E-01
20.500000	0.391436E-01
20.520000	0.241798E-01
20.540000	0.561341E-02
20.560000	-0.141902E-01
20.580000	-0.311440E-01
20.600000	-0.237188E-01
20.620000	0.646259E-02
20.640000	0.261941E-01
20.660000	0.368292E-01
20.680000	0.428703E-01
20.700000	0.427373E-01
20.720000	0.368025E-01
20.740000	0.265245E-01
20.760000	0.514592E-02
20.780000	-0.142478E-01
20.800000	-0.145777E-01
20.820000	-0.462375E-03
20.840000	0.144414E-01
20.860000	0.185903E-01
20.880000	0.840102E-02
20.900000	-0.976330E-03
20.920000	-0.296889E-02
20.940000	-0.701981E-02
20.960000	-0.177344E-01
20.980000	-0.343426E-01
21.000000	-0.439240E-01
21.020000	-0.350495E-01
21.040000	-0.184179E-01
21.060000	-0.113861E-02
21.080000	0.971159E-02
21.100000	0.144112E-01
21.120000	0.229888E-01
21.140000	0.277057E-01
21.160000	0.211241E-01
21.180000	0.201383E-02
21.200000	-0.110570E-01
21.220000	-0.786301E-02
21.240000	0.135921E-02
21.260000	0.871484E-02
21.280000	0.121067E-01
21.300000	0.737125E-02
21.320000	-0.157581E-02
21.340000	-0.687433E-02
21.360000	-0.829075E-02
21.380000	-0.173398E-01
21.400000	-0.270295E-01
21.420000	-0.286601E-01
21.440000	-0.115105E-01
21.460000	0.204178E-01
21.480000	0.288393E-01
21.500000	0.143026E-01
21.520000	-0.162238E-02
21.540000	-0.285627E-02
21.560000	0.224810E-02
21.580000	-0.100028E-01
21.600000	-0.349691E-01
21.620000	-0.530861E-01
21.640000	-0.623576E-01
21.660000	-0.558140E-01
21.680000	-0.274129E-01
21.700000	0.906647E-03
21.720000	0.173391E-01
21.740000	0.273731E-01
21.760000	0.326018E-01
21.780000	0.331875E-01
21.800000	0.259335E-01
21.820000	0.178645E-01
21.840000	0.139377E-01
21.860000	0.142408E-01
21.880000	0.126192E-01
21.900000	0.106681E-01
21.920000	0.621907E-02
21.940000	0.119166E-02
21.960000	-0.177229E-02
21.980000	-0.105605E-01
22.000000	-0.202952E-01
22.020000	-0.302604E-01
22.040000	-0.368638E-01
22.060000	-0.317993E-01
22.080000	-0.128650E-01
22.100000	-0.826805E-03
22.120000	-0.576117E-04
22.140000	-0.387128E-02
22.160000	-0.541546E-02
22.180000	-0.121399E-02
22.200000	0.211640E-02
22.220000	-0.260612E-02
22.240000	-0.142942E-01
22.260000	-0.256019E-01
22.280000	-0.312853E-01
22.300000	-0.178090E-01
22.320000	0.583674E-02
22.340000	0.208961E-01
22.360000	0.258747E-01
22.380000	0.243825E-01
22.400000	0.207574E-01
22.420000	0.167162E-01
22.440000	0.307579E-02
22.460000	-0.184115E-01
22.480000	-0.298906E-01
22.500000	-0.271713E-01
22.520000	-0.204256E-02
22.540000	0.294989E-01
22.560000	0.427630E-01
22.580000	0.443490E-01
22.600000	0.431464E-01
22.620000	0.407626E-01
22.640000	0.316520E-01
22.660000	0.186122E-01
22.680000	0.473916E-02
22.700000	-0.824141E-02
22.720000	-0.199276E-01
22.740000	-0.303286E-01
22.760000	-0.372892E-01
22.780000	-0.375677E-01
22.800000	-0.311357E-01
22.820000	-0.219976E-01
22.840000	-0.166386E-01
22.860000	-0.101974E-01
22.880000	0.953091E-04
22.900000	0.997492E-02
22.920000	0.159755E-01
22.940000	0.895366E-02
22.960000	-0.558962E-02
22.980000	-0.200401E-01
23.000000	-0.285001E-01
23.020000	-0.287267E-01
23.040000	-0.252078E-01
23.060000	-0.229262E-01
23.080000	-0.168615E-01
23.100000	0.294748E-03
23.120000	0.177702E-01
23.140000	0.267410E-01
23.160000	0.284248E-01
23.180000	0.199984E-01
23.200000	0.110028E-01
23.220000	0.108313E-01
23.240000	0.147183E-01
23.260000	0.199497E-01
23.280000	0.227780E-01
23.300000	0.254787E-01
23.320000	0.273502E-01
23.340000	0.260903E-01
23.360000	0.219274E-01
23.380000	0.180736E-01
23.400000	0.162252E-01
23.420000	0.159342E-01
23.440000	0.139521E-01
23.460000	0.913137E-02
23.480000	0.222164E-02
23.500000	-0.663425E-02
23.520000	-0.168661E-01
23.540000	-0.245490E-01
23.560000	-0.260283E-01
23.580000	-0.276167E-01
23.600000	-0.296886E-01
23.620000	-0.290963E-01
23.640000	-0.206336E-01
23.660000	-0.624476E-02
23.680000	0.109385E-02
23.700000	0.479718E-02
23.720000	0.507840E-02
23.740000	-0.118878E-02
23.760000	-0.150172E-01
23.780000	-0.242649E-01
23.800000	-0.231942E-01
23.820000	-0.189207E-01
23.840000	-0.128479E-01
23.860000	-0.995758E-02
23.880000	-0.292705E-02
23.900000	0.625364E-02
23.920000	0.183617E-01
23.940000	0.305381E-01
23.960000	0.364915E-01
23.980000	0.351142E-01
24.000000	0.294335E-01
24.020000	0.242576E-01
24.040000	0.143245E-01
24.060000	-0.249157E-02
24.080000	-0.221218E-01
24.100000	-0.345091E-01
24.120000	-0.368014E-01
24.140000	-0.310877E-01
24.160000	-0.186849E-01
24.180000	0.250930E-02
24.200000	0.210933E-01
24.220000	0.316693E-01
24.240000	0.335294E-01
24.260000	0.257933E-01
24.280000	0.135713E-01
24.300000	0.242536E-02
24.320000	-0.180294E-02
24.340000	-0.144431E-02
24.360000	0.568611E-02
24.380000	0.167700E-01
24.400000	0.266269E-01
24.420000	0.373416E-01
24.440000	0.432398E-01
24.460000	0.437056E-01
24.480000	0.413367E-01
24.500000	0.356304E-01
24.520000	0.274128E-01
24.540000	0.157967E-01
24.560000	0.569109E-02
24.580000	-0.222352E-02
24.600000	-0.110796E-01
24.620000	-0.195624E-01
24.640000	-0.270863E-01
24.660000	-0.327110E-01
24.680000	-0.377788E-01
24.700000	-0.424784E-01
24.720000	-0.447841E-01
24.740000	-0.430352E-01
24.760000	-0.358508E-01
24.780000	-0.257094E-01
24.800000	-0.181425E-01
24.820000	-0.138497E-01
24.840000	-0.128088E-01
24.860000	-0.130336E-01
24.880000	-0.120192E-01
24.900000	-0.119768E-01
24.920000	-0.107686E-01
24.940000	-0.660644E-02
24.960000	-0.365299E-02
24.980000	-0.323832E-02
25.000000	-0.167003E-02
25.020000	-0.113399E-02
25.040000	-0.179338E-02
25.060000	-0.232732E-02
25.080000	-0.244407E-02
25.100000	-0.358899E-02
25.120000	-0.229101E-02
25.140000	0.155289E-02
25.160000	0.832623E-02
25.180000	0.133778E-01
25.200000	0.127031E-01
25.220000	0.624806E-02
25.240000	-0.118924E-02
25.260000	-0.182927E-02
25.280000	-0.208973E-03
25.300000	0.167754E-02
25.320000	0.349877E-02
25.340000	0.559133E-02
25.360000	0.637726E-02
25.380000	0.783027E-02
25.400000	0.937202E-02
25.420000	0.728257E-02
25.440000	0.181080E-02
25.460000	-0.316117E-02
25.480000	-0.160820E-02
25.500000	0.448376E-02
25.520000	0.979951E-02
25.540000	0.134027E-01
25.560000	0.154147E-01
25.580000	0.150582E-01
25.600000	0.130738E-01
25.620000	0.102632E-01
25.640000	0.486078E-02
25.660000	0.848633E-03
25.680000	0.799182E-03
25.700000	0.520917E-02
25.720000	0.113062E-01
25.740000	0.167505E-01
25.760000	0.205607E-01
25.780000	0.203909E-01
25.800000	0.179465E-01
25.820000	0.164171E-01
25.840000	0.165767E-01
25.860000	0.181450E-01
25.880000	0.205425E-01
25.900000	0.206175E-01
25.920000	0.178610E-01
25.940000	0.131716E-01
25.960000	0.928488E-02
25.980000	0.771360E-02
26.000000	0.939510E-02
26.020000	0.113122E-01
26.040000	0.155662E-01
26.060000	0.212002E-01
26.080000	0.238629E-01
26.100000	0.217429E-01
26.120000	0.155408E-01
26.140000	0.722937E-02
26.160000	-0.214184E-02
26.180000	-0.973009E-02
26.200000	-0.171480E-01
26.220000	-0.224372E-01
26.240000	-0.235494E-01
26.260000	-0.208887E-01
26.280000	-0.186299E-01
26.300000	-0.177215E-01
26.320000	-0.135645E-01
26.340000	-0.599752E-02
26.360000	-0.183230E-02
26.380000	-0.382685E-02
26.400000	-0.114222E-01
26.420000	-0.207618E-01
26.440000	-0.254614E-01
26.460000	-0.286942E-01
26.480000	-0.325502E-01
26.500000	-0.362910E-01
26.520000	-0.368402E-01
26.540000	-0.318365E-01
26.560000	-0.239136E-01
26.580000	-0.141383E-01
26.600000	-0.405401E-02
26.620000	0.120264E-02
26.640000	0.304536E-02
26.660000	0.594909E-03
26.680000	-0.460342E-02
26.700000	-0.813915E-02
26.720000	-0.886070E-02
26.740000	-0.423949E-02
26.760000	0.321019E-02
26.780000	0.864537E-02
26.800000	0.959766E-02
26.820000	0.893325E-02
26.840000	0.719988E-02
26.860000	0.770848E-02
26.880000	0.944720E-02
26.900000	0.126486E-01
26.920000	0.156266E-01
26.940000	0.159618E-01
26.960000	0.152832E-01
26.980000	0.147361E-01
27.000000	0.160138E-01
27.020000	0.160400E-01
27.040000	0.149074E-01
27.060000	0.790781E-02
27.080000	0.869468E-03
27.100000	-0.456339E-02
27.120000	-0.643236E-02
27.140000	-0.406222E-02
27.160000	-0.236522E-03
27.180000	0.546904E-02
27.200000	0.981494E-02
27.220000	0.136682E-01
27.240000	0.141544E-01
27.260000	0.118724E-01
27.280000	0.834186E-02
27.300000	0.273360E-02
27.320000	-0.462293E-02
27.340000	-0.126567E-01
27.360000	-0.172950E-01
27.380000	-0.184947E-01
27.400000	-0.177504E-01
27.420000	-0.164114E-01
27.440000	-0.138872E-01
27.460000	-0.933313E-02
27.480000	-0.418238E-02
27.500000	0.865354E-03
27.520000	0.316216E-02
27.540000	0.157276E-02
27.560000	-0.615192E-02
27.580000	-0.134655E-01
27.600000	-0.178599E-01
27.620000	-0.223849E-01
27.640000	-0.267986E-01
27.660000	-0.294906E-01
27.680000	-0.292643E-01
27.700000	-0.257914E-01
27.720000	-0.176316E-01
27.740000	-0.793666E-02
27.760000	0.348513E-02
27.780000	0.121672E-01
27.800000	0.160227E-01
27.820000	0.165060E-01
27.840000	0.121321E-01
27.860000	0.674023E-02
27.880000	0.406056E-02
27.900000	0.289152E-02
27.920000	0.138588E-02
27.940000	-0.155693E-02
27.960000	-0.170085E-02
27.980000	0.464518E-03
28.000000	0.331635E-02
28.020000	0.550213E-02
28.040000	0.753798E-02
28.060000	0.804485E-02
28.080000	0.505721E-02
28.100000	0.118320E-03
28.120000	-0.638014E-02
28.140000	-0.858134E-02
28.160000	-0.912401E-02
28.180000	-0.102012E-01
28.200000	-0.951165E-02
28.220000	-0.920463E-02
28.240000	-0.723297E-02
28.260000	-0.672319E-03
28.280000	0.656664E-02
28.300000	0.118992E-01
28.320000	0.148787E-01
28.340000	0.118432E-01
28.360000	0.581199E-02
28.380000	0.908694E-04
28.400000	-0.522938E-02
28.420000	-0.866059E-02
28.440000	-0.108606E-01
28.460000	-0.116276E-01
28.480000	-0.137868E-01
28.500000	-0.142712E-01
28.520000	-0.142568E-01
28.540000	-0.125941E-01
28.560000	-0.795296E-02
28.580000	-0.390749E-02
28.600000	0.227245E-04
28.620000	-0.284131E-03
28.640000	-0.222910E-02
28.660000	-0.253797E-02
28.680000	-0.242558E-02
28.700000	-0.253452E-02
28.720000	-0.191619E-02
28.740000	0.157141E-02
28.760000	0.661962E-02
28.780000	0.115097E-01
28.800000	0.158297E-01
28.820000	0.193745E-01
28.840000	0.218003E-01
28.860000	0.223065E-01
28.880000	0.229759E-01
28.900000	0.236361E-01
28.920000	0.234151E-01
28.940000	0.235470E-01
28.960000	0.234923E-01
28.980000	0.263302E-01
29.000000	0.294365E-01
29.020000	0.283577E-01
29.040000	0.222370E-01
29.060000	0.112541E-01
29.080000	0.610765E-03
29.100000	-0.634931E-02
29.120000	-0.105533E-01
29.140000	-0.112669E-01
29.160000	-0.118081E-01
29.180000	-0.138905E-01
29.200000	-0.140705E-01
29.220000	-0.141874E-01
29.240000	-0.137381E-01
29.260000	-0.111498E-01
29.280000	-0.797613E-02
29.300000	-0.432095E-02
29.320000	-0.240414E-03
29.340000	0.397069E-02
29.360000	0.773199E-02
29.380000	0.860975E-02
29.400000	0.611133E-02
29.420000	0.206763E-02
29.440000	-0.314907E-02
29.460000	-0.818725E-02
29.480000	-0.125736E-01
29.500000	-0.165041E-01
29.520000	-0.175795E-01
29.540000	-0.174626E-01
29.560000	-0.158636E-01
29.580000	-0.120705E-01
29.600000	-0.926378E-02
29.620000	-0.863066E-02
29.640000	-0.113788E-01
29.660000	-0.158620E-01
29.680000	-0.203645E-01
29.700000	-0.246998E-01
29.720000	-0.249887E-01
29.740000	-0.211986E-01
29.760000	-0.169546E-01
29.780000	-0.121332E-01
29.800000	-0.921826E-02
29.820000	-0.498645E-02
29.840000	0.104466E-02
29.860000	0.835180E-02
29.880000	0.159201E-01
29.900000	0.243411E-01
29.920000	0.315095E-01
29.940000	0.320297E-01
29.960000	0.264176E-01
29.980000	0.985371E-02
30.000000	-0.559932E-02
30.020000	-0.167734E-01
30.040000	-0.243347E-01
30.060000	-0.282046E-01
30.080000	-0.313299E-01
30.100000	-0.290103E-01
30.120000	-0.211033E-01
30.140000	-0.657941E-02
30.160000	0.845139E-02
30.180000	0.212851E-01
30.200000	0.329622E-01
30.220000	0.418853E-01
30.240000	0.442222E-01
30.260000	0.402852E-01
30.280000	0.280597E-01
30.300000	0.152772E-01
30.320000	0.504374E-02
30.340000	-0.526110E-02
30.360000	-0.132260E-01
30.380000	-0.213899E-01
30.400000	-0.271965E-01
30.420000	-0.283355E-01
30.440000	-0.215991E-01
30.460000	-0.860810E-02
30.480000	0.173506E-04
30.500000	0.341022E-02
30.520000	0.288937E-02
30.540000	0.208191E-02
30.560000	0.405499E-02
30.580000	0.574249E-02
30.600000	0.929354E-02
30.620000	0.125611E-01
30.640000	0.150911E-01
30.660000	0.129282E-01
30.680000	0.100166E-01
30.700000	0.901752E-02
30.720000	0.670572E-02
30.740000	0.676135E-02
30.760000	0.579089E-02
30.780000	0.346894E-02
30.800000	0.158969E-02
30.820000	-0.266081E-03
30.840000	-0.256757E-02
30.860000	-0.411425E-02
30.880000	-0.481227E-02
30.900000	-0.416387E-02
30.920000	-0.353381E-02
30.940000	-0.523545E-02
30.960000	-0.687791E-02
30.980000	-0.738000E-02
31.000000	-0.674782E-02
31.020000	-0.841879E-02
31.040000	-0.854852E-02
31.060000	-0.565800E-02
31.080000	-0.642315E-02
31.100000	-0.858976E-02
31.120000	-0.835527E-02
31.140000	-0.482412E-02
31.160000	-0.561615E-03
31.180000	0.633251E-02
31.200000	0.156930E-01
31.220000	0.232359E-01
31.240000	0.294049E-01
31.260000	0.324516E-01
31.280000	0.302393E-01
31.300000	0.202811E-01
31.320000	0.841759E-02
31.340000	-0.286656E-02
31.360000	-0.105685E-01
31.380000	-0.148411E-01
31.400000	-0.169238E-01
31.420000	-0.166114E-01
31.440000	-0.148670E-01
31.460000	-0.124106E-01
31.480000	-0.107325E-01
31.500000	-0.806287E-02
31.520000	-0.823495E-02
31.540000	-0.595391E-02
31.560000	-0.244579E-02
31.580000	0.181066E-03
31.600000	0.533348E-03
31.620000	-0.190405E-02
31.640000	-0.286344E-02
31.660000	-0.642279E-02
31.680000	-0.776668E-02
31.700000	-0.492141E-02
31.720000	-0.162222E-02
31.740000	0.278982E-02
31.760000	0.351560E-02
31.780000	0.174036E-02
31.800000	-0.743759E-03
31.820000	-0.222315E-02
31.840000	-0.267028E-02
31.860000	-0.458313E-02
31.880000	-0.579216E-02
31.900000	-0.810072E-02
31.920000	-0.106041E-01
31.940000	-0.136592E-01
31.960000	-0.137492E-01
31.980000	-0.138698E-01
32.000000	-0.137547E-01
32.020000	-0.139273E-01
32.040000	-0.107470E-01
32.060000	-0.417937E-02
32.080000	0.230161E-02
32.100000	0.631423E-02
32.120000	0.663855E-02
32.140000	0.550837E-02
32.160000	0.147428E-02
32.180000	0.486946E-03
32.200000	0.215062E-02
32.220000	0.605730E-02
32.240000	0.653885E-02
32.260000	0.653286E-02
32.280000	0.646161E-02
32.300000	0.662193E-02
32.320000	0.624065E-02
32.340000	0.418762E-02
32.360000	0.189900E-02
32.380000	0.679360E-03
32.400000	0.751066E-03
32.420000	0.619052E-03
32.440000	0.521260E-03
32.460000	0.132571E-02
32.480000	0.356502E-02
32.500000	0.358924E-02
32.520000	0.356948E-02
32.540000	0.368769E-02
32.560000	0.357603E-02
32.580000	0.192102E-02
32.600000	-0.439085E-03
32.620000	-0.209112E-02
32.640000	-0.186402E-02
32.660000	-0.223148E-02
32.680000	-0.182660E-02
32.700000	-0.252741E-02
32.720000	-0.239189E-02
32.740000	-0.140914E-02
32.760000	0.211434E-02
32.780000	0.413535E-02
32.800000	0.401107E-02
32.820000	0.344059E-02
32.840000	0.110558E-02
32.860000	0.178787E-02
32.880000	0.170482E-02
32.900000	0.161021E-02
32.920000	0.131636E-02
32.940000	0.914094E-03
32.960000	0.579391E-03
32.980000	0.174851E-02
33.000000	0.662989E-03
33.020000	-0.121771E-02
33.040000	-0.126818E-02
33.060000	-0.543932E-03
33.080000	0.159858E-02
33.100000	0.149072E-02
33.120000	0.172014E-02
33.140000	0.144357E-02
33.160000	0.347117E-02
33.180000	0.419982E-02
33.200000	0.403921E-02
33.220000	0.373885E-02
33.240000	0.162329E-02
33.260000	-0.453377E-03
33.280000	-0.373207E-02
33.300000	-0.647540E-02
33.320000	-0.950976E-02
33.340000	-0.106278E-01
33.360000	-0.996169E-02
33.380000	-0.735766E-02
33.400000	-0.245807E-02
33.420000	0.156555E-02
33.440000	0.398299E-02
33.460000	0.396435E-02
33.480000	0.299184E-03
33.500000	-0.327067E-02
33.520000	-0.519477E-02
33.540000	-0.481168E-02
33.560000	-0.233425E-02
33.580000	0.816465E-03
33.600000	0.351055E-02
33.620000	0.643981E-02
33.640000	0.890726E-02
33.660000	0.957105E-02
33.680000	0.110645E-01
33.700000	0.107907E-01
33.720000	0.899896E-02
33.740000	0.833038E-02
33.760000	0.660889E-02
33.780000	0.600130E-02
33.800000	0.599053E-02
33.820000	0.573175E-02
33.840000	0.567843E-02
33.860000	0.544997E-02
33.880000	0.387355E-02
33.900000	0.161369E-02
33.920000	-0.176827E-03
33.940000	-0.200313E-02
33.960000	-0.152646E-02
33.980000	-0.224834E-03
34.000000	0.448691E-03
34.020000	0.178129E-02
34.040000	0.322707E-02
34.060000	0.322876E-02
34.080000	0.322786E-02
34.100000	0.239575E-02
34.120000	0.318560E-03
34.140000	-0.100397E-02
34.160000	-0.225831E-02
34.180000	-0.288322E-02
34.200000	-0.372264E-02
34.220000	-0.363139E-02
34.240000	-0.261062E-02
34.260000	-0.108118E-02
34.280000	0.559656E-03
34.300000	0.166377E-02
34.320000	0.242835E-02
34.340000	0.170666E-02
34.360000	0.571277E-03
34.380000	-0.826313E-03
34.400000	-0.151002E-02
34.420000	-0.213958E-02
34.440000	-0.264357E-02
34.460000	-0.366056E-02
34.480000	-0.404906E-02
34.500000	-0.343458E-02
34.520000	-0.219840E-02
34.540000	-0.768888E-03
34.560000	0.196785E-03
34.580000	0.971759E-03
34.600000	0.154237E-02
34.620000	0.218741E-02
34.640000	0.212621E-02
34.660000	0.207329E-02
34.680000	0.132608E-02
34.700000	0.116140E-02
34.720000	0.993483E-03
34.740000	0.887362E-03
34.760000	0.120893E-02
34.780000	0.183118E-02
34.800000	0.290981E-02
34.820000	0.355981E-02
34.840000	0.385348E-02
34.860000	0.387392E-02
34.880000	0.357197E-02
34.900000	0.348299E-02
34.920000	0.303882E-02
34.940000	0.255669E-02
34.960000	0.231227E-02
34.980000	0.199616E-02
35.000000	0.139398E-02
35.020000	0.971307E-03
35.040000	0.110321E-02
35.060000	0.935867E-03
35.080000	0.752336E-03
35.100000	0.439575E-03
35.120000	-0.136127E-03
35.140000	-0.573005E-03
35.160000	-0.991222E-03
35.180000	-0.124470E-02
35.200000	-0.142118E-02
35.220000	-0.173459E-02
35.240000	-0.191741E-02
35.260000	-0.188637E-02
35.280000	-0.166200E-02
35.300000	-0.151413E-02
35.320000	-0.140137E-02
35.340000	-0.125904E-02
35.360000	-0.121868E-02
35.380000	-0.130162E-02
35.400000	-0.136187E-02
35.420000	-0.141925E-02
35.440000	-0.161102E-02
35.460000	-0.182536E-02
35.480000	-0.198110E-02
35.500000	-0.192596E-02
35.520000	-0.184043E-02
35.540000	-0.174192E-02
35.560000	-0.169699E-02
35.580000	-0.166625E-02
35.600000	-0.155929E-02
35.620000	-0.144263E-02
35.640000	-0.127149E-02
35.660000	-0.118017E-02
35.680000	-0.110329E-02
35.700000	-0.107592E-02
35.720000	-0.103208E-02
35.740000	-0.100418E-02
35.760000	-0.995062E-03
35.780000	-0.966354E-03
35.800000	-0.943735E-03
35.820000	-0.908886E-03
35.840000	-0.864938E-03
35.860000	-0.809805E-03
35.880000	-0.755438E-03
35.900000	-0.701993E-03
35.920000	-0.658138E-03
35.940000	-0.617183E-03
35.960000	-0.576319E-03
35.980000	-0.535269E-03
36.000000	-0.497239E-03
