0.000000	0.000000
0.010000	-0.607842E-03
0.020000	-0.570445E-03
0.030000	-0.602807E-03
0.040000	-0.571423E-03
0.050000	-0.596258E-03
0.060000	-0.544373E-03
0.070000	-0.565592E-03
0.080000	-0.545089E-03
0.090000	-0.587947E-03
0.100000	-0.564187E-03
0.110000	-0.618535E-03
0.120000	-0.594045E-03
0.130000	-0.619699E-03
0.140000	-0.526877E-03
0.150000	-0.423981E-03
0.160000	-0.334435E-03
0.170000	-0.353339E-03
0.180000	-0.381658E-03
0.190000	-0.524421E-03
0.200000	-0.496723E-03
0.210000	-0.541551E-03
0.220000	-0.331488E-03
0.230000	-0.796914E-04
0.240000	0.315036E-03
0.250000	0.593028E-03
0.260000	0.298640E-03
0.270000	0.536875E-04
0.280000	0.215787E-03
0.290000	0.236339E-03
0.300000	0.201753E-03
0.310000	0.358416E-04
0.320000	0.113536E-03
0.330000	0.203340E-03
0.340000	0.199695E-03
0.350000	-0.459898E-04
0.360000	-0.543239E-03
0.370000	-0.545062E-03
0.380000	-0.156759E-03
0.390000	-0.107939E-03
0.400000	-0.338966E-03
0.410000	-0.726772E-03
0.420000	-0.803352E-03
0.430000	-0.844259E-03
0.440000	-0.814717E-03
0.450000	-0.816417E-03
0.460000	-0.799119E-03
0.470000	0.509197E-04
0.480000	0.154288E-02
0.490000	0.259709E-02
0.500000	0.365863E-02
0.510000	0.448119E-02
0.520000	0.512654E-02
0.530000	0.408678E-02
0.540000	0.421282E-02
0.550000	0.278057E-02
0.560000	0.155385E-02
0.570000	0.985880E-03
0.580000	0.782709E-03
0.590000	0.390635E-03
0.600000	-0.667580E-03
0.610000	-0.167218E-02
0.620000	-0.251774E-02
0.630000	-0.285347E-02
0.640000	-0.273583E-02
0.650000	-0.302241E-02
0.660000	-0.285936E-02
0.670000	-0.103435E-02
0.680000	0.186974E-02
0.690000	0.277735E-02
0.700000	0.248773E-02
0.710000	0.115044E-02
0.720000	-0.427471E-03
0.730000	-0.313585E-02
0.740000	-0.493199E-02
0.750000	-0.677240E-02
0.760000	-0.729264E-02
0.770000	-0.589961E-02
0.780000	-0.226629E-02
0.790000	-0.463067E-03
0.800000	0.777310E-04
0.810000	0.101148E-02
0.820000	0.217083E-02
0.830000	0.338337E-02
0.840000	0.393224E-02
0.850000	0.372424E-02
0.860000	0.396563E-02
0.870000	0.279604E-02
0.880000	0.171524E-02
0.890000	-0.121702E-02
0.900000	-0.526348E-02
0.910000	-0.863567E-02
0.920000	-0.958053E-02
0.930000	-0.999694E-02
0.940000	-0.106388E-01
0.950000	-0.119745E-01
0.960000	-0.112128E-01
0.970000	-0.961643E-02
0.980000	-0.853657E-02
0.990000	-0.774867E-02
1.000000	-0.563321E-02
1.010000	-0.181729E-02
1.020000	0.261813E-02
1.030000	0.550553E-02
1.040000	0.746021E-02
1.050000	0.107178E-01
1.060000	0.141434E-01
1.070000	0.133516E-01
1.080000	0.102779E-01
1.090000	0.561823E-02
1.100000	-0.185645E-03
1.110000	-0.486421E-02
1.120000	-0.575643E-02
1.130000	-0.378319E-02
1.140000	-0.329876E-03
1.150000	0.341099E-02
1.160000	0.789619E-02
1.170000	0.110092E-01
1.180000	0.109442E-01
1.190000	0.920578E-02
1.200000	0.741117E-02
1.210000	0.614806E-02
1.220000	0.529237E-02
1.230000	0.329266E-02
1.240000	0.532922E-03
1.250000	-0.321914E-02
1.260000	-0.741128E-02
1.270000	-0.103985E-01
1.280000	-0.122329E-01
1.290000	-0.120954E-01
1.300000	-0.867178E-02
1.310000	-0.613377E-02
1.320000	-0.434823E-02
1.330000	-0.763629E-03
1.340000	0.328253E-02
1.350000	0.600485E-02
1.360000	0.640049E-02
1.370000	0.441369E-02
1.380000	0.189522E-02
1.390000	0.287261E-03
1.400000	-0.108133E-02
1.410000	-0.167465E-02
1.420000	-0.985469E-06
1.430000	0.309134E-02
1.440000	0.540115E-02
1.450000	0.579348E-02
1.460000	0.582636E-02
1.470000	0.463541E-02
1.480000	0.200132E-02
1.490000	-0.589567E-03
1.500000	-0.273544E-02
1.510000	-0.313949E-02
1.520000	-0.306812E-02
1.530000	-0.237485E-02
1.540000	-0.140762E-02
1.550000	-0.174629E-02
1.560000	-0.264660E-02
1.570000	-0.262849E-02
1.580000	0.407383E-03
1.590000	0.161278E-02
1.600000	-0.213647E-02
1.610000	-0.644290E-02
1.620000	-0.783963E-02
1.630000	-0.865270E-02
1.640000	-0.106433E-01
1.650000	-0.131239E-01
1.660000	-0.149512E-01
1.670000	-0.122976E-01
1.680000	-0.442719E-02
1.690000	0.351267E-02
1.700000	0.103703E-01
1.710000	0.168500E-01
1.720000	0.217226E-01
1.730000	0.225952E-01
1.740000	0.209562E-01
1.750000	0.179321E-01
1.760000	0.151649E-01
1.770000	0.125140E-01
1.780000	0.112318E-01
1.790000	0.125894E-01
1.800000	0.155596E-01
1.810000	0.167900E-01
1.820000	0.149195E-01
1.830000	0.895340E-02
1.840000	0.117403E-02
1.850000	-0.569577E-02
1.860000	-0.845164E-02
1.870000	-0.917189E-02
1.880000	-0.130864E-01
1.890000	-0.182940E-01
1.900000	-0.228971E-01
1.910000	-0.278935E-01
1.920000	-0.341812E-01
1.930000	-0.388775E-01
1.940000	-0.388707E-01
1.950000	-0.327505E-01
1.960000	-0.205213E-01
1.970000	-0.610416E-02
1.980000	0.409762E-02
1.990000	0.887466E-02
2.000000	0.874225E-02
2.010000	0.532611E-02
2.020000	0.199318E-02
2.030000	-0.942208E-03
2.040000	-0.189380E-02
2.050000	-0.306864E-03
2.060000	0.183178E-02
2.070000	0.430956E-02
2.080000	0.549478E-02
2.090000	0.412871E-02
2.100000	0.270038E-02
2.110000	-0.830665E-03
2.120000	-0.596816E-02
2.130000	-0.124752E-01
2.140000	-0.189560E-01
2.150000	-0.251143E-01
2.160000	-0.310682E-01
2.170000	-0.371899E-01
2.180000	-0.417819E-01
2.190000	-0.449676E-01
2.200000	-0.438809E-01
2.210000	-0.389079E-01
2.220000	-0.314539E-01
2.230000	-0.242483E-01
2.240000	-0.167438E-01
2.250000	-0.755409E-02
2.260000	0.229690E-02
2.270000	0.849153E-02
2.280000	0.112455E-01
2.290000	0.969147E-02
2.300000	0.564385E-02
2.310000	0.186822E-02
2.320000	0.538384E-03
2.330000	0.446137E-02
2.340000	0.117062E-01
2.350000	0.236554E-01
2.360000	0.369553E-01
2.370000	0.456399E-01
2.380000	0.488262E-01
2.390000	0.461487E-01
2.400000	0.398612E-01
2.410000	0.333733E-01
2.420000	0.273347E-01
2.430000	0.217483E-01
2.440000	0.176637E-01
2.450000	0.198547E-01
2.460000	0.220873E-01
2.470000	0.163063E-01
2.480000	0.624496E-02
2.490000	-0.197631E-02
2.500000	-0.960336E-02
2.510000	-0.119682E-01
2.520000	-0.628247E-02
2.530000	-0.255313E-03
2.540000	0.638727E-02
2.550000	0.510487E-02
2.560000	0.399641E-02
2.570000	0.108875E-01
2.580000	0.162014E-01
2.590000	0.151431E-01
2.600000	0.100351E-01
2.610000	0.383801E-02
2.620000	0.102833E-02
2.630000	0.557057E-02
2.640000	0.101122E-01
2.650000	0.111160E-01
2.660000	0.589075E-02
2.670000	0.980003E-03
2.680000	-0.724305E-02
2.690000	-0.183995E-01
2.700000	-0.252974E-01
2.710000	-0.233539E-01
2.720000	-0.142773E-01
2.730000	-0.353174E-03
2.740000	0.113635E-01
2.750000	0.179601E-01
2.760000	0.224232E-01
2.770000	0.236125E-01
2.780000	0.200175E-01
2.790000	0.566880E-02
2.800000	-0.130141E-01
2.810000	-0.271018E-01
2.820000	-0.300529E-01
2.830000	-0.193629E-01
2.840000	-0.716566E-02
2.850000	0.408520E-02
2.860000	0.152550E-01
2.870000	0.194237E-01
2.880000	0.154337E-01
2.890000	0.106280E-01
2.900000	0.111083E-01
2.910000	0.172351E-01
2.920000	0.245840E-01
2.930000	0.294829E-01
2.940000	0.303456E-01
2.950000	0.253208E-01
2.960000	0.156069E-01
2.970000	0.939215E-02
2.980000	0.249036E-02
2.990000	-0.272863E-02
3.000000	-0.359263E-02
3.010000	-0.193985E-02
3.020000	0.516409E-02
3.030000	0.145746E-01
3.040000	0.215596E-01
3.050000	0.237546E-01
3.060000	0.218014E-01
3.070000	0.186674E-01
3.080000	0.150650E-01
3.090000	0.766288E-02
3.100000	-0.158652E-03
3.110000	-0.879057E-02
3.120000	-0.164909E-01
3.130000	-0.224022E-01
3.140000	-0.270723E-01
3.150000	-0.284069E-01
3.160000	-0.231249E-01
3.170000	-0.120087E-01
3.180000	0.192156E-02
3.190000	0.130429E-01
3.200000	0.237813E-01
3.210000	0.335966E-01
3.220000	0.394210E-01
3.230000	0.404393E-01
3.240000	0.345560E-01
3.250000	0.238992E-01
3.260000	0.892634E-02
3.270000	-0.656440E-02
3.280000	-0.210178E-01
3.290000	-0.345336E-01
3.300000	-0.383618E-01
3.310000	-0.310168E-01
3.320000	-0.240619E-01
3.330000	-0.265817E-01
3.340000	-0.355203E-01
3.350000	-0.430893E-01
3.360000	-0.473642E-01
3.370000	-0.480577E-01
3.380000	-0.440255E-01
3.390000	-0.359816E-01
3.400000	-0.259440E-01
3.410000	-0.153155E-01
3.420000	-0.521101E-02
3.430000	0.232714E-02
3.440000	0.494066E-02
3.450000	0.344731E-03
3.460000	-0.849505E-02
3.470000	-0.194194E-01
3.480000	-0.284181E-01
3.490000	-0.309171E-01
3.500000	-0.303208E-01
3.510000	-0.278599E-01
3.520000	-0.251452E-01
3.530000	-0.234382E-01
3.540000	-0.199252E-01
3.550000	-0.159481E-01
3.560000	-0.111112E-01
3.570000	-0.594915E-02
3.580000	0.322627E-02
3.590000	0.134096E-01
3.600000	0.219356E-01
3.610000	0.272401E-01
3.620000	0.290456E-01
3.630000	0.279366E-01
3.640000	0.274011E-01
3.650000	0.270795E-01
3.660000	0.294760E-01
3.670000	0.351910E-01
3.680000	0.440717E-01
3.690000	0.531375E-01
3.700000	0.642526E-01
3.710000	0.729701E-01
3.720000	0.779880E-01
3.730000	0.819406E-01
3.740000	0.828949E-01
3.750000	0.801342E-01
3.760000	0.625251E-01
3.770000	0.218196E-01
3.780000	-0.205031E-01
3.790000	-0.533754E-01
3.800000	-0.771123E-01
3.810000	-0.921550E-01
3.820000	-0.100429E+00
3.830000	-0.102587E+00
3.840000	-0.984729E-01
3.850000	-0.913431E-01
3.860000	-0.710436E-01
3.870000	-0.351849E-01
3.880000	-0.577722E-02
3.890000	0.955246E-02
3.900000	0.136391E-01
3.910000	0.664869E-02
3.920000	-0.150493E-01
3.930000	-0.406324E-01
3.940000	-0.639739E-01
3.950000	-0.855128E-01
3.960000	-0.976173E-01
3.970000	-0.104562E+00
3.980000	-0.102312E+00
3.990000	-0.912452E-01
4.000000	-0.396330E-01
4.010000	0.338071E-01
4.020000	0.105481E+00
4.030000	0.155201E+00
4.040000	0.165610E+00
4.050000	0.161519E+00
4.060000	0.137314E+00
4.070000	0.852331E-01
4.080000	0.253872E-01
4.090000	-0.390327E-01
4.100000	-0.803867E-01
4.110000	-0.879642E-01
4.120000	-0.776670E-01
4.130000	-0.464467E-01
4.140000	-0.280916E-02
4.150000	0.378213E-01
4.160000	0.792879E-01
4.170000	0.101274E+00
4.180000	0.782072E-01
4.190000	0.229445E-01
4.200000	-0.328311E-01
4.210000	-0.812586E-01
4.220000	-0.116087E+00
4.230000	-0.144687E+00
4.240000	-0.166898E+00
4.250000	-0.175146E+00
4.260000	-0.164222E+00
4.270000	-0.111340E+00
4.280000	-0.214380E-01
4.290000	0.427107E-01
4.300000	0.859614E-01
4.310000	0.104202E+00
4.320000	0.106059E+00
4.330000	0.944748E-01
4.340000	0.838556E-01
4.350000	0.867257E-01
4.360000	0.930208E-01
4.370000	0.962136E-01
4.380000	0.971343E-01
4.390000	0.979580E-01
4.400000	0.973412E-01
4.410000	0.932793E-01
4.420000	0.852011E-01
4.430000	0.732795E-01
4.440000	0.547453E-01
4.450000	0.317447E-01
4.460000	0.179059E-01
4.470000	0.192516E-01
4.480000	0.286686E-01
4.490000	0.460510E-01
4.500000	0.638186E-01
4.510000	0.890934E-01
4.520000	0.111013E+00
4.530000	0.116895E+00
4.540000	0.111350E+00
4.550000	0.100603E+00
4.560000	0.943780E-01
4.570000	0.971227E-01
4.580000	0.103535E+00
4.590000	0.109128E+00
4.600000	0.114306E+00
4.610000	0.113409E+00
4.620000	0.106016E+00
4.630000	0.897220E-01
4.640000	0.680395E-01
4.650000	0.413179E-01
4.660000	0.122038E-01
4.670000	-0.140467E-01
4.680000	-0.314246E-01
4.690000	-0.473671E-01
4.700000	-0.606159E-01
4.710000	-0.602085E-01
4.720000	-0.562671E-01
4.730000	-0.670763E-01
4.740000	-0.832494E-01
4.750000	-0.108737E+00
4.760000	-0.138537E+00
4.770000	-0.169838E+00
4.780000	-0.193960E+00
4.790000	-0.214746E+00
4.800000	-0.237185E+00
4.810000	-0.254917E+00
4.820000	-0.275314E+00
4.830000	-0.299771E+00
4.840000	-0.312679E+00
4.850000	-0.324817E+00
4.860000	-0.339149E+00
4.870000	-0.354525E+00
4.880000	-0.363540E+00
4.890000	-0.370044E+00
4.900000	-0.372828E+00
4.910000	-0.384438E+00
4.920000	-0.395995E+00
4.930000	-0.400870E+00
4.940000	-0.385333E+00
4.950000	-0.324908E+00
4.960000	-0.101852E+00
4.970000	0.142377E+00
4.980000	0.273538E+00
4.990000	0.370110E+00
5.000000	0.433791E+00
5.010000	0.462017E+00
5.020000	0.467642E+00
5.030000	0.476496E+00
5.040000	0.482002E+00
5.050000	0.474135E+00
5.060000	0.453470E+00
5.070000	0.419851E+00
5.080000	0.337609E+00
5.090000	0.236632E+00
5.100000	0.115521E+00
5.110000	-0.959224E-02
5.120000	-0.769604E-01
5.130000	-0.121984E+00
5.140000	-0.132587E+00
5.150000	-0.115325E+00
5.160000	-0.440500E-01
5.170000	0.818027E-01
5.180000	0.172063E+00
5.190000	0.224776E+00
5.200000	0.261407E+00
5.210000	0.274058E+00
5.220000	0.266608E+00
5.230000	0.243279E+00
5.240000	0.203665E+00
5.250000	0.157508E+00
5.260000	0.104811E+00
5.270000	0.454877E-01
5.280000	-0.183931E-01
5.290000	-0.821166E-01
5.300000	-0.145676E+00
5.310000	-0.193583E+00
5.320000	-0.232722E+00
5.330000	-0.260668E+00
5.340000	-0.270941E+00
5.350000	-0.272909E+00
5.360000	-0.267634E+00
5.370000	-0.251636E+00
5.380000	-0.236209E+00
5.390000	-0.219398E+00
5.400000	-0.203914E+00
5.410000	-0.194221E+00
5.420000	-0.181114E+00
5.430000	-0.171111E+00
5.440000	-0.173049E+00
5.450000	-0.165240E+00
5.460000	-0.148895E+00
5.470000	-0.113968E+00
5.480000	-0.500220E-01
5.490000	-0.557981E-02
5.500000	0.320209E-01
5.510000	0.592980E-01
5.520000	0.678310E-01
5.530000	0.706055E-01
5.540000	0.705284E-01
5.550000	0.698029E-01
5.560000	0.638019E-01
5.570000	0.524282E-01
5.580000	0.358755E-01
5.590000	0.184502E-01
5.600000	0.210474E-02
5.610000	-0.214359E-01
5.620000	-0.481381E-01
5.630000	-0.647037E-01
5.640000	-0.717318E-01
5.650000	-0.657509E-01
5.660000	-0.422220E-01
5.670000	-0.395630E-02
5.680000	0.302079E-01
5.690000	0.660240E-01
5.700000	0.974435E-01
5.710000	0.119851E+00
5.720000	0.131219E+00
5.730000	0.137376E+00
5.740000	0.138540E+00
5.750000	0.131868E+00
5.760000	0.128007E+00
5.770000	0.132644E+00
5.780000	0.130247E+00
5.790000	0.120330E+00
5.800000	0.107501E+00
5.810000	0.916774E-01
5.820000	0.771904E-01
5.830000	0.602931E-01
5.840000	0.442797E-01
5.850000	0.340107E-01
5.860000	0.341592E-01
5.870000	0.382392E-01
5.880000	0.345591E-01
5.890000	0.271057E-01
5.900000	0.204211E-01
5.910000	0.158768E-01
5.920000	0.147701E-01
5.930000	0.212719E-01
5.940000	0.252789E-01
5.950000	0.223346E-01
5.960000	0.196362E-01
5.970000	0.184114E-01
5.980000	0.213239E-01
5.990000	0.309768E-01
6.000000	0.369433E-01
6.010000	0.303003E-01
6.020000	0.219919E-01
6.030000	0.165045E-01
6.040000	0.171361E-01
6.050000	0.150589E-01
6.060000	0.745462E-02
6.070000	-0.366524E-02
6.080000	-0.192667E-01
6.090000	-0.431543E-01
6.100000	-0.652586E-01
6.110000	-0.838072E-01
6.120000	-0.989713E-01
6.130000	-0.104461E+00
6.140000	-0.104714E+00
6.150000	-0.954438E-01
6.160000	-0.727452E-01
6.170000	-0.417661E-01
6.180000	-0.166406E-01
6.190000	-0.468269E-02
6.200000	-0.485361E-02
6.210000	-0.158602E-01
6.220000	-0.327591E-01
6.230000	-0.514086E-01
6.240000	-0.629043E-01
6.250000	-0.721074E-01
6.260000	-0.814912E-01
6.270000	-0.830866E-01
6.280000	-0.797631E-01
6.290000	-0.710869E-01
6.300000	-0.568935E-01
6.310000	-0.340660E-01
6.320000	-0.742353E-03
6.330000	0.411928E-01
6.340000	0.799131E-01
6.350000	0.110933E+00
6.360000	0.133954E+00
6.370000	0.151992E+00
6.380000	0.168221E+00
6.390000	0.185026E+00
6.400000	0.202439E+00
6.410000	0.216160E+00
6.420000	0.224419E+00
6.430000	0.226012E+00
6.440000	0.219903E+00
6.450000	0.207225E+00
6.460000	0.197434E+00
6.470000	0.194297E+00
6.480000	0.196536E+00
6.490000	0.199737E+00
6.500000	0.202431E+00
6.510000	0.203580E+00
6.520000	0.204204E+00
6.530000	0.201621E+00
6.540000	0.193503E+00
6.550000	0.168958E+00
6.560000	0.141578E+00
6.570000	0.104190E+00
6.580000	0.506856E-01
6.590000	-0.372566E-02
6.600000	-0.493337E-01
6.610000	-0.928899E-01
6.620000	-0.131760E+00
6.630000	-0.161013E+00
6.640000	-0.189841E+00
6.650000	-0.212797E+00
6.660000	-0.233521E+00
6.670000	-0.253053E+00
6.680000	-0.266380E+00
6.690000	-0.274492E+00
6.700000	-0.277304E+00
6.710000	-0.272399E+00
6.720000	-0.256410E+00
6.730000	-0.229686E+00
6.740000	-0.200666E+00
6.750000	-0.173177E+00
6.760000	-0.145093E+00
6.770000	-0.116853E+00
6.780000	-0.930314E-01
6.790000	-0.848318E-01
6.800000	-0.864139E-01
6.810000	-0.867498E-01
6.820000	-0.893037E-01
6.830000	-0.910135E-01
6.840000	-0.961314E-01
6.850000	-0.106112E+00
6.860000	-0.120175E+00
6.870000	-0.131316E+00
6.880000	-0.145729E+00
6.890000	-0.160323E+00
6.900000	-0.168359E+00
6.910000	-0.157604E+00
6.920000	-0.136216E+00
6.930000	-0.113843E+00
6.940000	-0.968996E-01
6.950000	-0.758728E-01
6.960000	-0.548181E-01
6.970000	-0.306981E-01
6.980000	0.106722E-02
6.990000	0.289528E-01
7.000000	0.389656E-01
7.010000	0.367137E-01
7.020000	0.323860E-01
7.030000	0.209587E-01
7.040000	0.198125E-02
7.050000	-0.151768E-01
7.060000	-0.208091E-01
7.070000	-0.166820E-01
7.080000	-0.687161E-02
7.090000	0.141337E-01
7.100000	0.415178E-01
7.110000	0.650488E-01
7.120000	0.894608E-01
7.130000	0.113325E+00
7.140000	0.137694E+00
7.150000	0.155825E+00
7.160000	0.165325E+00
7.170000	0.176471E+00
7.180000	0.190193E+00
7.190000	0.208929E+00
7.200000	0.224235E+00
7.210000	0.240731E+00
7.220000	0.256244E+00
7.230000	0.270947E+00
7.240000	0.280060E+00
7.250000	0.284194E+00
7.260000	0.283829E+00
7.270000	0.285046E+00
7.280000	0.285881E+00
7.290000	0.288112E+00
7.300000	0.287963E+00
7.310000	0.285304E+00
7.320000	0.279195E+00
7.330000	0.268605E+00
7.340000	0.245824E+00
7.350000	0.215934E+00
7.360000	0.186817E+00
7.370000	0.158143E+00
7.380000	0.127704E+00
7.390000	0.968352E-01
7.400000	0.726819E-01
7.410000	0.481542E-01
7.420000	0.160237E-01
7.430000	-0.500575E-02
7.440000	-0.419849E-01
7.450000	-0.874191E-01
7.460000	-0.123603E+00
7.470000	-0.156169E+00
7.480000	-0.179232E+00
7.490000	-0.193895E+00
7.500000	-0.199840E+00
7.510000	-0.198326E+00
7.520000	-0.193557E+00
7.530000	-0.186382E+00
7.540000	-0.184225E+00
7.550000	-0.187853E+00
7.560000	-0.194584E+00
7.570000	-0.197777E+00
7.580000	-0.199903E+00
7.590000	-0.198312E+00
7.600000	-0.193660E+00
7.610000	-0.184138E+00
7.620000	-0.165237E+00
7.630000	-0.114767E+00
7.640000	-0.522506E-01
7.650000	0.621973E-02
7.660000	0.438780E-01
7.670000	0.622605E-01
7.680000	0.690573E-01
7.690000	0.689079E-01
7.700000	0.669321E-01
7.710000	0.611294E-01
7.720000	0.546562E-01
7.730000	0.475010E-01
7.740000	0.413704E-01
7.750000	0.345369E-01
7.760000	0.246153E-01
7.770000	0.103817E-01
7.780000	-0.961937E-02
7.790000	-0.348792E-01
7.800000	-0.580697E-01
7.810000	-0.828260E-01
7.820000	-0.103349E+00
7.830000	-0.117641E+00
7.840000	-0.128027E+00
7.850000	-0.135225E+00
7.860000	-0.141010E+00
7.870000	-0.144973E+00
7.880000	-0.147747E+00
7.890000	-0.148753E+00
7.900000	-0.152133E+00
7.910000	-0.155754E+00
7.920000	-0.159598E+00
7.930000	-0.162298E+00
7.940000	-0.166549E+00
7.950000	-0.170839E+00
7.960000	-0.177088E+00
7.970000	-0.182554E+00
7.980000	-0.186037E+00
7.990000	-0.162404E+00
8.000000	-0.120549E+00
8.010000	-0.780622E-01
8.020000	-0.406660E-01
8.030000	0.293081E-02
8.040000	0.384340E-01
8.050000	0.620135E-01
8.060000	0.742471E-01
8.070000	0.828543E-01
8.080000	0.919219E-01
8.090000	0.997278E-01
8.100000	0.105170E+00
8.110000	0.108568E+00
8.120000	0.103821E+00
8.130000	0.938531E-01
8.140000	0.843976E-01
8.150000	0.811304E-01
8.160000	0.851036E-01
8.170000	0.873407E-01
8.180000	0.708392E-01
8.190000	0.507084E-01
8.200000	0.802837E-02
8.210000	-0.360210E-01
8.220000	-0.800644E-01
8.230000	-0.117203E+00
8.240000	-0.142777E+00
8.250000	-0.160303E+00
8.260000	-0.175577E+00
8.270000	-0.181555E+00
8.280000	-0.176456E+00
8.290000	-0.162231E+00
8.300000	-0.138079E+00
8.310000	-0.114286E+00
8.320000	-0.904262E-01
8.330000	-0.741348E-01
8.340000	-0.697417E-01
8.350000	-0.763224E-01
8.360000	-0.924620E-01
8.370000	-0.110820E+00
8.380000	-0.118476E+00
8.390000	-0.120230E+00
8.400000	-0.109328E+00
8.410000	-0.923660E-01
8.420000	-0.567092E-01
8.430000	-0.153629E-01
8.440000	0.179671E-01
8.450000	0.423413E-01
8.460000	0.557240E-01
8.470000	0.624587E-01
8.480000	0.640760E-01
8.490000	0.642313E-01
8.500000	0.654457E-01
8.510000	0.677475E-01
8.520000	0.715039E-01
8.530000	0.769349E-01
8.540000	0.846141E-01
8.550000	0.958095E-01
8.560000	0.111262E+00
8.570000	0.128898E+00
8.580000	0.142892E+00
8.590000	0.149771E+00
8.600000	0.142772E+00
8.610000	0.131655E+00
8.620000	0.122592E+00
8.630000	0.116420E+00
8.640000	0.116219E+00
8.650000	0.119628E+00
8.660000	0.123498E+00
8.670000	0.120928E+00
8.680000	0.949486E-01
8.690000	0.575186E-01
8.700000	0.209131E-01
8.710000	-0.227908E-01
8.720000	-0.579110E-01
8.730000	-0.896027E-01
8.740000	-0.115888E+00
8.750000	-0.133506E+00
8.760000	-0.144700E+00
8.770000	-0.147266E+00
8.780000	-0.141718E+00
8.790000	-0.115505E+00
8.800000	-0.656359E-01
8.810000	-0.236585E-01
8.820000	0.334067E-02
8.830000	0.215087E-01
8.840000	0.375456E-01
8.850000	0.511658E-01
8.860000	0.610362E-01
8.870000	0.661596E-01
8.880000	0.678353E-01
8.890000	0.692017E-01
8.900000	0.683151E-01
8.910000	0.612253E-01
8.920000	0.499618E-01
8.930000	0.386176E-01
8.940000	0.353061E-01
8.950000	0.401625E-01
8.960000	0.495547E-01
8.970000	0.626651E-01
8.980000	0.700691E-01
8.990000	0.676826E-01
9.000000	0.583339E-01
9.010000	0.409278E-01
9.020000	0.206432E-01
9.030000	0.898553E-03
9.040000	-0.187467E-01
9.050000	-0.311167E-01
9.060000	-0.363690E-01
9.070000	-0.380908E-01
9.080000	-0.358206E-01
9.090000	-0.320276E-01
9.100000	-0.278658E-01
9.110000	-0.213158E-01
9.120000	-0.938033E-02
9.130000	0.934689E-02
9.140000	0.273603E-01
9.150000	0.462522E-01
9.160000	0.621877E-01
9.170000	0.723494E-01
9.180000	0.778103E-01
9.190000	0.797407E-01
9.200000	0.784446E-01
9.210000	0.723575E-01
9.220000	0.637294E-01
9.230000	0.427568E-01
9.240000	0.160379E-01
9.250000	-0.987761E-02
9.260000	-0.343545E-01
9.270000	-0.594313E-01
9.280000	-0.723589E-01
9.290000	-0.739247E-01
9.300000	-0.684597E-01
9.310000	-0.499622E-01
9.320000	-0.253227E-01
9.330000	-0.392470E-02
9.340000	0.191193E-01
9.350000	0.339820E-01
9.360000	0.397620E-01
9.370000	0.425090E-01
9.380000	0.420750E-01
9.390000	0.403596E-01
9.400000	0.360418E-01
9.410000	0.314935E-01
9.420000	0.278092E-01
9.430000	0.269239E-01
9.440000	0.287703E-01
9.450000	0.317955E-01
9.460000	0.387281E-01
9.470000	0.458664E-01
9.480000	0.545173E-01
9.490000	0.622983E-01
9.500000	0.673749E-01
9.510000	0.718573E-01
9.520000	0.745818E-01
9.530000	0.752911E-01
9.540000	0.738344E-01
9.550000	0.692681E-01
9.560000	0.592385E-01
9.570000	0.439089E-01
9.580000	0.248925E-01
9.590000	0.599854E-02
9.600000	-0.816636E-02
9.610000	-0.141828E-01
9.620000	-0.165855E-01
9.630000	-0.131521E-01
9.640000	-0.494524E-02
9.650000	0.409028E-02
9.660000	0.155158E-01
9.670000	0.271527E-01
9.680000	0.337695E-01
9.690000	0.364941E-01
9.700000	0.348976E-01
9.710000	0.267103E-01
9.720000	0.980856E-02
9.730000	-0.960460E-02
9.740000	-0.278882E-01
9.750000	-0.465361E-01
9.760000	-0.631141E-01
9.770000	-0.722171E-01
9.780000	-0.749756E-01
9.790000	-0.748342E-01
9.800000	-0.713607E-01
9.810000	-0.647588E-01
9.820000	-0.589600E-01
9.830000	-0.519858E-01
9.840000	-0.459402E-01
9.850000	-0.443750E-01
9.860000	-0.473398E-01
9.870000	-0.532237E-01
9.880000	-0.609476E-01
9.890000	-0.695529E-01
9.900000	-0.766852E-01
9.910000	-0.801096E-01
9.920000	-0.822927E-01
9.930000	-0.847982E-01
9.940000	-0.856524E-01
9.950000	-0.869131E-01
9.960000	-0.874250E-01
9.970000	-0.850625E-01
9.980000	-0.805297E-01
9.990000	-0.684924E-01
10.000000	-0.452651E-01
10.010000	-0.226894E-01
10.020000	-0.463267E-03
10.030000	0.183774E-01
10.040000	0.257208E-01
10.050000	0.285878E-01
10.060000	0.275915E-01
10.070000	0.245853E-01
10.080000	0.232195E-01
10.090000	0.235814E-01
10.100000	0.257417E-01
10.110000	0.287505E-01
10.120000	0.320154E-01
10.130000	0.393768E-01
10.140000	0.482837E-01
10.150000	0.550351E-01
10.160000	0.571809E-01
10.170000	0.523235E-01
10.180000	0.369534E-01
10.190000	0.179350E-01
10.200000	0.294479E-03
10.210000	-0.102202E-01
10.220000	-0.162958E-01
10.230000	-0.234392E-01
10.240000	-0.316968E-01
10.250000	-0.436788E-01
10.260000	-0.576308E-01
10.270000	-0.718799E-01
10.280000	-0.843526E-01
10.290000	-0.932470E-01
10.300000	-0.995693E-01
10.310000	-0.104440E+00
10.320000	-0.105841E+00
10.330000	-0.104341E+00
10.340000	-0.100265E+00
10.350000	-0.912801E-01
10.360000	-0.788776E-01
10.370000	-0.656438E-01
10.380000	-0.543323E-01
10.390000	-0.457319E-01
10.400000	-0.384241E-01
10.410000	-0.344306E-01
10.420000	-0.310902E-01
10.430000	-0.275068E-01
10.440000	-0.224149E-01
10.450000	-0.156813E-01
10.460000	-0.596551E-02
10.470000	0.492578E-02
10.480000	0.144160E-01
10.490000	0.232864E-01
10.500000	0.354039E-01
10.510000	0.514419E-01
10.520000	0.659809E-01
10.530000	0.765769E-01
10.540000	0.886302E-01
10.550000	0.984072E-01
10.560000	0.105552E+00
10.570000	0.109379E+00
10.580000	0.110138E+00
10.590000	0.107458E+00
10.600000	0.996337E-01
10.610000	0.853312E-01
10.620000	0.648879E-01
10.630000	0.436355E-01
10.640000	0.228874E-01
10.650000	0.243686E-02
10.660000	-0.176818E-01
10.670000	-0.331574E-01
10.680000	-0.433127E-01
10.690000	-0.498678E-01
10.700000	-0.521980E-01
10.710000	-0.515481E-01
10.720000	-0.460441E-01
10.730000	-0.361001E-01
10.740000	-0.192764E-01
10.750000	-0.125396E-02
10.760000	0.128075E-01
10.770000	0.192185E-01
10.780000	0.209871E-01
10.790000	0.187994E-01
10.800000	0.151634E-01
10.810000	0.116806E-01
10.820000	0.766250E-02
10.830000	0.344119E-02
10.840000	0.296663E-03
10.850000	-0.212962E-03
10.860000	0.299829E-02
10.870000	0.108648E-01
10.880000	0.221168E-01
10.890000	0.318319E-01
10.900000	0.364530E-01
10.910000	0.385769E-01
10.920000	0.397198E-01
10.930000	0.391922E-01
10.940000	0.365291E-01
10.950000	0.306910E-01
10.960000	0.224948E-01
10.970000	0.134249E-01
10.980000	0.418885E-02
10.990000	-0.349716E-02
11.000000	-0.790410E-02
11.010000	-0.752400E-02
11.020000	0.637070E-03
11.030000	0.206590E-01
11.040000	0.427794E-01
11.050000	0.586676E-01
11.060000	0.677074E-01
11.070000	0.735263E-01
11.080000	0.756759E-01
11.090000	0.729764E-01
11.100000	0.668171E-01
11.110000	0.548892E-01
11.120000	0.409990E-01
11.130000	0.299780E-01
11.140000	0.252437E-01
11.150000	0.243657E-01
11.160000	0.243743E-01
11.170000	0.264609E-01
11.180000	0.295535E-01
11.190000	0.318536E-01
11.200000	0.333053E-01
11.210000	0.318771E-01
11.220000	0.285056E-01
11.230000	0.250461E-01
11.240000	0.218903E-01
11.250000	0.188012E-01
11.260000	0.159643E-01
11.270000	0.160044E-01
11.280000	0.170218E-01
11.290000	0.182483E-01
11.300000	0.166296E-01
11.310000	0.128618E-01
11.320000	0.741082E-02
11.330000	0.222078E-02
11.340000	-0.159877E-02
11.350000	-0.505467E-02
11.360000	-0.792704E-02
11.370000	-0.107461E-01
11.380000	-0.136704E-01
11.390000	-0.168941E-01
11.400000	-0.185783E-01
11.410000	-0.188113E-01
11.420000	-0.192681E-01
11.430000	-0.189804E-01
11.440000	-0.187264E-01
11.450000	-0.174490E-01
11.460000	-0.158543E-01
11.470000	-0.155263E-01
11.480000	-0.162826E-01
11.490000	-0.187785E-01
11.500000	-0.239308E-01
11.510000	-0.301927E-01
11.520000	-0.354534E-01
11.530000	-0.376575E-01
11.540000	-0.379237E-01
11.550000	-0.360316E-01
11.560000	-0.329028E-01
11.570000	-0.294988E-01
11.580000	-0.263919E-01
11.590000	-0.246504E-01
11.600000	-0.229894E-01
11.610000	-0.205476E-01
11.620000	-0.163675E-01
11.630000	-0.909536E-02
11.640000	0.804073E-03
11.650000	0.115005E-01
11.660000	0.234411E-01
11.670000	0.342036E-01
11.680000	0.426077E-01
11.690000	0.476681E-01
11.700000	0.497987E-01
11.710000	0.484553E-01
11.720000	0.442161E-01
11.730000	0.384981E-01
11.740000	0.330004E-01
11.750000	0.261370E-01
11.760000	0.187459E-01
11.770000	0.134856E-01
11.780000	0.114685E-01
11.790000	0.143389E-01
11.800000	0.209149E-01
11.810000	0.280136E-01
11.820000	0.331170E-01
11.830000	0.359976E-01
11.840000	0.369096E-01
11.850000	0.350138E-01
11.860000	0.319786E-01
11.870000	0.284362E-01
11.880000	0.239798E-01
11.890000	0.189715E-01
11.900000	0.147594E-01
11.910000	0.102115E-01
11.920000	0.560493E-02
11.930000	-0.679746E-04
11.940000	-0.637963E-02
11.950000	-0.118105E-01
11.960000	-0.143806E-01
11.970000	-0.149456E-01
11.980000	-0.159644E-01
11.990000	-0.164120E-01
12.000000	-0.177837E-01
12.010000	-0.204959E-01
12.020000	-0.224251E-01
12.030000	-0.255827E-01
12.040000	-0.290714E-01
12.050000	-0.340255E-01
12.060000	-0.410247E-01
12.070000	-0.468356E-01
12.080000	-0.512959E-01
12.090000	-0.554219E-01
12.100000	-0.557675E-01
12.110000	-0.548379E-01
12.120000	-0.504605E-01
12.130000	-0.441062E-01
12.140000	-0.366404E-01
12.150000	-0.306984E-01
12.160000	-0.262669E-01
12.170000	-0.226935E-01
12.180000	-0.201535E-01
12.190000	-0.195260E-01
12.200000	-0.199858E-01
12.210000	-0.194249E-01
12.220000	-0.189623E-01
12.230000	-0.181769E-01
12.240000	-0.172022E-01
12.250000	-0.171530E-01
12.260000	-0.180603E-01
12.270000	-0.183556E-01
12.280000	-0.186227E-01
12.290000	-0.184700E-01
12.300000	-0.175876E-01
12.310000	-0.170736E-01
12.320000	-0.158211E-01
12.330000	-0.144014E-01
12.340000	-0.128683E-01
12.350000	-0.122910E-01
12.360000	-0.118188E-01
12.370000	-0.971133E-02
12.380000	-0.839065E-02
12.390000	-0.652908E-02
12.400000	-0.458783E-02
12.410000	-0.275886E-02
12.420000	-0.406268E-03
12.430000	0.337431E-02
12.440000	0.676094E-02
12.450000	0.934509E-02
12.460000	0.120565E-01
12.470000	0.130824E-01
12.480000	0.128090E-01
12.490000	0.125904E-01
12.500000	0.103795E-01
12.510000	0.716093E-02
12.520000	0.165603E-02
12.530000	-0.345962E-02
12.540000	-0.665969E-02
12.550000	-0.804244E-02
12.560000	-0.622805E-02
12.570000	-0.213269E-03
12.580000	0.776759E-02
12.590000	0.164047E-01
12.600000	0.227081E-01
12.610000	0.255450E-01
12.620000	0.260206E-01
12.630000	0.243679E-01
12.640000	0.214908E-01
12.650000	0.174164E-01
12.660000	0.138616E-01
12.670000	0.116226E-01
12.680000	0.988294E-02
12.690000	0.869042E-02
12.700000	0.707375E-02
12.710000	0.541774E-02
12.720000	0.416392E-02
12.730000	0.288906E-02
12.740000	0.154377E-02
12.750000	-0.120433E-02
12.760000	-0.335333E-02
12.770000	-0.413076E-02
12.780000	-0.185645E-02
12.790000	0.202340E-02
12.800000	0.886868E-02
12.810000	0.158590E-01
12.820000	0.222275E-01
12.830000	0.278266E-01
12.840000	0.332903E-01
12.850000	0.376019E-01
12.860000	0.384434E-01
12.870000	0.387251E-01
12.880000	0.373559E-01
12.890000	0.352567E-01
12.900000	0.315449E-01
12.910000	0.289952E-01
12.920000	0.266659E-01
12.930000	0.266626E-01
12.940000	0.297349E-01
12.950000	0.335442E-01
12.960000	0.397328E-01
12.970000	0.472016E-01
12.980000	0.518706E-01
12.990000	0.534955E-01
13.000000	0.518216E-01
13.010000	0.469386E-01
13.020000	0.394368E-01
13.030000	0.292293E-01
13.040000	0.171299E-01
13.050000	0.641877E-02
13.060000	-0.522268E-02
13.070000	-0.194753E-01
13.080000	-0.314128E-01
13.090000	-0.405819E-01
13.100000	-0.476128E-01
13.110000	-0.512824E-01
13.120000	-0.520205E-01
13.130000	-0.502828E-01
13.140000	-0.465907E-01
13.150000	-0.419016E-01
13.160000	-0.377134E-01
13.170000	-0.315847E-01
13.180000	-0.256732E-01
13.190000	-0.220395E-01
13.200000	-0.185430E-01
13.210000	-0.162091E-01
13.220000	-0.142837E-01
13.230000	-0.118467E-01
13.240000	-0.876546E-02
13.250000	-0.784317E-02
13.260000	-0.647382E-02
13.270000	-0.410933E-02
13.280000	-0.224116E-02
13.290000	0.611454E-03
13.300000	0.451840E-02
13.310000	0.703791E-02
13.320000	0.987875E-02
13.330000	0.116201E-01
13.340000	0.975585E-02
13.350000	0.305835E-02
13.360000	-0.562262E-02
13.370000	-0.175516E-01
13.380000	-0.273093E-01
13.390000	-0.337673E-01
13.400000	-0.359217E-01
13.410000	-0.331388E-01
13.420000	-0.262764E-01
13.430000	-0.155940E-01
13.440000	-0.509579E-02
13.450000	0.209323E-02
13.460000	0.632056E-02
13.470000	0.601331E-02
13.480000	0.110587E-02
13.490000	-0.594785E-02
13.500000	-0.128476E-01
13.510000	-0.194590E-01
13.520000	-0.242914E-01
13.530000	-0.271034E-01
13.540000	-0.284043E-01
13.550000	-0.289117E-01
13.560000	-0.286341E-01
13.570000	-0.288317E-01
13.580000	-0.285611E-01
13.590000	-0.281310E-01
13.600000	-0.269393E-01
13.610000	-0.246564E-01
13.620000	-0.193748E-01
13.630000	-0.127512E-01
13.640000	-0.480648E-02
13.650000	0.240702E-02
13.660000	0.836855E-02
13.670000	0.124145E-01
13.680000	0.144727E-01
13.690000	0.150905E-01
13.700000	0.154322E-01
13.710000	0.169080E-01
13.720000	0.173717E-01
13.730000	0.183760E-01
13.740000	0.195018E-01
13.750000	0.185265E-01
13.760000	0.164391E-01
13.770000	0.131969E-01
13.780000	0.110881E-01
13.790000	0.788096E-02
13.800000	0.570371E-02
13.810000	0.522478E-02
13.820000	0.509782E-02
13.830000	0.426352E-02
13.840000	0.333053E-02
13.850000	0.173253E-02
13.860000	0.616773E-03
13.870000	0.672483E-03
13.880000	0.741988E-03
13.890000	-0.820973E-03
13.900000	-0.237670E-02
13.910000	-0.449646E-02
13.920000	-0.662982E-02
13.930000	-0.813521E-02
13.940000	-0.927261E-02
13.950000	-0.896524E-02
13.960000	-0.865242E-02
13.970000	-0.599817E-02
13.980000	-0.307991E-02
13.990000	-0.126540E-02
14.000000	0.244454E-03
14.010000	0.227953E-03
14.020000	0.661415E-04
14.030000	-0.115444E-02
14.040000	-0.303096E-02
14.050000	-0.459194E-02
14.060000	-0.549794E-02
14.070000	-0.442349E-02
14.080000	-0.117990E-02
14.090000	0.340318E-02
14.100000	0.803265E-02
14.110000	0.118396E-01
14.120000	0.130939E-01
14.130000	0.134686E-01
14.140000	0.123984E-01
14.150000	0.968078E-02
14.160000	0.725144E-02
14.170000	0.617267E-02
14.180000	0.582002E-02
14.190000	0.645909E-02
14.200000	0.822142E-02
14.210000	0.100364E-01
14.220000	0.125259E-01
14.230000	0.163051E-01
14.240000	0.216559E-01
14.250000	0.277217E-01
14.260000	0.328347E-01
14.270000	0.373701E-01
14.280000	0.408739E-01
14.290000	0.417133E-01
14.300000	0.390008E-01
14.310000	0.332203E-01
14.320000	0.238822E-01
14.330000	0.153865E-01
14.340000	0.852826E-02
14.350000	0.446349E-02
14.360000	0.190470E-02
14.370000	-0.532563E-03
14.380000	-0.355241E-02
14.390000	-0.729112E-02
14.400000	-0.106410E-01
14.410000	-0.120861E-01
14.420000	-0.119862E-01
14.430000	-0.933378E-02
14.440000	-0.347818E-02
14.450000	0.200224E-02
14.460000	0.657324E-02
14.470000	0.994422E-02
14.480000	0.113195E-01
14.490000	0.993795E-02
14.500000	0.855344E-02
14.510000	0.870536E-02
14.520000	0.823504E-02
14.530000	0.933887E-02
14.540000	0.102541E-01
14.550000	0.103780E-01
14.560000	0.958652E-02
14.570000	0.607518E-02
14.580000	0.564566E-03
14.590000	-0.498506E-02
14.600000	-0.114275E-01
14.610000	-0.162390E-01
14.620000	-0.203368E-01
14.630000	-0.236834E-01
14.640000	-0.262345E-01
14.650000	-0.276590E-01
14.660000	-0.289037E-01
14.670000	-0.278144E-01
14.680000	-0.258155E-01
14.690000	-0.234322E-01
14.700000	-0.215345E-01
14.710000	-0.200726E-01
14.720000	-0.204770E-01
14.730000	-0.221046E-01
14.740000	-0.250272E-01
14.750000	-0.285844E-01
14.760000	-0.331891E-01
14.770000	-0.380905E-01
14.780000	-0.423425E-01
14.790000	-0.456333E-01
14.800000	-0.477428E-01
14.810000	-0.486726E-01
14.820000	-0.468935E-01
14.830000	-0.416427E-01
14.840000	-0.330580E-01
14.850000	-0.204164E-01
14.860000	-0.787797E-02
14.870000	0.280400E-02
14.880000	0.103235E-01
14.890000	0.138188E-01
14.900000	0.150265E-01
14.910000	0.143307E-01
14.920000	0.117686E-01
14.930000	0.723986E-02
14.940000	0.227116E-02
14.950000	-0.377080E-02
14.960000	-0.857705E-02
14.970000	-0.124727E-01
14.980000	-0.130823E-01
14.990000	-0.128263E-01
15.000000	-0.120089E-01
15.010000	-0.100843E-01
15.020000	-0.717432E-02
15.030000	-0.370978E-02
15.040000	-0.188466E-04
15.050000	0.386615E-02
15.060000	0.865933E-02
15.070000	0.134007E-01
15.080000	0.169003E-01
15.090000	0.183857E-01
15.100000	0.184192E-01
15.110000	0.168771E-01
15.120000	0.160608E-01
15.130000	0.155416E-01
15.140000	0.153351E-01
15.150000	0.142614E-01
15.160000	0.120376E-01
15.170000	0.875820E-02
15.180000	0.511622E-02
15.190000	0.262866E-02
15.200000	0.731051E-03
15.210000	0.148617E-02
15.220000	0.317636E-02
15.230000	0.543694E-02
15.240000	0.902051E-02
15.250000	0.121089E-01
15.260000	0.143117E-01
15.270000	0.164031E-01
15.280000	0.180420E-01
15.290000	0.180092E-01
15.300000	0.176232E-01
15.310000	0.173791E-01
15.320000	0.177411E-01
15.330000	0.201220E-01
15.340000	0.236557E-01
15.350000	0.275755E-01
15.360000	0.311960E-01
15.370000	0.338447E-01
15.380000	0.365050E-01
15.390000	0.373218E-01
15.400000	0.367683E-01
15.410000	0.354928E-01
15.420000	0.325595E-01
15.430000	0.270740E-01
15.440000	0.210167E-01
15.450000	0.129613E-01
15.460000	0.521589E-02
15.470000	-0.870933E-03
15.480000	-0.493595E-02
15.490000	-0.431337E-02
15.500000	-0.906178E-03
15.510000	0.450183E-02
15.520000	0.103491E-01
15.530000	0.152395E-01
15.540000	0.187480E-01
15.550000	0.206269E-01
15.560000	0.205791E-01
15.570000	0.193811E-01
15.580000	0.156726E-01
15.590000	0.111831E-01
15.600000	0.639089E-02
15.610000	0.141920E-02
15.620000	-0.285405E-02
15.630000	-0.650178E-02
15.640000	-0.892723E-02
15.650000	-0.940691E-02
15.660000	-0.111428E-01
15.670000	-0.115400E-01
15.680000	-0.118498E-01
15.690000	-0.123356E-01
15.700000	-0.131725E-01
15.710000	-0.129441E-01
15.720000	-0.139319E-01
15.730000	-0.147219E-01
15.740000	-0.144827E-01
15.750000	-0.142278E-01
15.760000	-0.143242E-01
15.770000	-0.131459E-01
15.780000	-0.116140E-01
15.790000	-0.115084E-01
15.800000	-0.108419E-01
15.810000	-0.978955E-02
15.820000	-0.897941E-02
15.830000	-0.922157E-02
15.840000	-0.109563E-01
15.850000	-0.131018E-01
15.860000	-0.171574E-01
15.870000	-0.209209E-01
15.880000	-0.248016E-01
15.890000	-0.275696E-01
15.900000	-0.275504E-01
15.910000	-0.253512E-01
15.920000	-0.194257E-01
15.930000	-0.121222E-01
15.940000	-0.485723E-02
15.950000	0.680598E-03
15.960000	0.633928E-02
15.970000	0.115575E-01
15.980000	0.165595E-01
15.990000	0.208032E-01
16.000000	0.242019E-01
16.010000	0.251462E-01
16.020000	0.239317E-01
16.030000	0.207608E-01
16.040000	0.145001E-01
16.050000	0.804608E-02
16.060000	0.285586E-02
16.070000	-0.205970E-02
16.080000	-0.528241E-02
16.090000	-0.772499E-02
16.100000	-0.874223E-02
16.110000	-0.104635E-01
16.120000	-0.108226E-01
16.130000	-0.119727E-01
16.140000	-0.142315E-01
16.150000	-0.165231E-01
16.160000	-0.198232E-01
16.170000	-0.235535E-01
16.180000	-0.275078E-01
16.190000	-0.319167E-01
16.200000	-0.338270E-01
16.210000	-0.343283E-01
16.220000	-0.335131E-01
16.230000	-0.308141E-01
16.240000	-0.253403E-01
16.250000	-0.202380E-01
16.260000	-0.137111E-01
16.270000	-0.632361E-02
16.280000	0.803927E-03
16.290000	0.782161E-02
16.300000	0.141301E-01
16.310000	0.179884E-01
16.320000	0.192135E-01
16.330000	0.189228E-01
16.340000	0.148058E-01
16.350000	0.943685E-02
16.360000	0.423955E-02
16.370000	0.631397E-03
16.380000	-0.259290E-02
16.390000	-0.342374E-02
16.400000	-0.285249E-03
16.410000	0.521700E-02
16.420000	0.128395E-01
16.430000	0.202368E-01
16.440000	0.248956E-01
16.450000	0.271274E-01
16.460000	0.267537E-01
16.470000	0.237737E-01
16.480000	0.191064E-01
16.490000	0.137317E-01
16.500000	0.914627E-02
16.510000	0.539417E-02
16.520000	0.303902E-02
16.530000	0.166014E-02
16.540000	0.280546E-02
16.550000	0.531883E-02
16.560000	0.842946E-02
16.570000	0.114474E-01
16.580000	0.145388E-01
16.590000	0.170040E-01
16.600000	0.196400E-01
16.610000	0.198471E-01
16.620000	0.173410E-01
16.630000	0.129870E-01
16.640000	0.541811E-02
16.650000	-0.464997E-02
16.660000	-0.149715E-01
16.670000	-0.226174E-01
16.680000	-0.278777E-01
16.690000	-0.312973E-01
16.700000	-0.322665E-01
16.710000	-0.299121E-01
16.720000	-0.271210E-01
16.730000	-0.234245E-01
16.740000	-0.194664E-01
16.750000	-0.157868E-01
16.760000	-0.126091E-01
16.770000	-0.938179E-02
16.780000	-0.656213E-02
16.790000	-0.696600E-02
16.800000	-0.102572E-01
16.810000	-0.153981E-01
16.820000	-0.219722E-01
16.830000	-0.279740E-01
16.840000	-0.323966E-01
16.850000	-0.347293E-01
16.860000	-0.351839E-01
16.870000	-0.345476E-01
16.880000	-0.317944E-01
16.890000	-0.263530E-01
16.900000	-0.214308E-01
16.910000	-0.165508E-01
16.920000	-0.142524E-01
16.930000	-0.142243E-01
16.940000	-0.153681E-01
16.950000	-0.159596E-01
16.960000	-0.173841E-01
16.970000	-0.174918E-01
16.980000	-0.149970E-01
16.990000	-0.122529E-01
17.000000	-0.864176E-02
17.010000	-0.373064E-02
17.020000	0.137803E-02
17.030000	0.572607E-02
17.040000	0.939638E-02
17.050000	0.122234E-01
17.060000	0.134585E-01
17.070000	0.123631E-01
17.080000	0.921882E-02
17.090000	0.626838E-02
17.100000	0.313294E-02
17.110000	0.402107E-03
17.120000	-0.163247E-02
17.130000	-0.190335E-02
17.140000	-0.292570E-02
17.150000	-0.497335E-02
17.160000	-0.544321E-02
17.170000	-0.463473E-02
17.180000	-0.152838E-02
17.190000	0.207590E-02
17.200000	0.487650E-02
17.210000	0.685606E-02
17.220000	0.823048E-02
17.230000	0.940590E-02
17.240000	0.976282E-02
17.250000	0.981118E-02
17.260000	0.879729E-02
17.270000	0.777007E-02
17.280000	0.649019E-02
17.290000	0.634598E-02
17.300000	0.643054E-02
17.310000	0.880926E-02
17.320000	0.113914E-01
17.330000	0.141378E-01
17.340000	0.168411E-01
17.350000	0.189741E-01
17.360000	0.191948E-01
17.370000	0.182248E-01
17.380000	0.160742E-01
17.390000	0.120806E-01
17.400000	0.604966E-02
17.410000	-0.580654E-03
17.420000	-0.657802E-02
17.430000	-0.123852E-01
17.440000	-0.163706E-01
17.450000	-0.200422E-01
17.460000	-0.214803E-01
17.470000	-0.226631E-01
17.480000	-0.217152E-01
17.490000	-0.196642E-01
17.500000	-0.175627E-01
17.510000	-0.169211E-01
17.520000	-0.152550E-01
17.530000	-0.140867E-01
17.540000	-0.157028E-01
17.550000	-0.158982E-01
17.560000	-0.163404E-01
17.570000	-0.163406E-01
17.580000	-0.138896E-01
17.590000	-0.110012E-01
17.600000	-0.655166E-02
17.610000	-0.206717E-03
17.620000	0.624891E-02
17.630000	0.127638E-01
17.640000	0.172937E-01
17.650000	0.195742E-01
17.660000	0.197068E-01
17.670000	0.191009E-01
17.680000	0.188709E-01
17.690000	0.189993E-01
17.700000	0.187442E-01
17.710000	0.190974E-01
17.720000	0.193587E-01
17.730000	0.194819E-01
17.740000	0.190381E-01
17.750000	0.171625E-01
17.760000	0.162615E-01
17.770000	0.166846E-01
17.780000	0.179984E-01
17.790000	0.189797E-01
17.800000	0.194745E-01
17.810000	0.187501E-01
17.820000	0.175226E-01
17.830000	0.160457E-01
17.840000	0.139657E-01
17.850000	0.112646E-01
17.860000	0.828397E-02
17.870000	0.561393E-02
17.880000	0.305136E-02
17.890000	0.111312E-02
17.900000	-0.178859E-02
17.910000	-0.288247E-02
17.920000	-0.164822E-02
17.930000	-0.326807E-03
17.940000	0.125518E-02
17.950000	0.334267E-02
17.960000	0.594241E-02
17.970000	0.696908E-02
17.980000	0.803036E-02
17.990000	0.869380E-02
18.000000	0.812989E-02
18.010000	0.641980E-02
18.020000	0.355263E-02
18.030000	0.880693E-03
18.040000	-0.192793E-02
18.050000	-0.483371E-02
18.060000	-0.680403E-02
18.070000	-0.808591E-02
18.080000	-0.805958E-02
18.090000	-0.807034E-02
18.100000	-0.959517E-02
18.110000	-0.122065E-01
18.120000	-0.143888E-01
18.130000	-0.166635E-01
18.140000	-0.178790E-01
18.150000	-0.182363E-01
18.160000	-0.181330E-01
18.170000	-0.163749E-01
18.180000	-0.138295E-01
18.190000	-0.108616E-01
18.200000	-0.770975E-02
18.210000	-0.507474E-02
18.220000	-0.379261E-02
18.230000	-0.231060E-02
18.240000	-0.137999E-02
18.250000	-0.168146E-02
18.260000	-0.924188E-03
18.270000	0.620454E-03
18.280000	0.259946E-02
18.290000	0.661290E-02
18.300000	0.107832E-01
18.310000	0.152966E-01
18.320000	0.201670E-01
18.330000	0.237948E-01
18.340000	0.265447E-01
18.350000	0.283937E-01
18.360000	0.290242E-01
18.370000	0.282404E-01
18.380000	0.266376E-01
18.390000	0.238315E-01
18.400000	0.189676E-01
18.410000	0.148507E-01
18.420000	0.101029E-01
18.430000	0.531752E-02
18.440000	0.278526E-02
18.450000	0.161214E-02
18.460000	0.147050E-02
18.470000	0.208753E-02
18.480000	0.348271E-02
18.490000	0.334976E-02
18.500000	0.283674E-02
18.510000	0.202098E-02
18.520000	0.904267E-03
18.530000	0.119330E-03
18.540000	-0.449715E-03
18.550000	-0.482157E-03
18.560000	-0.496018E-03
18.570000	-0.726361E-03
18.580000	-0.105449E-02
18.590000	-0.154256E-02
18.600000	-0.277986E-02
18.610000	-0.388487E-02
18.620000	-0.504976E-02
18.630000	-0.456653E-02
18.640000	-0.249732E-02
18.650000	-0.277857E-03
18.660000	0.180456E-02
18.670000	0.447959E-02
18.680000	0.609719E-02
18.690000	0.676276E-02
18.700000	0.641254E-02
18.710000	0.603844E-02
18.720000	0.432144E-02
18.730000	0.259998E-02
18.740000	0.993981E-03
18.750000	-0.152503E-02
18.760000	-0.483774E-02
18.770000	-0.704087E-02
18.780000	-0.885838E-02
18.790000	-0.103529E-01
18.800000	-0.120445E-01
18.810000	-0.130184E-01
18.820000	-0.133544E-01
18.830000	-0.132420E-01
18.840000	-0.118406E-01
18.850000	-0.103883E-01
18.860000	-0.874417E-02
18.870000	-0.688927E-02
18.880000	-0.535913E-02
18.890000	-0.387272E-02
18.900000	-0.182141E-02
18.910000	0.228417E-03
18.920000	0.732610E-03
18.930000	0.867856E-04
18.940000	-0.930512E-03
18.950000	-0.306128E-02
18.960000	-0.634883E-02
18.970000	-0.869363E-02
18.980000	-0.984239E-02
18.990000	-0.989773E-02
19.000000	-0.974073E-02
19.010000	-0.847462E-02
19.020000	-0.650579E-02
19.030000	-0.403778E-02
19.040000	-0.117183E-02
19.050000	0.205154E-02
19.060000	0.567177E-02
19.070000	0.816697E-02
19.080000	0.959003E-02
19.090000	0.103604E-01
19.100000	0.990533E-02
19.110000	0.922466E-02
19.120000	0.892433E-02
19.130000	0.866559E-02
19.140000	0.808344E-02
19.150000	0.681755E-02
19.160000	0.550983E-02
19.170000	0.445311E-02
19.180000	0.364797E-02
19.190000	0.338099E-02
19.200000	0.342791E-02
19.210000	0.360566E-02
19.220000	0.347087E-02
19.230000	0.342761E-02
19.240000	0.271580E-02
19.250000	0.166191E-02
19.260000	0.570149E-03
19.270000	-0.292248E-03
19.280000	-0.927674E-03
19.290000	-0.125970E-02
19.300000	-0.130984E-02
19.310000	-0.112701E-02
19.320000	-0.512243E-03
19.330000	0.789257E-04
19.340000	0.734253E-03
19.350000	0.132662E-02
19.360000	0.174018E-02
19.370000	0.203215E-02
19.380000	0.227849E-02
19.390000	0.228961E-02
19.400000	0.223100E-02
19.410000	0.194990E-02
19.420000	0.161067E-02
19.430000	0.131547E-02
19.440000	0.102493E-02
19.450000	0.914098E-03
19.460000	0.103007E-02
19.470000	0.113882E-02
19.480000	0.127081E-02
19.490000	0.134958E-02
19.500000	0.134929E-02
19.510000	0.129879E-02
19.520000	0.125713E-02
19.530000	0.113373E-02
19.540000	0.992789E-03
19.550000	0.864669E-03
19.560000	0.714671E-03
19.570000	0.525387E-03
19.580000	0.293183E-03
19.590000	0.849088E-04
19.600000	-0.120239E-03
19.610000	-0.309688E-03
19.620000	-0.480533E-03
19.630000	-0.644714E-03
19.640000	-0.811394E-03
19.650000	-0.984665E-03
19.660000	-0.114237E-02
19.670000	-0.128298E-02
19.680000	-0.140823E-02
19.690000	-0.150751E-02
19.700000	-0.159700E-02
19.710000	-0.168591E-02
19.720000	-0.176944E-02
19.730000	-0.185472E-02
19.740000	-0.193599E-02
19.750000	-0.201104E-02
19.760000	-0.208559E-02
19.770000	-0.215203E-02
19.780000	-0.221145E-02
19.790000	-0.226549E-02
19.800000	-0.231282E-02
19.810000	-0.235457E-02
19.820000	-0.238871E-02
19.830000	-0.241562E-02
19.840000	-0.243681E-02
19.850000	-0.245138E-02
19.860000	-0.246068E-02
19.870000	-0.246475E-02
19.880000	-0.246346E-02
19.890000	-0.245700E-02
19.900000	-0.244546E-02
19.910000	-0.242915E-02
19.920000	-0.240818E-02
19.930000	-0.238292E-02
19.940000	-0.235352E-02
19.950000	-0.232021E-02
19.960000	-0.228312E-02
19.970000	-0.224240E-02
19.980000	-0.219817E-02
19.990000	-0.215049E-02
