0.000000	0.000000
0.010000	0.148391E-02
0.020000	0.186516E-02
0.030000	0.211995E-02
0.040000	0.189049E-02
0.050000	0.196269E-02
0.060000	0.187480E-02
0.070000	0.195514E-02
0.080000	0.256723E-02
0.090000	0.334647E-02
0.100000	0.373395E-02
0.110000	0.355679E-02
0.120000	0.205397E-02
0.130000	-0.268332E-03
0.140000	-0.127782E-02
0.150000	-0.721788E-03
0.160000	0.627731E-03
0.170000	0.331029E-02
0.180000	0.584445E-02
0.190000	0.496375E-02
0.200000	0.276494E-02
0.210000	0.190526E-02
0.220000	0.258027E-02
0.230000	0.525426E-02
0.240000	0.740966E-02
0.250000	0.662271E-02
0.260000	0.343305E-02
0.270000	-0.123922E-02
0.280000	-0.865414E-02
0.290000	-0.147095E-01
0.300000	-0.115623E-01
0.310000	-0.371630E-02
0.320000	0.114626E-02
0.330000	0.261050E-02
0.340000	0.818822E-03
0.350000	-0.209001E-02
0.360000	-0.106962E-02
0.370000	0.575535E-02
0.380000	0.133530E-01
0.390000	0.118899E-01
0.400000	0.110205E-02
0.410000	-0.632900E-02
0.420000	-0.648089E-02
0.430000	-0.203403E-02
0.440000	0.283396E-02
0.450000	-0.191693E-02
0.460000	-0.118141E-01
0.470000	-0.157685E-01
0.480000	-0.149942E-01
0.490000	-0.110760E-01
0.500000	-0.723854E-02
0.510000	-0.684330E-02
0.520000	-0.718076E-02
0.530000	-0.577520E-02
0.540000	-0.121286E-02
0.550000	0.361446E-02
0.560000	0.436074E-02
0.570000	-0.104690E-02
0.580000	-0.856438E-02
0.590000	-0.629813E-02
0.600000	0.467123E-02
0.610000	0.112108E-01
0.620000	0.126854E-01
0.630000	0.103167E-01
0.640000	0.377568E-02
0.650000	0.639542E-03
0.660000	-0.170140E-02
0.670000	-0.701850E-02
0.680000	-0.741772E-02
0.690000	-0.410576E-02
0.700000	-0.415503E-02
0.710000	-0.349111E-02
0.720000	0.790805E-03
0.730000	-0.175189E-02
0.740000	-0.138579E-01
0.750000	-0.215912E-01
0.760000	-0.168012E-01
0.770000	-0.728063E-02
0.780000	-0.238222E-02
0.790000	0.212735E-02
0.800000	0.866343E-02
0.810000	0.114656E-01
0.820000	0.118098E-01
0.830000	0.132018E-01
0.840000	0.121128E-01
0.850000	0.730522E-02
0.860000	0.445494E-02
0.870000	0.373748E-02
0.880000	0.417077E-02
0.890000	0.792578E-02
0.900000	0.107719E-01
0.910000	0.626309E-02
0.920000	-0.308784E-02
0.930000	-0.974531E-02
0.940000	-0.414699E-02
0.950000	0.125266E-01
0.960000	0.235854E-01
0.970000	0.171063E-01
0.980000	-0.219201E-02
0.990000	-0.124893E-01
1.000000	-0.160898E-01
1.010000	-0.232604E-01
1.020000	-0.169319E-01
1.030000	-0.589781E-02
1.040000	-0.780162E-02
1.050000	-0.136027E-01
1.060000	-0.139055E-01
1.070000	0.209737E-02
1.080000	0.238180E-01
1.090000	0.329197E-01
1.100000	0.406406E-01
1.110000	0.381229E-01
1.120000	0.210766E-01
1.130000	0.124786E-01
1.140000	0.630306E-02
1.150000	0.156255E-03
1.160000	0.629143E-02
1.170000	0.159153E-01
1.180000	0.212792E-01
1.190000	0.226517E-01
1.200000	0.134017E-01
1.210000	0.942496E-03
1.220000	-0.349552E-02
1.230000	-0.844706E-02
1.240000	-0.175009E-01
1.250000	-0.159016E-01
1.260000	0.825434E-04
1.270000	0.995588E-02
1.280000	0.149950E-01
1.290000	0.220104E-01
1.300000	0.141993E-01
1.310000	0.767106E-03
1.320000	-0.328224E-02
1.330000	-0.440109E-02
1.340000	-0.275988E-02
1.350000	-0.219191E-02
1.360000	-0.276690E-02
1.370000	-0.290537E-02
1.380000	-0.168605E-01
1.390000	-0.407494E-01
1.400000	-0.510439E-01
1.410000	-0.490514E-01
1.420000	-0.453780E-01
1.430000	-0.390129E-01
1.440000	-0.314573E-01
1.450000	-0.167441E-01
1.460000	-0.431618E-02
1.470000	-0.543555E-02
1.480000	0.622588E-02
1.490000	0.347577E-01
1.500000	0.508429E-01
1.510000	0.542553E-01
1.520000	0.554017E-01
1.530000	0.546892E-01
1.540000	0.569942E-01
1.550000	0.605536E-01
1.560000	0.666453E-01
1.570000	0.625831E-01
1.580000	0.383199E-01
1.590000	0.425945E-02
1.600000	-0.589412E-01
1.610000	-0.117452E+00
1.620000	-0.109119E+00
1.630000	-0.768339E-01
1.640000	-0.595135E-01
1.650000	-0.190848E-01
1.660000	0.489461E-01
1.670000	0.823032E-01
1.680000	0.651791E-01
1.690000	0.455523E-01
1.700000	0.376872E-01
1.710000	0.259643E-01
1.720000	0.228020E-01
1.730000	0.381834E-01
1.740000	0.368893E-01
1.750000	0.738370E-02
1.760000	-0.146223E-01
1.770000	-0.212712E-01
1.780000	-0.159196E-01
1.790000	0.936782E-02
1.800000	0.497119E-01
1.810000	0.881972E-01
1.820000	0.796586E-01
1.830000	0.256672E-01
1.840000	-0.625323E-01
1.850000	-0.174179E+00
1.860000	-0.171124E+00
1.870000	-0.761793E-01
1.880000	-0.381841E-01
1.890000	0.331947E-02
1.900000	0.574519E-01
1.910000	0.411120E-01
1.920000	-0.336164E-03
1.930000	-0.645654E-02
1.940000	0.103494E-01
1.950000	0.356126E-01
1.960000	0.552668E-01
1.970000	0.588879E-01
1.980000	0.403677E-01
1.990000	0.472155E-02
2.000000	-0.183713E-01
2.010000	-0.320792E-01
2.020000	-0.271136E-01
2.030000	-0.402805E-02
2.040000	-0.115306E-03
2.050000	-0.554484E-03
2.060000	0.808789E-02
2.070000	0.106566E-01
2.080000	0.821571E-03
2.090000	-0.263207E-01
2.100000	-0.572580E-01
2.110000	-0.761398E-01
2.120000	-0.859054E-01
2.130000	-0.755704E-01
2.140000	-0.456721E-01
2.150000	-0.124100E-01
2.160000	0.438412E-01
2.170000	0.105542E+00
2.180000	0.976553E-01
2.190000	0.204959E-01
2.200000	-0.637467E-01
2.210000	-0.110834E+00
2.220000	-0.105033E+00
2.230000	-0.838142E-01
2.240000	-0.722196E-01
2.250000	-0.632132E-01
2.260000	-0.314134E-01
2.270000	0.760984E-02
2.280000	-0.585105E-02
2.290000	-0.326977E-01
2.300000	-0.307302E-01
2.310000	-0.352377E-01
2.320000	-0.264222E-01
2.330000	0.118564E-01
2.340000	0.342329E-01
2.350000	0.522591E-01
2.360000	0.785560E-01
2.370000	0.857406E-01
2.380000	0.867785E-01
2.390000	0.943068E-01
2.400000	0.967480E-01
2.410000	0.936403E-01
2.420000	0.921231E-01
2.430000	0.804925E-01
2.440000	0.380270E-01
2.450000	-0.247787E-01
2.460000	-0.866362E-01
2.470000	-0.103588E+00
2.480000	-0.658431E-01
2.490000	-0.511323E-01
2.500000	-0.516424E-01
2.510000	-0.292599E-01
2.520000	-0.459226E-01
2.530000	-0.850006E-01
2.540000	-0.881061E-01
2.550000	-0.739163E-01
2.560000	-0.555822E-01
2.570000	-0.295950E-01
2.580000	0.156392E-01
2.590000	0.435457E-01
2.600000	0.320387E-01
2.610000	0.295614E-01
2.620000	0.283678E-01
2.630000	0.213410E-01
2.640000	0.331665E-01
2.650000	0.487189E-01
2.660000	0.542925E-01
2.670000	0.540387E-01
2.680000	0.408563E-01
2.690000	0.187503E-01
2.700000	0.992999E-02
2.710000	0.274133E-01
2.720000	0.483808E-01
2.730000	0.528351E-01
2.740000	0.514420E-01
2.750000	-0.359250E-01
2.760000	-0.162491E+00
2.770000	-0.163124E+00
2.780000	-0.147725E+00
2.790000	-0.169672E+00
2.800000	-0.143682E+00
2.810000	-0.988729E-01
2.820000	-0.316523E-01
2.830000	0.644512E-01
2.840000	0.142639E+00
2.850000	0.168091E+00
2.860000	0.140838E+00
2.870000	0.969416E-01
2.880000	0.635524E-01
2.890000	-0.352220E-02
2.900000	-0.579709E-01
2.910000	-0.146309E-01
2.920000	0.268201E-01
2.930000	0.297337E-01
2.940000	0.297397E-01
2.950000	0.215859E-02
2.960000	-0.314275E-01
2.970000	-0.568256E-01
2.980000	-0.622067E-01
2.990000	-0.423037E-01
3.000000	-0.312480E-01
3.010000	-0.253328E-01
3.020000	-0.142178E-01
3.030000	-0.163479E-01
3.040000	-0.222989E-01
3.050000	-0.147813E-01
3.060000	0.172599E-02
3.070000	0.247962E-01
3.080000	0.499715E-01
3.090000	0.689733E-01
3.100000	0.722111E-01
3.110000	0.456011E-01
3.120000	-0.253571E-01
3.130000	-0.962324E-01
3.140000	-0.881412E-01
3.150000	-0.221442E-01
3.160000	0.438471E-01
3.170000	0.946220E-01
3.180000	0.121265E+00
3.190000	0.123501E+00
3.200000	0.104764E+00
3.210000	0.583586E-01
3.220000	-0.352682E-01
3.230000	-0.106911E+00
3.240000	-0.100489E+00
3.250000	-0.896155E-01
3.260000	-0.702339E-01
3.270000	-0.178959E-01
3.280000	0.672598E-02
3.290000	-0.633638E-02
3.300000	-0.185186E-01
3.310000	-0.325905E-01
3.320000	-0.543823E-01
3.330000	-0.606651E-01
3.340000	-0.458850E-01
3.350000	-0.306893E-01
3.360000	-0.940401E-02
3.370000	0.301824E-01
3.380000	0.439121E-01
3.390000	0.311975E-01
3.400000	0.436711E-01
3.410000	0.675637E-01
3.420000	0.552004E-01
3.430000	0.181592E-01
3.440000	-0.153214E-01
3.450000	-0.650446E-01
3.460000	-0.106710E+00
3.470000	-0.914624E-01
3.480000	-0.565251E-01
3.490000	-0.423463E-01
3.500000	-0.211859E-01
3.510000	0.189797E-01
3.520000	0.625764E-01
3.530000	0.972080E-01
3.540000	0.103718E+00
3.550000	0.905707E-01
3.560000	0.775098E-01
3.570000	0.714123E-01
3.580000	0.511671E-01
3.590000	-0.414942E-02
3.600000	-0.388702E-01
3.610000	-0.326585E-01
3.620000	-0.337409E-01
3.630000	-0.241713E-01
3.640000	0.295010E-02
3.650000	0.160486E-01
3.660000	0.339609E-01
3.670000	0.659741E-01
3.680000	0.883501E-01
3.690000	0.720586E-01
3.700000	0.293687E-01
3.710000	0.284085E-02
3.720000	-0.358880E-01
3.730000	-0.775126E-01
3.740000	-0.687682E-01
3.750000	-0.486098E-01
3.760000	-0.442354E-01
3.770000	-0.375963E-01
3.780000	-0.199348E-01
3.790000	0.170203E-01
3.800000	0.454341E-01
3.810000	0.432969E-01
3.820000	0.348526E-01
3.830000	0.266179E-01
3.840000	0.174693E-01
3.850000	0.126947E-01
3.860000	0.125772E-01
3.870000	0.344676E-02
3.880000	-0.338104E-01
3.890000	-0.697475E-01
3.900000	-0.816767E-01
3.910000	-0.729904E-01
3.920000	-0.549182E-01
3.930000	-0.160919E-01
3.940000	0.572371E-01
3.950000	0.759090E-01
3.960000	0.212310E-01
3.970000	-0.124668E-01
3.980000	-0.453093E-01
3.990000	-0.115277E+00
4.000000	-0.134761E+00
4.010000	-0.906000E-01
4.020000	-0.663567E-01
4.030000	-0.549667E-01
4.040000	-0.636603E-02
4.050000	0.360946E-01
4.060000	0.759345E-02
4.070000	-0.423666E-01
4.080000	-0.737901E-01
4.090000	-0.101969E+00
4.100000	-0.911784E-01
4.110000	-0.393444E-01
4.120000	0.412687E-02
4.130000	0.669201E-01
4.140000	0.141833E+00
4.150000	0.147168E+00
4.160000	0.113517E+00
4.170000	0.101987E+00
4.180000	0.703811E-01
4.190000	-0.160920E-01
4.200000	-0.101657E+00
4.210000	-0.136839E+00
4.220000	-0.143471E+00
4.230000	-0.149318E+00
4.240000	-0.139492E+00
4.250000	-0.119227E+00
4.260000	-0.108797E+00
4.270000	-0.815751E-01
4.280000	-0.417655E-01
4.290000	-0.230007E-01
4.300000	-0.140248E-01
4.310000	-0.655936E-02
4.320000	-0.577905E-02
4.330000	0.315322E-02
4.340000	0.214361E-01
4.350000	0.383850E-01
4.360000	0.621157E-01
4.370000	0.909492E-01
4.380000	0.102897E+00
4.390000	0.901243E-01
4.400000	0.775196E-01
4.410000	0.798776E-01
4.420000	0.769965E-01
4.430000	0.676206E-01
4.440000	0.644858E-01
4.450000	0.642739E-01
4.460000	0.615860E-01
4.470000	0.436727E-01
4.480000	0.162064E-02
4.490000	-0.239782E-01
4.500000	0.204432E-02
4.510000	0.325893E-01
4.520000	0.544233E-01
4.530000	0.105184E+00
4.540000	0.143781E+00
4.550000	0.139771E+00
4.560000	0.122361E+00
4.570000	0.106455E+00
4.580000	0.840718E-01
4.590000	0.410625E-01
4.600000	0.168811E-01
4.610000	0.272493E-01
4.620000	0.206763E-01
4.630000	-0.955643E-02
4.640000	-0.315875E-01
4.650000	-0.381996E-01
4.660000	-0.466958E-01
4.670000	-0.511572E-01
4.680000	-0.386213E-01
4.690000	-0.361375E-01
4.700000	-0.700206E-01
4.710000	-0.115080E+00
4.720000	-0.135014E+00
4.730000	-0.146661E+00
4.740000	-0.139908E+00
4.750000	-0.993561E-01
4.760000	-0.652187E-01
4.770000	0.135811E-01
4.780000	0.886761E-01
4.790000	0.284303E-01
4.800000	-0.283086E-01
4.810000	-0.145826E-01
4.820000	-0.222512E-01
4.830000	-0.101847E-01
4.840000	0.187078E-01
4.850000	0.236098E-01
4.860000	0.308207E-01
4.870000	0.408372E-01
4.880000	0.477964E-01
4.890000	0.489694E-01
4.900000	0.339747E-01
4.910000	0.197712E-01
4.920000	0.259196E-01
4.930000	0.509296E-01
4.940000	0.681585E-01
4.950000	0.475084E-01
4.960000	0.104154E-02
4.970000	-0.671923E-01
4.980000	-0.114623E+00
4.990000	-0.765370E-01
5.000000	-0.177514E-01
5.010000	0.172417E-01
5.020000	0.343169E-01
5.030000	0.208742E-01
5.040000	0.124067E-01
5.050000	0.170188E-01
5.060000	0.223006E-01
5.070000	0.317536E-01
5.080000	0.272187E-01
5.090000	0.918961E-02
5.100000	-0.349947E-03
5.110000	-0.455843E-02
5.120000	-0.844696E-02
5.130000	-0.207790E-02
5.140000	0.109806E-01
5.150000	0.225774E-01
5.160000	0.301166E-01
5.170000	0.198633E-01
5.180000	-0.482274E-02
5.190000	-0.306169E-01
5.200000	-0.590809E-01
5.210000	-0.678185E-01
5.220000	-0.402509E-01
5.230000	-0.457881E-02
5.240000	0.229520E-01
5.250000	0.449751E-01
5.260000	0.334793E-01
5.270000	-0.181527E-01
5.280000	-0.628325E-01
5.290000	-0.799485E-01
5.300000	-0.733141E-01
5.310000	-0.351942E-01
5.320000	0.184674E-01
5.330000	0.516513E-01
5.340000	0.562279E-01
5.350000	0.172596E-01
5.360000	-0.546265E-01
5.370000	-0.830651E-01
5.380000	-0.619613E-01
5.390000	-0.356493E-01
5.400000	0.307817E-01
5.410000	0.125691E+00
5.420000	0.155127E+00
5.430000	0.125876E+00
5.440000	0.970500E-01
5.450000	0.353913E-01
5.460000	-0.531535E-01
5.470000	-0.343764E-01
5.480000	0.421872E-01
5.490000	0.577566E-01
5.500000	0.884728E-01
5.510000	0.139410E+00
5.520000	0.145878E+00
5.530000	0.121979E+00
5.540000	0.102883E+00
5.550000	0.847393E-01
5.560000	0.507054E-01
5.570000	0.102277E-01
5.580000	-0.261597E-01
5.590000	-0.481254E-01
5.600000	-0.602388E-01
5.610000	-0.594871E-01
5.620000	-0.336951E-01
5.630000	-0.854341E-02
5.640000	0.113735E-01
5.650000	0.407199E-01
5.660000	0.691141E-01
5.670000	0.758505E-01
5.680000	0.424507E-01
5.690000	0.621810E-02
5.700000	-0.773008E-02
5.710000	-0.449666E-01
5.720000	-0.844672E-01
5.730000	-0.799953E-01
5.740000	-0.818531E-01
5.750000	-0.949649E-01
5.760000	-0.730343E-01
5.770000	-0.511756E-01
5.780000	-0.312951E-01
5.790000	0.520873E-01
5.800000	0.122218E+00
5.810000	0.839238E-01
5.820000	0.448024E-01
5.830000	0.378974E-01
5.840000	-0.119520E-01
5.850000	-0.522873E-01
5.860000	-0.516826E-01
5.870000	-0.395993E-01
5.880000	-0.761606E-02
5.890000	0.179404E-01
5.900000	0.331764E-01
5.910000	0.602265E-01
5.920000	0.729396E-01
5.930000	0.606003E-01
5.940000	0.428476E-01
5.950000	0.326936E-01
5.960000	0.237733E-01
5.970000	0.309968E-02
5.980000	-0.300178E-01
5.990000	-0.557002E-01
6.000000	-0.631822E-01
6.010000	-0.593120E-01
6.020000	-0.407584E-01
6.030000	-0.198613E-01
6.040000	-0.109449E-01
6.050000	0.160565E-02
6.060000	0.104340E-01
6.070000	-0.731968E-02
6.080000	-0.279519E-01
6.090000	-0.298540E-01
6.100000	-0.301363E-01
6.110000	-0.250326E-01
6.120000	-0.661069E-02
6.130000	0.809440E-02
6.140000	0.198619E-01
6.150000	0.301902E-01
6.160000	0.221783E-01
6.170000	0.104002E-02
6.180000	-0.114813E-01
6.190000	-0.202757E-01
6.200000	-0.312676E-01
6.210000	-0.210655E-01
6.220000	0.724587E-02
6.230000	0.393083E-01
6.240000	0.843203E-01
6.250000	0.111963E+00
6.260000	0.105316E+00
6.270000	0.945845E-01
6.280000	0.868749E-01
6.290000	0.731978E-01
6.300000	0.490070E-01
6.310000	0.125667E-01
6.320000	-0.596172E-01
6.330000	-0.129118E+00
6.340000	-0.132483E+00
6.350000	-0.125005E+00
6.360000	-0.120611E+00
6.370000	-0.893970E-01
6.380000	-0.545804E-01
6.390000	-0.118032E-01
6.400000	0.236545E-01
6.410000	0.310997E-01
6.420000	0.359766E-01
6.430000	0.383699E-01
6.440000	0.290401E-01
6.450000	0.346484E-01
6.460000	0.552903E-01
6.470000	0.645331E-01
6.480000	0.630774E-01
6.490000	0.542887E-01
6.500000	0.421547E-01
6.510000	0.403618E-01
6.520000	0.474993E-01
6.530000	0.560603E-01
6.540000	0.476604E-01
6.550000	0.175612E-01
6.560000	-0.364274E-02
6.570000	-0.198284E-01
6.580000	-0.422874E-01
6.590000	-0.296486E-01
6.600000	0.158376E-01
6.610000	0.623982E-01
6.620000	0.970295E-01
6.630000	0.871349E-01
6.640000	0.629495E-01
6.650000	0.623798E-01
6.660000	0.561656E-01
6.670000	0.473009E-01
6.680000	0.532769E-01
6.690000	0.476698E-01
6.700000	0.224225E-01
6.710000	0.556939E-02
6.720000	-0.122503E-01
6.730000	-0.422049E-01
6.740000	-0.542978E-01
6.750000	-0.411041E-01
6.760000	-0.243226E-01
6.770000	-0.179198E-01
6.780000	-0.123647E-01
6.790000	-0.673445E-02
6.800000	-0.168797E-01
6.810000	-0.291810E-01
6.820000	-0.327216E-01
6.830000	-0.440592E-01
6.840000	-0.615214E-01
6.850000	-0.750516E-01
6.860000	-0.893239E-01
6.870000	-0.105582E+00
6.880000	-0.108909E+00
6.890000	-0.864410E-01
6.900000	-0.625440E-01
6.910000	-0.549835E-01
6.920000	-0.496552E-01
6.930000	-0.525141E-01
6.940000	-0.639268E-01
6.950000	-0.653340E-01
6.960000	-0.548300E-01
6.970000	-0.398750E-01
6.980000	-0.258161E-01
6.990000	-0.154215E-01
7.000000	-0.280053E-01
7.010000	-0.543957E-01
7.020000	-0.611490E-01
7.030000	-0.571465E-01
7.040000	-0.446408E-01
7.050000	-0.142467E-01
7.060000	0.172991E-01
7.070000	0.381020E-01
7.080000	0.584195E-01
7.090000	0.752941E-01
7.100000	0.820083E-01
7.110000	0.915007E-01
7.120000	0.103594E+00
7.130000	0.109759E+00
7.140000	0.114329E+00
7.150000	0.113862E+00
7.160000	0.102025E+00
7.170000	0.778169E-01
7.180000	0.407050E-01
7.190000	0.204839E-01
7.200000	0.223595E-01
7.210000	0.178386E-01
7.220000	0.168128E-01
7.230000	0.210495E-01
7.240000	0.930288E-02
7.250000	-0.125803E-01
7.260000	-0.323323E-01
7.270000	-0.548367E-01
7.280000	-0.698503E-01
7.290000	-0.765465E-01
7.300000	-0.851311E-01
7.310000	-0.800880E-01
7.320000	-0.712248E-01
7.330000	-0.747967E-01
7.340000	-0.743216E-01
7.350000	-0.707454E-01
7.360000	-0.736634E-01
7.370000	-0.703363E-01
7.380000	-0.554693E-01
7.390000	-0.358575E-01
7.400000	-0.102270E-01
7.410000	0.201364E-01
7.420000	0.410752E-01
7.430000	0.480303E-01
7.440000	0.415426E-01
7.450000	0.200978E-01
7.460000	-0.274538E-02
7.470000	-0.240097E-01
7.480000	-0.364229E-01
7.490000	-0.368481E-01
7.500000	-0.387307E-01
7.510000	-0.377738E-01
7.520000	-0.425073E-01
7.530000	-0.568958E-01
7.540000	-0.639160E-01
7.550000	-0.670821E-01
7.560000	-0.759254E-01
7.570000	-0.755277E-01
7.580000	-0.613742E-01
7.590000	-0.478508E-01
7.600000	-0.192963E-01
7.610000	0.232055E-01
7.620000	0.404425E-01
7.630000	0.330978E-01
7.640000	0.186491E-01
7.650000	-0.336474E-03
7.660000	-0.133114E-01
7.670000	-0.230149E-01
7.680000	-0.278331E-01
7.690000	-0.243004E-01
7.700000	-0.294346E-01
7.710000	-0.415231E-01
7.720000	-0.503951E-01
7.730000	-0.479197E-01
7.740000	-0.276731E-01
7.750000	-0.117946E-01
7.760000	-0.592624E-02
7.770000	0.510841E-02
7.780000	0.957569E-02
7.790000	0.513660E-02
7.800000	0.812077E-02
7.810000	0.139873E-01
7.820000	0.140241E-01
7.830000	0.929341E-02
7.840000	0.255209E-02
7.850000	-0.122622E-02
7.860000	-0.482870E-02
7.870000	-0.521065E-02
7.880000	0.293428E-02
7.890000	0.807895E-02
7.900000	0.987551E-02
7.910000	0.208101E-01
7.920000	0.299992E-01
7.930000	0.280641E-01
7.940000	0.280089E-01
7.950000	0.261952E-01
7.960000	0.168616E-01
7.970000	0.481229E-02
7.980000	-0.890591E-02
7.990000	-0.151263E-01
8.000000	-0.143684E-01
8.010000	-0.184977E-01
8.020000	-0.198000E-01
8.030000	-0.903329E-02
8.040000	0.294523E-03
8.050000	0.405994E-02
8.060000	0.740198E-02
8.070000	-0.631846E-03
8.080000	-0.152158E-01
8.090000	-0.242983E-01
8.100000	-0.322372E-01
8.110000	-0.368341E-01
8.120000	-0.359928E-01
8.130000	-0.305960E-01
8.140000	-0.235456E-01
8.150000	-0.228788E-01
8.160000	-0.257657E-01
8.170000	-0.182595E-01
8.180000	-0.333087E-02
8.190000	0.859545E-02
8.200000	0.266515E-01
8.210000	0.428959E-01
8.220000	0.441917E-01
8.230000	0.409648E-01
8.240000	0.356010E-01
8.250000	0.299864E-01
8.260000	0.261727E-01
8.270000	0.258693E-01
8.280000	0.330002E-01
8.290000	0.411249E-01
8.300000	0.386608E-01
8.310000	0.219543E-01
8.320000	0.833398E-02
8.330000	-0.132093E-01
8.340000	-0.408918E-01
8.350000	-0.396571E-01
8.360000	-0.329996E-01
8.370000	-0.389670E-01
8.380000	-0.385271E-01
8.390000	-0.291878E-01
8.400000	-0.100779E-01
8.410000	0.130631E-01
8.420000	0.234256E-01
8.430000	0.224922E-01
8.440000	0.172145E-01
8.450000	0.995711E-02
8.460000	0.575169E-02
8.470000	0.220324E-02
8.480000	0.500159E-02
8.490000	0.142038E-01
8.500000	0.195655E-01
8.510000	0.279642E-01
8.520000	0.382994E-01
8.530000	0.410339E-01
8.540000	0.376878E-01
8.550000	0.282443E-01
8.560000	0.146379E-01
8.570000	0.215753E-02
8.580000	-0.562429E-02
8.590000	-0.323228E-02
8.600000	0.641593E-02
8.610000	0.946971E-02
8.620000	0.900744E-02
8.630000	0.110041E-01
8.640000	0.644754E-02
8.650000	-0.345854E-03
8.660000	-0.329584E-02
8.670000	-0.844648E-02
8.680000	-0.131988E-01
8.690000	-0.153976E-01
8.700000	-0.150383E-01
8.710000	-0.796545E-02
8.720000	0.631727E-03
8.730000	0.626739E-02
8.740000	0.955751E-02
8.750000	0.981114E-02
8.760000	0.848764E-02
8.770000	0.803267E-02
8.780000	0.870336E-02
8.790000	0.820585E-02
8.800000	0.603867E-02
8.810000	-0.126383E-03
8.820000	-0.755705E-02
8.830000	-0.703027E-02
8.840000	-0.581044E-02
8.850000	-0.106117E-01
8.860000	-0.133713E-01
8.870000	-0.118397E-01
8.880000	-0.983540E-02
8.890000	-0.974487E-02
8.900000	-0.121879E-01
8.910000	-0.160829E-01
8.920000	-0.200908E-01
8.930000	-0.250821E-01
8.940000	-0.262168E-01
8.950000	-0.202199E-01
8.960000	-0.165443E-01
8.970000	-0.161981E-01
8.980000	-0.121252E-01
8.990000	-0.476279E-02
9.000000	0.560257E-02
9.010000	0.151657E-01
9.020000	0.168140E-01
9.030000	0.199514E-01
9.040000	0.320583E-01
9.050000	0.424148E-01
9.060000	0.498467E-01
9.070000	0.547209E-01
9.080000	0.507226E-01
9.090000	0.352719E-01
9.100000	0.853302E-02
9.110000	-0.667341E-02
9.120000	0.539916E-02
9.130000	0.169523E-01
9.140000	0.140885E-01
9.150000	0.109245E-01
9.160000	0.478813E-02
9.170000	-0.699015E-02
9.180000	-0.166101E-01
9.190000	-0.191880E-01
9.200000	-0.147199E-01
9.210000	-0.121864E-01
9.220000	-0.132482E-01
9.230000	-0.126239E-01
9.240000	-0.126495E-01
9.250000	-0.108989E-01
9.260000	-0.491380E-02
9.270000	-0.179052E-02
9.280000	-0.125511E-02
9.290000	-0.536839E-03
9.300000	-0.362867E-02
9.310000	-0.798735E-02
9.320000	-0.106503E-01
9.330000	-0.145332E-01
9.340000	-0.164446E-01
9.350000	-0.114224E-01
9.360000	-0.485634E-02
9.370000	-0.125234E-02
9.380000	0.293945E-02
9.390000	0.583070E-02
9.400000	0.341015E-02
9.410000	-0.506284E-03
9.420000	-0.181263E-02
9.430000	-0.324770E-02
9.440000	-0.609203E-02
9.450000	-0.791591E-02
9.460000	-0.892560E-02
9.470000	-0.106558E-01
9.480000	-0.137990E-01
9.490000	-0.170028E-01
9.500000	-0.186153E-01
9.510000	-0.198810E-01
9.520000	-0.214616E-01
9.530000	-0.229980E-01
9.540000	-0.239153E-01
9.550000	-0.210121E-01
9.560000	-0.159617E-01
9.570000	-0.110635E-01
9.580000	-0.543450E-02
9.590000	-0.479963E-02
9.600000	-0.849821E-02
9.610000	-0.104618E-01
9.620000	-0.120720E-01
9.630000	-0.145837E-01
9.640000	-0.197134E-01
9.650000	-0.252067E-01
9.660000	-0.216164E-01
9.670000	-0.133576E-01
9.680000	-0.414204E-02
9.690000	0.176985E-01
9.700000	0.347715E-01
9.710000	0.322355E-01
9.720000	0.314692E-01
9.730000	0.323344E-01
9.740000	0.239052E-01
9.750000	0.144688E-01
9.760000	0.103808E-01
9.770000	0.115399E-01
9.780000	0.139250E-01
9.790000	0.120382E-01
9.800000	0.302633E-02
9.810000	-0.998619E-02
9.820000	-0.157402E-01
9.830000	-0.162994E-01
9.840000	-0.189803E-01
9.850000	-0.177218E-01
9.860000	-0.153819E-01
9.870000	-0.183806E-01
9.880000	-0.221277E-01
9.890000	-0.238000E-01
9.900000	-0.195997E-01
9.910000	-0.102865E-01
9.920000	0.409841E-02
9.930000	0.238691E-01
9.940000	0.301379E-01
9.950000	0.301782E-01
9.960000	0.383428E-01
9.970000	0.391347E-01
9.980000	0.355857E-01
9.990000	0.405226E-01
10.000000	0.499208E-01
10.010000	0.571666E-01
10.020000	0.609398E-01
10.030000	0.575991E-01
10.040000	0.478742E-01
10.050000	0.343043E-01
10.060000	0.166467E-01
10.070000	0.963844E-02
10.080000	0.159831E-01
10.090000	0.219527E-01
10.100000	0.249583E-01
10.110000	0.235814E-01
10.120000	0.191746E-01
10.130000	0.120419E-01
10.140000	-0.116255E-02
10.150000	-0.123201E-01
10.160000	-0.141153E-01
10.170000	-0.138562E-01
10.180000	-0.176068E-01
10.190000	-0.202373E-01
10.200000	-0.176825E-01
10.210000	-0.146406E-01
10.220000	-0.128044E-01
10.230000	-0.795176E-02
10.240000	-0.219400E-02
10.250000	0.254787E-02
10.260000	0.117227E-01
10.270000	0.220193E-01
10.280000	0.229469E-01
10.290000	0.186009E-01
10.300000	0.169063E-01
10.310000	0.157554E-01
10.320000	0.138897E-01
10.330000	0.151713E-01
10.340000	0.195576E-01
10.350000	0.223401E-01
10.360000	0.223422E-01
10.370000	0.199370E-01
10.380000	0.111865E-01
10.390000	-0.310082E-02
10.400000	-0.883021E-02
10.410000	-0.315855E-02
10.420000	0.283904E-02
10.430000	0.837429E-02
10.440000	0.161113E-01
10.450000	0.187741E-01
10.460000	0.151098E-01
10.470000	0.167607E-01
10.480000	0.228358E-01
10.490000	0.251578E-01
10.500000	0.247222E-01
10.510000	0.228784E-01
10.520000	0.125271E-01
10.530000	-0.152780E-02
10.540000	-0.601590E-02
10.550000	-0.821150E-02
10.560000	-0.965908E-02
10.570000	-0.119127E-01
10.580000	-0.256851E-01
10.590000	-0.405105E-01
10.600000	-0.420838E-01
10.610000	-0.289627E-01
10.620000	-0.138989E-01
10.630000	-0.414415E-02
10.640000	0.673773E-02
10.650000	0.139439E-01
10.660000	0.152824E-01
10.670000	0.144297E-01
10.680000	0.145525E-01
10.690000	0.168256E-01
10.700000	0.101145E-01
10.710000	-0.129594E-01
10.720000	-0.355772E-01
10.730000	-0.403799E-01
10.740000	-0.298873E-01
10.750000	-0.129711E-01
10.760000	0.256382E-03
10.770000	0.521887E-02
10.780000	0.624608E-02
10.790000	0.858149E-02
10.800000	0.817907E-02
10.810000	0.533047E-02
10.820000	0.659749E-02
10.830000	0.749697E-02
10.840000	0.554384E-02
10.850000	0.288426E-02
10.860000	-0.237606E-03
10.870000	0.777468E-03
10.880000	0.886430E-02
10.890000	0.138296E-01
10.900000	0.108334E-01
10.910000	0.995348E-02
10.920000	0.107370E-01
10.930000	0.801359E-02
10.940000	0.830048E-02
10.950000	0.149182E-01
10.960000	0.206196E-01
10.970000	0.251981E-01
10.980000	0.307519E-01
10.990000	0.326286E-01
11.000000	0.336052E-01
11.010000	0.363365E-01
11.020000	0.376254E-01
11.030000	0.381142E-01
11.040000	0.387413E-01
11.050000	0.362782E-01
11.060000	0.315231E-01
11.070000	0.240360E-01
11.080000	0.925412E-02
11.090000	-0.432566E-03
11.100000	0.201909E-02
11.110000	0.447289E-04
11.120000	-0.429711E-02
11.130000	0.798113E-03
11.140000	0.899344E-02
11.150000	0.168453E-01
11.160000	0.217952E-01
11.170000	0.180233E-01
11.180000	0.124228E-01
11.190000	0.108014E-01
11.200000	0.761060E-02
11.210000	0.594231E-02
11.220000	0.123026E-01
11.230000	0.188173E-01
11.240000	0.208677E-01
11.250000	0.201812E-01
11.260000	0.115283E-01
11.270000	-0.141190E-02
11.280000	-0.825972E-02
11.290000	-0.971183E-02
11.300000	-0.105307E-01
11.310000	-0.106462E-01
11.320000	-0.178907E-01
11.330000	-0.320228E-01
11.340000	-0.351491E-01
11.350000	-0.345280E-01
11.360000	-0.408647E-01
11.370000	-0.413490E-01
11.380000	-0.354511E-01
11.390000	-0.311418E-01
11.400000	-0.274000E-01
11.410000	-0.242311E-01
11.420000	-0.230897E-01
11.430000	-0.230575E-01
11.440000	-0.249652E-01
11.450000	-0.297827E-01
11.460000	-0.375489E-01
11.470000	-0.449662E-01
11.480000	-0.476692E-01
11.490000	-0.492558E-01
11.500000	-0.498778E-01
11.510000	-0.468568E-01
11.520000	-0.444893E-01
11.530000	-0.429773E-01
11.540000	-0.406128E-01
11.550000	-0.387223E-01
11.560000	-0.367357E-01
11.570000	-0.322516E-01
11.580000	-0.257149E-01
11.590000	-0.228215E-01
11.600000	-0.225185E-01
11.610000	-0.221809E-01
11.620000	-0.256557E-01
11.630000	-0.306145E-01
11.640000	-0.352860E-01
11.650000	-0.337701E-01
11.660000	-0.233373E-01
11.670000	-0.188953E-01
11.680000	-0.193195E-01
11.690000	-0.186082E-01
11.700000	-0.241884E-01
11.710000	-0.312697E-01
11.720000	-0.343009E-01
11.730000	-0.343559E-01
11.740000	-0.292235E-01
11.750000	-0.215446E-01
11.760000	-0.151665E-01
11.770000	-0.110847E-01
11.780000	-0.993418E-02
11.790000	-0.123479E-01
11.800000	-0.165501E-01
11.810000	-0.191562E-01
11.820000	-0.229006E-01
11.830000	-0.260142E-01
11.840000	-0.236178E-01
11.850000	-0.206325E-01
11.860000	-0.203546E-01
11.870000	-0.189743E-01
11.880000	-0.153646E-01
11.890000	-0.118720E-01
11.900000	-0.973332E-02
11.910000	-0.803992E-02
11.920000	-0.538389E-02
11.930000	-0.219761E-02
11.940000	-0.118011E-03
11.950000	0.647727E-03
11.960000	0.184541E-02
11.970000	0.330996E-02
11.980000	0.410733E-02
11.990000	0.346185E-02
12.000000	0.304801E-03
12.010000	-0.316034E-02
12.020000	-0.501292E-02
12.030000	-0.624159E-02
12.040000	-0.464187E-02
12.050000	0.125777E-02
12.060000	0.667601E-02
12.070000	0.120280E-01
12.080000	0.198151E-01
12.090000	0.240796E-01
12.100000	0.242513E-01
12.110000	0.265860E-01
12.120000	0.300598E-01
12.130000	0.308174E-01
12.140000	0.286475E-01
12.150000	0.265969E-01
12.160000	0.255954E-01
12.170000	0.242170E-01
12.180000	0.247242E-01
12.190000	0.260152E-01
12.200000	0.263389E-01
12.210000	0.280871E-01
12.220000	0.300835E-01
12.230000	0.299620E-01
12.240000	0.260307E-01
12.250000	0.163708E-01
12.260000	0.712831E-02
12.270000	0.561117E-02
12.280000	0.779048E-02
12.290000	0.856316E-02
12.300000	0.826243E-02
12.310000	0.893498E-02
12.320000	0.100830E-01
12.330000	0.932508E-02
12.340000	0.801534E-02
12.350000	0.814020E-02
12.360000	0.103797E-01
12.370000	0.137064E-01
12.380000	0.155101E-01
12.390000	0.172965E-01
12.400000	0.197621E-01
12.410000	0.179411E-01
12.420000	0.137634E-01
12.430000	0.934354E-02
12.440000	-0.670132E-03
12.450000	-0.885126E-02
12.460000	-0.114755E-01
12.470000	-0.172753E-01
12.480000	-0.223523E-01
12.490000	-0.250682E-01
12.500000	-0.250223E-01
12.510000	-0.178367E-01
12.520000	-0.120586E-01
12.530000	-0.624608E-02
12.540000	0.158395E-02
12.550000	0.206442E-02
12.560000	0.337077E-02
12.570000	0.121703E-01
12.580000	0.207741E-01
12.590000	0.268044E-01
12.600000	0.312298E-01
12.610000	0.338387E-01
12.620000	0.369165E-01
12.630000	0.400901E-01
12.640000	0.402914E-01
12.650000	0.392063E-01
12.660000	0.395937E-01
12.670000	0.403313E-01
12.680000	0.404232E-01
12.690000	0.406819E-01
12.700000	0.405064E-01
12.710000	0.376744E-01
12.720000	0.329097E-01
12.730000	0.279853E-01
12.740000	0.265697E-01
12.750000	0.329784E-01
12.760000	0.393939E-01
12.770000	0.415903E-01
12.780000	0.429500E-01
12.790000	0.393027E-01
12.800000	0.304684E-01
12.810000	0.190423E-01
12.820000	0.105638E-01
12.830000	0.785318E-02
12.840000	0.184429E-02
12.850000	-0.596184E-02
12.860000	-0.837114E-02
12.870000	-0.765511E-02
12.880000	-0.743549E-02
12.890000	-0.888577E-02
12.900000	-0.123147E-01
12.910000	-0.169545E-01
12.920000	-0.197439E-01
12.930000	-0.193117E-01
12.940000	-0.158977E-01
12.950000	-0.122340E-01
12.960000	-0.111884E-01
12.970000	-0.983596E-02
12.980000	-0.861069E-02
12.990000	-0.105388E-01
13.000000	-0.122504E-01
13.010000	-0.121764E-01
13.020000	-0.118050E-01
13.030000	-0.107689E-01
13.040000	-0.101309E-01
13.050000	-0.943355E-02
13.060000	-0.635664E-02
13.070000	0.356465E-03
13.080000	0.898215E-02
13.090000	0.171364E-01
13.100000	0.266377E-01
13.110000	0.286928E-01
13.120000	0.202509E-01
13.130000	0.172563E-01
13.140000	0.148280E-01
13.150000	0.554872E-02
13.160000	0.162620E-02
13.170000	0.213117E-02
13.180000	0.584971E-03
13.190000	-0.166203E-03
13.200000	0.128695E-02
13.210000	0.362279E-02
13.220000	0.558795E-02
13.230000	0.745210E-02
13.240000	0.100554E-01
13.250000	0.125942E-01
13.260000	0.143647E-01
13.270000	0.160764E-01
13.280000	0.174776E-01
13.290000	0.169219E-01
13.300000	0.157782E-01
13.310000	0.159006E-01
13.320000	0.166441E-01
13.330000	0.180177E-01
13.340000	0.190725E-01
13.350000	0.162846E-01
13.360000	0.994988E-02
13.370000	0.651175E-03
13.380000	-0.148839E-01
13.390000	-0.263005E-01
13.400000	-0.250223E-01
13.410000	-0.195690E-01
13.420000	-0.129706E-01
13.430000	-0.542880E-02
13.440000	-0.893896E-03
13.450000	0.101582E-03
13.460000	-0.743491E-03
13.470000	-0.217566E-02
13.480000	-0.358544E-02
13.490000	-0.564909E-02
13.500000	-0.820754E-02
13.510000	-0.105076E-01
13.520000	-0.104828E-01
13.530000	-0.608596E-02
13.540000	-0.220750E-02
13.550000	-0.272307E-02
13.560000	-0.711029E-02
13.570000	-0.144089E-01
13.580000	-0.195995E-01
13.590000	-0.213465E-01
13.600000	-0.214696E-01
13.610000	-0.186970E-01
13.620000	-0.155919E-01
13.630000	-0.146815E-01
13.640000	-0.157495E-01
13.650000	-0.189355E-01
13.660000	-0.226489E-01
13.670000	-0.258092E-01
13.680000	-0.296664E-01
13.690000	-0.304009E-01
13.700000	-0.252124E-01
13.710000	-0.213936E-01
13.720000	-0.183586E-01
13.730000	-0.133063E-01
13.740000	-0.109030E-01
13.750000	-0.112214E-01
13.760000	-0.139435E-01
13.770000	-0.181048E-01
13.780000	-0.235236E-01
13.790000	-0.271289E-01
13.800000	-0.249841E-01
13.810000	-0.243540E-01
13.820000	-0.268308E-01
13.830000	-0.287165E-01
13.840000	-0.316346E-01
13.850000	-0.340056E-01
13.860000	-0.358748E-01
13.870000	-0.364818E-01
13.880000	-0.341367E-01
13.890000	-0.315544E-01
13.900000	-0.270233E-01
13.910000	-0.215670E-01
13.920000	-0.192532E-01
13.930000	-0.180087E-01
13.940000	-0.160289E-01
13.950000	-0.141093E-01
13.960000	-0.112485E-01
13.970000	-0.648575E-02
13.980000	-0.316970E-02
13.990000	-0.229274E-02
14.000000	-0.233887E-02
14.010000	-0.496414E-02
14.020000	-0.859871E-02
14.030000	-0.132738E-01
14.040000	-0.212396E-01
14.050000	-0.266941E-01
14.060000	-0.273041E-01
14.070000	-0.255960E-01
14.080000	-0.224565E-01
14.090000	-0.198225E-01
14.100000	-0.181153E-01
14.110000	-0.201805E-01
14.120000	-0.245920E-01
14.130000	-0.263247E-01
14.140000	-0.287926E-01
14.150000	-0.334897E-01
14.160000	-0.369977E-01
14.170000	-0.391167E-01
14.180000	-0.373529E-01
14.190000	-0.320847E-01
14.200000	-0.253366E-01
14.210000	-0.142587E-01
14.220000	-0.710263E-02
14.230000	-0.668664E-02
14.240000	-0.496414E-02
14.250000	-0.348688E-02
14.260000	-0.225545E-02
14.270000	0.437542E-04
14.280000	0.180194E-02
14.290000	0.327927E-02
14.300000	0.230247E-02
14.310000	-0.859432E-03
14.320000	-0.324130E-02
14.330000	-0.537529E-02
14.340000	-0.454804E-02
14.350000	-0.753511E-03
14.360000	0.717350E-03
14.370000	0.177157E-02
14.380000	0.494165E-02
14.390000	0.795241E-02
14.400000	0.962306E-02
14.410000	0.100904E-01
14.420000	0.881943E-02
14.430000	0.694941E-02
14.440000	0.604089E-02
14.450000	0.620099E-02
14.460000	0.879896E-02
14.470000	0.134637E-01
14.480000	0.172979E-01
14.490000	0.177988E-01
14.500000	0.169660E-01
14.510000	0.177881E-01
14.520000	0.184609E-01
14.530000	0.189467E-01
14.540000	0.204067E-01
14.550000	0.214670E-01
14.560000	0.222055E-01
14.570000	0.220711E-01
14.580000	0.196870E-01
14.590000	0.172085E-01
14.600000	0.153255E-01
14.610000	0.139707E-01
14.620000	0.147071E-01
14.630000	0.151516E-01
14.640000	0.127423E-01
14.650000	0.993390E-02
14.660000	0.920085E-02
14.670000	0.906923E-02
14.680000	0.108788E-01
14.690000	0.151175E-01
14.700000	0.194310E-01
14.710000	0.242035E-01
14.720000	0.265305E-01
14.730000	0.260867E-01
14.740000	0.253082E-01
14.750000	0.246186E-01
14.760000	0.253597E-01
14.770000	0.260880E-01
14.780000	0.251509E-01
14.790000	0.220586E-01
14.800000	0.185520E-01
14.810000	0.166388E-01
14.820000	0.160235E-01
14.830000	0.191305E-01
14.840000	0.246877E-01
14.850000	0.292032E-01
14.860000	0.322282E-01
14.870000	0.318296E-01
14.880000	0.281418E-01
14.890000	0.247930E-01
14.900000	0.225768E-01
14.910000	0.185389E-01
14.920000	0.136648E-01
14.930000	0.106473E-01
14.940000	0.944701E-02
14.950000	0.909101E-02
14.960000	0.869404E-02
14.970000	0.915099E-02
14.980000	0.114506E-01
14.990000	0.158747E-01
15.000000	0.193679E-01
15.010000	0.209259E-01
15.020000	0.222624E-01
15.030000	0.201051E-01
15.040000	0.140582E-01
15.050000	0.835366E-02
15.060000	0.652552E-02
15.070000	0.671009E-02
15.080000	0.369226E-02
15.090000	-0.141359E-02
15.100000	-0.671978E-02
15.110000	-0.940938E-02
15.120000	-0.752673E-02
15.130000	-0.657320E-02
15.140000	-0.515478E-02
15.150000	-0.785363E-03
15.160000	0.528426E-03
15.170000	-0.594658E-03
15.180000	-0.755940E-03
15.190000	-0.690983E-03
15.200000	0.182039E-02
15.210000	0.602742E-02
15.220000	0.898672E-02
15.230000	0.116103E-01
15.240000	0.102916E-01
15.250000	0.689623E-03
15.260000	-0.124942E-01
15.270000	-0.202706E-01
15.280000	-0.216983E-01
15.290000	-0.196105E-01
15.300000	-0.146877E-01
15.310000	-0.860144E-02
15.320000	-0.254982E-02
15.330000	-0.306469E-02
15.340000	-0.877135E-02
15.350000	-0.129165E-01
15.360000	-0.177022E-01
15.370000	-0.212125E-01
15.380000	-0.214437E-01
15.390000	-0.203669E-01
15.400000	-0.195884E-01
15.410000	-0.198066E-01
15.420000	-0.190293E-01
15.430000	-0.145059E-01
15.440000	-0.723295E-02
15.450000	0.621989E-03
15.460000	0.741944E-02
15.470000	0.868545E-02
15.480000	0.450259E-02
15.490000	0.114856E-02
15.500000	0.923678E-03
15.510000	-0.208500E-03
15.520000	-0.127283E-02
15.530000	-0.470101E-03
15.540000	-0.842963E-03
15.550000	-0.159848E-02
15.560000	-0.191697E-02
15.570000	-0.269831E-02
15.580000	-0.359408E-02
15.590000	-0.468414E-02
15.600000	-0.398926E-02
15.610000	-0.674346E-03
15.620000	0.132993E-02
15.630000	0.423616E-02
15.640000	0.968296E-02
15.650000	0.114105E-01
15.660000	0.105319E-01
15.670000	0.102648E-01
15.680000	0.963914E-02
15.690000	0.931621E-02
15.700000	0.887442E-02
15.710000	0.760209E-02
15.720000	0.469365E-02
15.730000	0.692744E-03
15.740000	-0.163275E-02
15.750000	-0.293275E-02
15.760000	-0.460219E-02
15.770000	-0.250528E-02
15.780000	0.306464E-02
15.790000	0.750454E-02
15.800000	0.159825E-01
15.810000	0.251805E-01
15.820000	0.277555E-01
15.830000	0.276956E-01
15.840000	0.225155E-01
15.850000	0.121186E-01
15.860000	-0.755867E-03
15.870000	-0.129829E-01
15.880000	-0.164875E-01
15.890000	-0.112340E-01
15.900000	-0.335783E-02
15.910000	0.340474E-02
15.920000	0.734663E-02
15.930000	0.541486E-02
15.940000	0.811626E-03
15.950000	-0.723023E-03
15.960000	-0.196804E-02
15.970000	-0.241529E-02
15.980000	0.307637E-02
15.990000	0.830762E-02
16.000000	0.935409E-02
16.010000	0.111677E-01
16.020000	0.958369E-02
16.030000	0.192974E-02
16.040000	-0.448046E-02
16.050000	-0.667576E-02
16.060000	-0.516789E-02
16.070000	-0.228378E-03
16.080000	0.650155E-02
16.090000	0.125235E-01
16.100000	0.114210E-01
16.110000	0.457999E-02
16.120000	-0.887393E-03
16.130000	-0.386191E-02
16.140000	-0.528487E-02
16.150000	-0.678542E-02
16.160000	-0.652488E-02
16.170000	-0.403205E-02
16.180000	-0.285985E-02
16.190000	-0.404471E-02
16.200000	-0.597950E-02
16.210000	-0.662336E-02
16.220000	-0.727842E-02
16.230000	-0.825224E-02
16.240000	-0.788737E-02
16.250000	-0.805507E-02
16.260000	-0.944595E-02
16.270000	-0.100734E-01
16.280000	-0.822924E-02
16.290000	-0.317675E-02
16.300000	0.241093E-02
16.310000	0.604193E-02
16.320000	0.855005E-02
16.330000	0.826061E-02
16.340000	0.346961E-02
16.350000	-0.315531E-02
16.360000	-0.898617E-02
16.370000	-0.100685E-01
16.380000	-0.786830E-02
16.390000	-0.930841E-02
16.400000	-0.129274E-01
16.410000	-0.150755E-01
16.420000	-0.166918E-01
16.430000	-0.186619E-01
16.440000	-0.206028E-01
16.450000	-0.211097E-01
16.460000	-0.182784E-01
16.470000	-0.130552E-01
16.480000	-0.986617E-02
16.490000	-0.912773E-02
16.500000	-0.714751E-02
16.510000	-0.615043E-02
16.520000	-0.956122E-02
16.530000	-0.130396E-01
16.540000	-0.140405E-01
16.550000	-0.142807E-01
16.560000	-0.109107E-01
16.570000	-0.598769E-02
16.580000	-0.468070E-02
16.590000	-0.326207E-02
16.600000	-0.297744E-02
16.610000	-0.778968E-02
16.620000	-0.133678E-01
16.630000	-0.125681E-01
16.640000	-0.471501E-02
16.650000	0.151989E-02
16.660000	0.591882E-02
16.670000	0.118756E-01
16.680000	0.142558E-01
16.690000	0.105127E-01
16.700000	0.418241E-02
16.710000	0.653619E-03
16.720000	0.561267E-03
16.730000	0.237923E-02
16.740000	0.463364E-02
16.750000	0.564587E-02
16.760000	0.513467E-02
16.770000	0.293187E-02
16.780000	0.122749E-02
16.790000	0.197623E-02
16.800000	0.435365E-02
16.810000	0.555624E-02
16.820000	0.550362E-02
16.830000	0.648337E-02
16.840000	0.763989E-02
16.850000	0.829171E-02
16.860000	0.911125E-02
16.870000	0.844535E-02
16.880000	0.550849E-02
16.890000	0.143213E-02
16.900000	-0.352652E-02
16.910000	-0.603057E-02
16.920000	-0.361383E-02
16.930000	-0.965887E-03
16.940000	0.513318E-03
16.950000	0.539550E-02
16.960000	0.911596E-02
16.970000	0.581048E-02
16.980000	0.213094E-02
16.990000	0.118874E-02
17.000000	-0.239603E-02
17.010000	-0.677259E-02
17.020000	-0.550222E-02
17.030000	-0.249338E-02
17.040000	-0.312058E-02
17.050000	-0.381686E-02
17.060000	-0.308349E-02
17.070000	-0.233599E-02
17.080000	-0.184427E-02
17.090000	-0.191831E-02
17.100000	-0.196804E-02
17.110000	-0.808821E-03
17.120000	0.193795E-02
17.130000	0.453552E-02
17.140000	0.379535E-02
17.150000	-0.521123E-03
17.160000	-0.517452E-02
17.170000	-0.890719E-02
17.180000	-0.989674E-02
17.190000	-0.574550E-02
17.200000	-0.117008E-02
17.210000	0.214825E-02
17.220000	0.101770E-01
17.230000	0.164183E-01
17.240000	0.163630E-01
17.250000	0.174239E-01
17.260000	0.145783E-01
17.270000	0.656889E-02
17.280000	-0.288648E-02
17.290000	-0.167573E-01
17.300000	-0.275956E-01
17.310000	-0.267300E-01
17.320000	-0.141670E-01
17.330000	0.338024E-02
17.340000	0.151311E-01
17.350000	0.174635E-01
17.360000	0.140652E-01
17.370000	0.587849E-02
17.380000	-0.416508E-02
17.390000	-0.113708E-01
17.400000	-0.147655E-01
17.410000	-0.111818E-01
17.420000	-0.503208E-02
17.430000	-0.327013E-02
17.440000	-0.160270E-02
17.450000	0.132417E-02
17.460000	0.250523E-02
17.470000	0.242049E-02
17.480000	0.359185E-03
17.490000	-0.537914E-02
17.500000	-0.108591E-01
17.510000	-0.986464E-02
17.520000	-0.494519E-02
17.530000	-0.618598E-03
17.540000	0.668438E-02
17.550000	0.145882E-01
17.560000	0.167012E-01
17.570000	0.148569E-01
17.580000	0.116094E-01
17.590000	0.804685E-02
17.600000	0.217204E-02
17.610000	-0.386286E-02
17.620000	-0.577339E-02
17.630000	-0.646234E-02
17.640000	-0.591969E-02
17.650000	-0.100107E-02
17.660000	0.664168E-02
17.670000	0.105231E-01
17.680000	0.101308E-01
17.690000	0.869993E-02
17.700000	0.280628E-02
17.710000	-0.499598E-02
17.720000	-0.936065E-02
17.730000	-0.880893E-02
17.740000	-0.257202E-02
17.750000	0.621992E-02
17.760000	0.138597E-01
17.770000	0.162892E-01
17.780000	0.145424E-01
17.790000	0.126037E-01
17.800000	0.854188E-02
17.810000	-0.673217E-05
17.820000	-0.463091E-02
17.830000	-0.728803E-04
17.840000	0.411144E-02
17.850000	0.871868E-02
17.860000	0.158132E-01
17.870000	0.164612E-01
17.880000	0.138475E-01
17.890000	0.136623E-01
17.900000	0.137263E-01
17.910000	0.129170E-01
17.920000	0.107300E-01
17.930000	0.613183E-02
17.940000	0.122876E-02
17.950000	-0.100815E-02
17.960000	-0.314802E-02
17.970000	-0.913185E-02
17.980000	-0.187529E-01
17.990000	-0.261833E-01
18.000000	-0.287500E-01
18.010000	-0.298951E-01
18.020000	-0.279913E-01
18.030000	-0.235406E-01
18.040000	-0.210002E-01
18.050000	-0.180556E-01
18.060000	-0.139434E-01
18.070000	-0.953167E-02
18.080000	-0.362410E-02
18.090000	0.408673E-03
18.100000	0.771051E-03
18.110000	-0.141112E-02
18.120000	-0.660817E-02
18.130000	-0.993942E-02
18.140000	-0.974927E-02
18.150000	-0.102937E-01
18.160000	-0.714093E-02
18.170000	-0.970450E-03
18.180000	0.114397E-02
18.190000	0.798799E-03
18.200000	-0.659843E-03
18.210000	-0.282105E-02
18.220000	-0.470451E-02
18.230000	-0.513381E-02
18.240000	-0.158157E-02
18.250000	0.166782E-02
18.260000	0.262272E-02
18.270000	0.291625E-02
18.280000	-0.123319E-03
18.290000	-0.553855E-02
18.300000	-0.106201E-01
18.310000	-0.119542E-01
18.320000	-0.876180E-02
18.330000	-0.629512E-02
18.340000	-0.429269E-02
18.350000	-0.335308E-03
18.360000	0.218825E-02
18.370000	0.214827E-02
18.380000	0.241085E-02
18.390000	0.323228E-02
18.400000	0.326468E-02
18.410000	0.341351E-02
18.420000	0.435718E-02
18.430000	0.529726E-02
18.440000	0.509206E-02
18.450000	0.311253E-02
18.460000	0.125114E-02
18.470000	0.111560E-03
18.480000	-0.317305E-03
18.490000	0.130983E-02
18.500000	0.332811E-02
18.510000	0.547256E-02
18.520000	0.103034E-01
18.530000	0.181915E-01
18.540000	0.251776E-01
18.550000	0.254165E-01
18.560000	0.210287E-01
18.570000	0.170219E-01
18.580000	0.978867E-02
18.590000	-0.249770E-02
18.600000	-0.119337E-01
18.610000	-0.163306E-01
18.620000	-0.220962E-01
18.630000	-0.285373E-01
18.640000	-0.282449E-01
18.650000	-0.210878E-01
18.660000	-0.115093E-01
18.670000	0.151301E-02
18.680000	0.114816E-01
18.690000	0.112078E-01
18.700000	0.100424E-01
18.710000	0.143910E-01
18.720000	0.183756E-01
18.730000	0.205372E-01
18.740000	0.204286E-01
18.750000	0.151074E-01
18.760000	0.862833E-02
18.770000	0.547719E-02
18.780000	0.544434E-02
18.790000	0.685849E-02
18.800000	0.783687E-02
18.810000	0.721568E-02
18.820000	0.626366E-02
18.830000	0.735440E-02
18.840000	0.114822E-01
18.850000	0.164823E-01
18.860000	0.199140E-01
18.870000	0.203269E-01
18.880000	0.176598E-01
18.890000	0.156931E-01
18.900000	0.133740E-01
18.910000	0.753471E-02
18.920000	0.255412E-02
18.930000	0.208395E-03
18.940000	-0.307394E-02
18.950000	-0.397215E-02
18.960000	0.389095E-03
18.970000	0.371367E-02
18.980000	0.599523E-02
18.990000	0.979745E-02
19.000000	0.123388E-01
19.010000	0.126094E-01
19.020000	0.925816E-02
19.030000	0.585315E-02
19.040000	0.653624E-02
19.050000	0.719245E-02
19.060000	0.587136E-02
19.070000	0.553035E-02
19.080000	0.348839E-02
19.090000	-0.316969E-02
19.100000	-0.847735E-02
19.110000	-0.987430E-02
19.120000	-0.834983E-02
19.130000	-0.496515E-02
19.140000	-0.314989E-02
19.150000	-0.153428E-02
19.160000	0.756244E-03
19.170000	0.310248E-02
19.180000	0.616983E-02
19.190000	0.868256E-02
19.200000	0.929375E-02
19.210000	0.665286E-02
19.220000	0.164909E-02
19.230000	-0.315602E-02
19.240000	-0.582470E-02
19.250000	-0.536660E-02
19.260000	-0.488207E-02
19.270000	-0.783677E-02
19.280000	-0.111387E-01
19.290000	-0.847882E-02
19.300000	-0.287071E-02
19.310000	-0.351298E-03
19.320000	0.342784E-02
19.330000	0.619692E-02
19.340000	0.255249E-02
19.350000	0.123410E-03
19.360000	0.197936E-03
19.370000	-0.230005E-02
19.380000	-0.432339E-02
19.390000	-0.419309E-02
19.400000	-0.442138E-02
19.410000	-0.474871E-02
19.420000	-0.564166E-02
19.430000	-0.890793E-02
19.440000	-0.127172E-01
19.450000	-0.143277E-01
19.460000	-0.125363E-01
19.470000	-0.100117E-01
19.480000	-0.932735E-02
19.490000	-0.797661E-02
19.500000	-0.647299E-02
19.510000	-0.602245E-02
19.520000	-0.490850E-02
19.530000	-0.408242E-02
19.540000	-0.412370E-02
19.550000	-0.412573E-02
19.560000	-0.539274E-02
19.570000	-0.757690E-02
19.580000	-0.938245E-02
19.590000	-0.120284E-01
19.600000	-0.137830E-01
19.610000	-0.119622E-01
19.620000	-0.846413E-02
19.630000	-0.565252E-02
19.640000	-0.466969E-02
19.650000	-0.736355E-02
19.660000	-0.107541E-01
19.670000	-0.114077E-01
19.680000	-0.132426E-01
19.690000	-0.145317E-01
19.700000	-0.972462E-02
19.710000	-0.557029E-02
19.720000	-0.570508E-02
19.730000	-0.579962E-02
19.740000	-0.748055E-02
19.750000	-0.892880E-02
19.760000	-0.584743E-02
19.770000	-0.118819E-02
19.780000	0.234868E-02
19.790000	0.666704E-02
19.800000	0.118136E-01
19.810000	0.148233E-01
19.820000	0.144713E-01
19.830000	0.141235E-01
19.840000	0.156395E-01
19.850000	0.165043E-01
19.860000	0.168425E-01
19.870000	0.175907E-01
19.880000	0.181869E-01
19.890000	0.173662E-01
19.900000	0.146911E-01
19.910000	0.115966E-01
19.920000	0.566110E-02
19.930000	-0.270317E-02
19.940000	-0.745053E-02
19.950000	-0.961491E-02
19.960000	-0.113919E-01
19.970000	-0.127181E-01
19.980000	-0.130057E-01
19.990000	-0.851052E-02
20.000000	-0.306226E-02
20.010000	-0.118327E-02
20.020000	-0.213083E-02
20.030000	-0.536024E-02
20.040000	-0.756105E-02
20.050000	-0.757214E-02
20.060000	-0.372755E-02
20.070000	0.161279E-02
20.080000	0.317628E-02
20.090000	0.470649E-02
20.100000	0.453101E-02
20.110000	0.281791E-03
20.120000	-0.235950E-02
20.130000	-0.381138E-02
20.140000	-0.584276E-02
20.150000	-0.633788E-02
20.160000	-0.430786E-02
20.170000	-0.158852E-02
20.180000	0.483223E-03
20.190000	0.185728E-02
20.200000	-0.344860E-03
20.210000	-0.425034E-02
20.220000	-0.616967E-02
20.230000	-0.906016E-02
20.240000	-0.127106E-01
20.250000	-0.141423E-01
20.260000	-0.146207E-01
20.270000	-0.149466E-01
20.280000	-0.123703E-01
20.290000	-0.707822E-02
20.300000	-0.287059E-02
20.310000	0.986436E-03
20.320000	0.450724E-02
20.330000	0.481543E-02
20.340000	0.531290E-02
20.350000	0.716074E-02
20.360000	0.620163E-02
20.370000	0.357854E-02
20.380000	0.146325E-02
20.390000	-0.713890E-04
20.400000	-0.709513E-03
20.410000	-0.836526E-03
20.420000	-0.120531E-02
20.430000	-0.253906E-02
20.440000	-0.507790E-02
20.450000	-0.867906E-02
20.460000	-0.115548E-01
20.470000	-0.125342E-01
20.480000	-0.112492E-01
20.490000	-0.893304E-02
20.500000	-0.593186E-02
20.510000	0.121146E-02
20.520000	0.752673E-02
20.530000	0.921648E-02
20.540000	0.824242E-02
20.550000	0.414401E-02
20.560000	0.115949E-02
20.570000	-0.156938E-02
20.580000	-0.262706E-02
20.590000	0.344291E-02
20.600000	0.802086E-02
20.610000	0.855974E-02
20.620000	0.123138E-01
20.630000	0.138428E-01
20.640000	0.908198E-02
20.650000	0.467626E-02
20.660000	-0.861033E-03
20.670000	-0.846776E-02
20.680000	-0.118287E-01
20.690000	-0.104509E-01
20.700000	-0.629330E-02
20.710000	-0.912434E-04
20.720000	0.819031E-02
20.730000	0.135646E-01
20.740000	0.130865E-01
20.750000	0.143933E-01
20.760000	0.176836E-01
20.770000	0.191656E-01
20.780000	0.184550E-01
20.790000	0.137184E-01
20.800000	0.937286E-02
20.810000	0.549568E-02
20.820000	-0.130271E-02
20.830000	-0.361221E-02
20.840000	-0.274474E-02
20.850000	-0.595493E-02
20.860000	-0.882462E-02
20.870000	-0.101658E-01
20.880000	-0.877136E-02
20.890000	-0.883138E-03
20.900000	0.870735E-02
20.910000	0.152435E-01
20.920000	0.177103E-01
20.930000	0.146847E-01
20.940000	0.875393E-02
20.950000	0.569846E-02
20.960000	0.738590E-02
20.970000	0.121018E-01
20.980000	0.139175E-01
20.990000	0.135876E-01
21.000000	0.147969E-01
21.010000	0.121632E-01
21.020000	0.746701E-02
21.030000	0.532850E-02
21.040000	0.379958E-02
21.050000	0.421336E-02
21.060000	0.548031E-02
21.070000	0.522715E-02
21.080000	0.488728E-02
21.090000	0.181372E-02
21.100000	-0.293752E-02
21.110000	-0.562384E-02
21.120000	-0.480743E-02
21.130000	0.118617E-02
21.140000	0.616049E-02
21.150000	0.879473E-02
21.160000	0.137853E-01
21.170000	0.137887E-01
21.180000	0.792621E-02
21.190000	0.558286E-02
21.200000	0.332180E-02
21.210000	-0.819808E-03
21.220000	-0.506361E-03
21.230000	0.651231E-03
21.240000	-0.113177E-02
21.250000	-0.325730E-02
21.260000	-0.564304E-02
21.270000	-0.732482E-02
21.280000	-0.794911E-02
21.290000	-0.766961E-02
21.300000	-0.569657E-02
21.310000	-0.437292E-02
21.320000	-0.330112E-02
21.330000	-0.182093E-02
21.340000	-0.371886E-02
21.350000	-0.745971E-02
21.360000	-0.907952E-02
21.370000	-0.112512E-01
21.380000	-0.123270E-01
21.390000	-0.884694E-02
21.400000	-0.623253E-02
21.410000	-0.522158E-02
21.420000	-0.249404E-02
21.430000	-0.217405E-02
21.440000	-0.479859E-02
21.450000	-0.593091E-02
21.460000	-0.590537E-02
21.470000	-0.204049E-02
21.480000	0.527326E-02
21.490000	0.966829E-02
21.500000	0.120086E-01
21.510000	0.958645E-02
21.520000	0.258546E-02
21.530000	-0.295797E-02
21.540000	-0.714012E-02
21.550000	-0.665451E-02
21.560000	-0.297360E-02
21.570000	-0.260124E-02
21.580000	-0.383628E-02
21.590000	-0.319281E-02
21.600000	-0.198546E-02
21.610000	-0.172821E-02
21.620000	-0.148040E-02
21.630000	-0.111089E-02
21.640000	-0.906188E-03
21.650000	-0.594857E-03
21.660000	0.650055E-03
21.670000	0.269840E-02
21.680000	0.450110E-02
21.690000	0.462139E-02
21.700000	0.150114E-02
21.710000	-0.188722E-02
21.720000	-0.344610E-02
21.730000	-0.638749E-02
21.740000	-0.924000E-02
21.750000	-0.739636E-02
21.760000	-0.458425E-02
21.770000	-0.304227E-02
21.780000	0.436231E-03
21.790000	0.223731E-02
21.800000	0.158649E-02
21.810000	0.499305E-04
21.820000	-0.309013E-02
21.830000	-0.504482E-02
21.840000	-0.643595E-02
21.850000	-0.506746E-02
21.860000	0.495780E-03
21.870000	0.345173E-02
21.880000	0.445190E-02
21.890000	0.657755E-02
21.900000	0.622491E-02
21.910000	0.391246E-02
21.920000	0.309851E-02
21.930000	0.226596E-02
21.940000	0.334939E-04
21.950000	-0.256045E-02
21.960000	-0.509451E-02
21.970000	-0.935330E-02
21.980000	-0.157329E-01
21.990000	-0.190119E-01
22.000000	-0.179914E-01
22.010000	-0.158407E-01
22.020000	-0.118629E-01
22.030000	-0.751762E-02
22.040000	-0.692963E-02
22.050000	-0.719335E-02
22.060000	-0.507058E-02
22.070000	-0.251910E-02
22.080000	-0.602998E-03
22.090000	-0.391321E-03
22.100000	-0.132209E-02
22.110000	-0.198254E-02
22.120000	-0.252675E-02
22.130000	-0.323200E-02
22.140000	-0.310063E-02
22.150000	-0.120801E-02
22.160000	0.331097E-03
22.170000	0.176587E-02
22.180000	0.469470E-02
22.190000	0.783968E-02
22.200000	0.944756E-02
22.210000	0.787815E-02
22.220000	0.534799E-02
22.230000	0.312177E-02
22.240000	0.479070E-03
22.250000	-0.107795E-03
22.260000	-0.154427E-03
22.270000	-0.157119E-02
22.280000	-0.278214E-02
22.290000	-0.351327E-02
22.300000	-0.235268E-02
22.310000	0.540392E-03
22.320000	0.223451E-02
22.330000	0.397940E-02
22.340000	0.601069E-02
22.350000	0.377225E-02
22.360000	-0.636411E-03
22.370000	-0.282835E-02
22.380000	-0.390741E-02
22.390000	-0.333849E-02
22.400000	-0.252372E-02
22.410000	-0.330235E-02
22.420000	-0.334613E-02
22.430000	-0.279502E-02
22.440000	-0.282054E-02
22.450000	-0.708974E-03
22.460000	0.483325E-02
22.470000	0.823854E-02
22.480000	0.827555E-02
22.490000	0.104643E-01
22.500000	0.114120E-01
22.510000	0.750640E-02
22.520000	0.504621E-02
22.530000	0.348150E-02
22.540000	-0.507954E-03
22.550000	-0.337240E-02
22.560000	-0.327034E-02
22.570000	-0.154899E-02
22.580000	-0.736640E-03
22.590000	-0.696187E-03
22.600000	-0.253590E-03
22.610000	-0.328952E-03
22.620000	0.363596E-03
22.630000	0.299098E-02
22.640000	0.543473E-02
22.650000	0.621665E-02
22.660000	0.701413E-02
22.670000	0.745180E-02
22.680000	0.521360E-02
22.690000	0.239556E-02
22.700000	-0.146121E-02
22.710000	-0.895386E-02
22.720000	-0.134347E-01
22.730000	-0.125590E-01
22.740000	-0.120960E-01
22.750000	-0.113024E-01
22.760000	-0.900721E-02
22.770000	-0.437426E-02
22.780000	0.289461E-03
22.790000	0.143605E-02
22.800000	0.258553E-02
22.810000	0.272271E-02
22.820000	0.120186E-02
22.830000	0.138814E-02
22.840000	0.239231E-02
22.850000	0.322852E-02
22.860000	0.403503E-02
22.870000	0.511029E-02
22.880000	0.518270E-02
22.890000	0.309299E-02
22.900000	0.166819E-02
22.910000	0.141421E-02
22.920000	0.121629E-02
22.930000	0.237758E-02
22.940000	0.368552E-02
22.950000	0.456246E-02
22.960000	0.645800E-02
22.970000	0.773375E-02
22.980000	0.839976E-02
22.990000	0.934242E-02
23.000000	0.772085E-02
23.010000	0.446608E-02
23.020000	0.238944E-02
23.030000	0.446796E-03
23.040000	-0.167787E-02
23.050000	-0.298520E-02
23.060000	-0.176968E-02
23.070000	0.583294E-03
23.080000	0.234107E-02
23.090000	0.541740E-02
23.100000	0.779722E-02
23.110000	0.730614E-02
23.120000	0.557327E-02
23.130000	0.403969E-02
23.140000	0.123532E-02
23.150000	-0.323029E-02
23.160000	-0.530491E-02
23.170000	-0.581628E-02
23.180000	-0.736454E-02
23.190000	-0.628133E-02
23.200000	-0.254765E-02
23.210000	0.842682E-03
23.220000	0.540287E-02
23.230000	0.740922E-02
23.240000	0.569256E-02
23.250000	0.658724E-02
23.260000	0.775893E-02
23.270000	0.686571E-02
23.280000	0.651085E-02
23.290000	0.515639E-02
23.300000	0.294297E-02
23.310000	0.138155E-02
23.320000	-0.944731E-03
23.330000	-0.377058E-02
23.340000	-0.574843E-02
23.350000	-0.739877E-02
23.360000	-0.921071E-02
23.370000	-0.819132E-02
23.380000	-0.426384E-02
23.390000	-0.219697E-02
23.400000	-0.532637E-03
23.410000	0.247271E-02
23.420000	0.364417E-02
23.430000	0.222322E-02
23.440000	-0.346354E-04
23.450000	-0.162476E-02
23.460000	-0.326822E-02
23.470000	-0.384051E-02
23.480000	-0.854416E-03
23.490000	0.358267E-02
23.500000	0.674600E-02
23.510000	0.709533E-02
23.520000	0.492631E-02
23.530000	0.268893E-02
23.540000	0.172052E-02
23.550000	0.223846E-02
23.560000	0.222351E-02
23.570000	0.947801E-03
23.580000	-0.467072E-03
23.590000	-0.260871E-02
23.600000	-0.485708E-02
23.610000	-0.437173E-02
23.620000	-0.161893E-02
23.630000	-0.307405E-03
23.640000	0.132530E-03
23.650000	0.103147E-03
23.660000	-0.228090E-02
23.670000	-0.522510E-02
23.680000	-0.713822E-02
23.690000	-0.901121E-02
23.700000	-0.112583E-01
23.710000	-0.113794E-01
23.720000	-0.865663E-02
23.730000	-0.719035E-02
23.740000	-0.672598E-02
23.750000	-0.464167E-02
23.760000	-0.301864E-02
23.770000	-0.264242E-02
23.780000	-0.200470E-02
23.790000	-0.143187E-02
23.800000	-0.120548E-02
23.810000	-0.114056E-02
23.820000	-0.630195E-03
23.830000	0.121993E-02
23.840000	0.279689E-02
23.850000	0.333166E-02
23.860000	0.381599E-02
23.870000	0.297160E-02
23.880000	0.123035E-02
23.890000	0.390550E-03
23.900000	-0.718026E-03
23.910000	-0.187463E-02
23.920000	-0.216725E-02
23.930000	-0.275753E-02
23.940000	-0.370457E-02
23.950000	-0.420798E-02
23.960000	-0.369352E-02
23.970000	-0.261478E-02
23.980000	-0.230415E-02
23.990000	-0.231181E-02
24.000000	-0.191580E-02
24.010000	-0.195883E-02
24.020000	-0.242047E-02
24.030000	-0.277576E-02
24.040000	-0.451066E-02
24.050000	-0.693419E-02
24.060000	-0.775177E-02
24.070000	-0.887837E-02
24.080000	-0.112252E-01
24.090000	-0.118516E-01
24.100000	-0.107045E-01
24.110000	-0.106476E-01
24.120000	-0.113804E-01
24.130000	-0.113864E-01
24.140000	-0.113522E-01
24.150000	-0.116126E-01
24.160000	-0.102335E-01
24.170000	-0.702130E-02
24.180000	-0.483106E-02
24.190000	-0.323484E-02
24.200000	-0.112518E-02
24.210000	-0.635351E-04
24.220000	0.757048E-03
24.230000	0.149051E-02
24.240000	0.268402E-03
24.250000	-0.972007E-03
24.260000	-0.102727E-02
24.270000	-0.187216E-02
24.280000	-0.277573E-02
24.290000	-0.229434E-02
24.300000	-0.162060E-02
24.310000	-0.134362E-02
24.320000	-0.184365E-02
24.330000	-0.391687E-02
24.340000	-0.566301E-02
24.350000	-0.628423E-02
24.360000	-0.650082E-02
24.370000	-0.561112E-02
24.380000	-0.474900E-02
24.390000	-0.492993E-02
24.400000	-0.481974E-02
24.410000	-0.469653E-02
24.420000	-0.526052E-02
24.430000	-0.515851E-02
24.440000	-0.443703E-02
24.450000	-0.421760E-02
24.460000	-0.402467E-02
24.470000	-0.496418E-02
24.480000	-0.775518E-02
24.490000	-0.101897E-01
24.500000	-0.960032E-02
24.510000	-0.592200E-02
24.520000	-0.277269E-02
24.530000	0.831341E-03
24.540000	0.489021E-02
24.550000	0.502652E-02
24.560000	0.290700E-02
24.570000	0.189930E-02
24.580000	0.240133E-02
24.590000	0.325349E-02
24.600000	0.377525E-02
24.610000	0.459669E-02
24.620000	0.604293E-02
24.630000	0.574098E-02
24.640000	0.265519E-02
24.650000	0.925059E-03
24.660000	0.844523E-03
24.670000	0.108215E-02
24.680000	0.297034E-02
24.690000	0.450479E-02
24.700000	0.573569E-02
24.710000	0.778930E-02
24.720000	0.837270E-02
24.730000	0.791373E-02
24.740000	0.780461E-02
24.750000	0.748049E-02
24.760000	0.676761E-02
24.770000	0.703005E-02
24.780000	0.885120E-02
24.790000	0.100069E-01
24.800000	0.102192E-01
24.810000	0.109485E-01
24.820000	0.108621E-01
24.830000	0.952964E-02
24.840000	0.877546E-02
24.850000	0.932765E-02
24.860000	0.107144E-01
24.870000	0.115891E-01
24.880000	0.121942E-01
24.890000	0.119655E-01
24.900000	0.944014E-02
24.910000	0.728235E-02
24.920000	0.609640E-02
24.930000	0.379864E-02
24.940000	0.300684E-02
24.950000	0.495945E-02
24.960000	0.573102E-02
24.970000	0.575007E-02
24.980000	0.730122E-02
24.990000	0.885401E-02
25.000000	0.965116E-02
25.010000	0.883976E-02
25.020000	0.688113E-02
25.030000	0.465313E-02
25.040000	0.777476E-03
25.050000	-0.217276E-02
25.060000	-0.362058E-02
25.070000	-0.573661E-02
25.080000	-0.615894E-02
25.090000	-0.587004E-02
25.100000	-0.765357E-02
25.110000	-0.940216E-02
25.120000	-0.104108E-01
25.130000	-0.100702E-01
25.140000	-0.638615E-02
25.150000	-0.314261E-02
25.160000	-0.224443E-02
25.170000	-0.148992E-03
25.180000	0.737132E-03
25.190000	-0.157961E-02
25.200000	-0.262135E-02
25.210000	-0.205626E-02
25.220000	-0.236908E-02
25.230000	-0.256472E-02
25.240000	-0.243827E-02
25.250000	-0.243924E-02
25.260000	-0.237986E-02
25.270000	-0.224416E-02
25.280000	-0.223704E-02
25.290000	-0.232510E-02
25.300000	-0.230699E-02
25.310000	-0.260985E-02
25.320000	-0.405854E-02
25.330000	-0.563830E-02
25.340000	-0.658566E-02
25.350000	-0.712582E-02
25.360000	-0.544014E-02
25.370000	-0.269677E-02
25.380000	-0.197672E-02
25.390000	-0.154804E-02
25.400000	0.867829E-04
25.410000	0.201708E-03
25.420000	-0.214040E-02
25.430000	-0.435769E-02
25.440000	-0.649012E-02
25.450000	-0.811410E-02
25.460000	-0.844236E-02
25.470000	-0.907135E-02
25.480000	-0.781994E-02
25.490000	-0.521300E-02
25.500000	-0.478160E-02
25.510000	-0.424076E-02
25.520000	-0.291257E-02
25.530000	-0.257991E-02
25.540000	-0.152646E-02
25.550000	0.493953E-03
25.560000	0.177859E-02
25.570000	0.284994E-02
25.580000	0.416962E-02
25.590000	0.466919E-02
25.600000	0.447736E-02
25.610000	0.475750E-02
25.620000	0.501410E-02
25.630000	0.471208E-02
25.640000	0.447393E-02
25.650000	0.416700E-02
25.660000	0.388213E-02
25.670000	0.439686E-02
25.680000	0.514046E-02
25.690000	0.552661E-02
25.700000	0.657490E-02
25.710000	0.737910E-02
25.720000	0.601989E-02
25.730000	0.442735E-02
25.740000	0.408435E-02
25.750000	0.333177E-02
25.760000	0.267747E-02
25.770000	0.306022E-02
25.780000	0.347791E-02
25.790000	0.387696E-02
25.800000	0.434891E-02
25.810000	0.464034E-02
25.820000	0.589789E-02
25.830000	0.841911E-02
25.840000	0.103329E-01
25.850000	0.119742E-01
25.860000	0.133085E-01
25.870000	0.118208E-01
25.880000	0.965683E-02
25.890000	0.921863E-02
25.900000	0.815381E-02
25.910000	0.695219E-02
25.920000	0.717600E-02
25.930000	0.716285E-02
25.940000	0.626561E-02
25.950000	0.515299E-02
25.960000	0.422155E-02
25.970000	0.341023E-02
25.980000	0.208721E-02
25.990000	0.342461E-03
26.000000	-0.551899E-03
26.010000	0.253536E-03
26.020000	0.117390E-02
26.030000	0.839600E-03
26.040000	0.505544E-03
26.050000	0.537551E-03
26.060000	0.215804E-03
26.070000	-0.865897E-04
26.080000	-0.102700E-03
26.090000	-0.167734E-03
26.100000	-0.223387E-03
26.110000	0.423803E-03
26.120000	0.128917E-02
26.130000	0.127730E-02
26.140000	0.124667E-02
26.150000	0.136047E-02
26.160000	0.774751E-03
26.170000	0.248628E-03
26.180000	-0.607660E-04
26.190000	-0.641034E-03
26.200000	-0.113018E-02
26.210000	-0.153747E-02
26.220000	-0.177173E-02
26.230000	-0.138344E-02
26.240000	-0.100546E-02
26.250000	-0.884118E-03
26.260000	0.226333E-03
26.270000	0.187537E-02
26.280000	0.207135E-02
26.290000	0.675394E-03
26.300000	-0.532508E-03
26.310000	-0.132176E-02
26.320000	-0.310254E-02
26.330000	-0.468243E-02
26.340000	-0.504695E-02
26.350000	-0.506704E-02
26.360000	-0.413210E-02
26.370000	-0.284962E-02
26.380000	-0.246102E-02
26.390000	-0.233244E-02
26.400000	-0.263820E-02
26.410000	-0.314332E-02
26.420000	-0.310086E-02
26.430000	-0.297116E-02
26.440000	-0.289846E-02
26.450000	-0.355441E-02
26.460000	-0.513444E-02
26.470000	-0.597070E-02
26.480000	-0.578082E-02
26.490000	-0.466399E-02
26.500000	-0.292653E-02
26.510000	-0.153859E-02
26.520000	-0.183187E-03
26.530000	0.582762E-03
26.540000	0.971692E-03
26.550000	0.202491E-02
26.560000	0.282956E-02
26.570000	0.291862E-02
26.580000	0.281410E-02
26.590000	0.246182E-02
26.600000	0.206796E-02
26.610000	0.237373E-02
26.620000	0.294002E-02
26.630000	0.301048E-02
26.640000	0.305256E-02
26.650000	0.339205E-02
26.660000	0.318038E-02
26.670000	0.215481E-02
26.680000	0.134758E-02
26.690000	0.863304E-03
26.700000	0.640888E-03
26.710000	0.900084E-03
26.720000	0.825615E-03
26.730000	0.779992E-04
26.740000	-0.613950E-03
26.750000	-0.765263E-03
26.760000	-0.764629E-03
26.770000	-0.935722E-03
26.780000	-0.126162E-02
26.790000	-0.182500E-02
26.800000	-0.229219E-02
26.810000	-0.251589E-02
26.820000	-0.275015E-02
26.830000	-0.291116E-02
26.840000	-0.299673E-02
26.850000	-0.311991E-02
26.860000	-0.306189E-02
26.870000	-0.275880E-02
26.880000	-0.254131E-02
26.890000	-0.278707E-02
26.900000	-0.337367E-02
26.910000	-0.348208E-02
26.920000	-0.317461E-02
26.930000	-0.286295E-02
26.940000	-0.229157E-02
26.950000	-0.161261E-02
26.960000	-0.102751E-02
26.970000	-0.861988E-03
26.980000	-0.961429E-03
26.990000	-0.759881E-03
27.000000	-0.608655E-03
27.010000	-0.537994E-03
27.020000	-0.881786E-04
27.030000	0.624269E-03
27.040000	0.145886E-02
27.050000	0.219526E-02
27.060000	0.233546E-02
27.070000	0.210066E-02
27.080000	0.204716E-02
27.090000	0.206008E-02
27.100000	0.193550E-02
27.110000	0.183678E-02
27.120000	0.180484E-02
27.130000	0.167904E-02
27.140000	0.141767E-02
27.150000	0.110645E-02
27.160000	0.772693E-03
27.170000	0.435867E-03
27.180000	0.297419E-03
27.190000	0.386765E-03
27.200000	0.439598E-03
27.210000	0.349609E-03
27.220000	0.150726E-03
27.230000	-0.606927E-04
27.240000	-0.278686E-03
27.250000	-0.446878E-03
27.260000	-0.415541E-03
27.270000	-0.374491E-03
27.280000	-0.227855E-03
27.290000	0.258796E-04
27.300000	-0.349483E-04
27.310000	-0.264715E-03
27.320000	-0.601079E-03
27.330000	-0.109227E-02
27.340000	-0.132853E-02
27.350000	-0.123164E-02
27.360000	-0.989305E-03
27.370000	-0.593750E-03
27.380000	-0.320163E-03
27.390000	-0.379381E-03
27.400000	-0.528384E-03
27.410000	-0.799001E-03
27.420000	-0.107572E-02
27.430000	-0.111551E-02
27.440000	-0.106672E-02
27.450000	-0.941038E-03
27.460000	-0.778958E-03
27.470000	-0.655409E-03
27.480000	-0.505423E-03
27.490000	-0.344117E-03
27.500000	-0.247640E-03
27.510000	-0.218166E-03
27.520000	-0.243486E-03
27.530000	-0.494283E-03
27.540000	-0.804425E-03
27.550000	-0.768295E-03
27.560000	-0.570305E-03
27.570000	-0.431774E-03
27.580000	-0.241875E-03
27.590000	-0.123869E-03
27.600000	-0.148349E-03
27.610000	-0.159468E-03
27.620000	-0.161285E-03
27.630000	-0.173090E-03
27.640000	-0.135495E-03
27.650000	-0.881791E-04
27.660000	-0.906544E-04
27.670000	-0.104857E-03
27.680000	-0.127150E-03
27.690000	-0.172585E-03
27.700000	-0.202129E-03
27.710000	-0.208572E-03
27.720000	-0.206350E-03
27.730000	-0.212370E-03
27.740000	-0.226151E-03
27.750000	-0.234468E-03
27.760000	-0.244273E-03
27.770000	-0.258637E-03
27.780000	-0.271386E-03
27.790000	-0.282035E-03
27.800000	-0.295155E-03
27.810000	-0.310044E-03
27.820000	-0.323330E-03
27.830000	-0.342686E-03
27.840000	-0.375149E-03
27.850000	-0.410822E-03
27.860000	-0.430123E-03
27.870000	-0.427859E-03
27.880000	-0.411092E-03
27.890000	-0.383440E-03
27.900000	-0.350359E-03
27.910000	-0.315528E-03
27.920000	-0.281703E-03
27.930000	-0.254412E-03
27.940000	-0.232417E-03
27.950000	-0.210488E-03
27.960000	-0.187108E-03
27.970000	-0.161973E-03
27.980000	-0.136436E-03
27.990000	-0.112042E-03
28.000000	-0.885833E-04
