0.000000	0.000000
0.020000	0.703720E-03
0.040000	0.217097E-02
0.060000	0.231732E-02
0.080000	0.636838E-03
0.100000	-0.535687E-03
0.120000	-0.210908E-02
0.140000	-0.170469E-02
0.160000	-0.406144E-04
0.180000	0.188319E-03
0.200000	0.837069E-04
0.220000	-0.167025E-02
0.240000	-0.265207E-02
0.260000	-0.178158E-02
0.280000	-0.914155E-03
0.300000	0.182766E-03
0.320000	-0.206796E-02
0.340000	-0.443395E-02
0.360000	-0.265670E-02
0.380000	-0.361303E-03
0.400000	0.103716E-04
0.420000	0.477921E-03
0.440000	-0.219375E-03
0.460000	-0.188874E-02
0.480000	-0.250342E-02
0.500000	-0.189208E-02
0.520000	0.483278E-04
0.540000	0.187857E-02
0.560000	0.222674E-02
0.580000	0.728705E-03
0.600000	-0.739270E-05
0.620000	0.594744E-03
0.640000	-0.205998E-02
0.660000	-0.452806E-02
0.680000	-0.361036E-03
0.700000	0.424680E-03
0.720000	0.152651E-03
0.740000	-0.255427E-04
0.760000	0.107942E-02
0.780000	0.244141E-02
0.800000	-0.245838E-02
0.820000	-0.234079E-02
0.840000	0.270747E-02
0.860000	0.201313E-02
0.880000	-0.235703E-03
0.900000	0.928382E-03
0.920000	0.305228E-02
0.940000	0.132364E-02
0.960000	-0.260209E-02
0.980000	-0.155227E-02
1.000000	0.222809E-02
1.020000	0.188255E-02
1.040000	0.372160E-03
1.060000	0.293054E-02
1.080000	0.957066E-03
1.100000	-0.259844E-02
1.120000	-0.770388E-03
1.140000	-0.674019E-04
1.160000	0.255119E-03
1.180000	0.226268E-02
1.200000	-0.543154E-03
1.220000	0.608612E-03
1.240000	0.161349E-02
1.260000	-0.257547E-02
1.280000	-0.134824E-02
1.300000	-0.243411E-03
1.320000	-0.290494E-04
1.340000	-0.277772E-03
1.360000	0.361980E-02
1.380000	0.602409E-02
1.400000	0.124551E-03
1.420000	0.218203E-02
1.440000	0.326234E-02
1.460000	-0.324615E-02
1.480000	-0.366627E-02
1.500000	-0.211881E-02
1.520000	0.245295E-02
1.540000	0.255710E-02
1.560000	-0.192718E-03
1.580000	0.468706E-02
1.600000	0.422000E-02
1.620000	-0.410711E-03
1.640000	0.939855E-03
1.660000	0.137242E-02
1.680000	0.332338E-04
1.700000	-0.466494E-03
1.720000	0.151747E-02
1.740000	0.116462E-02
1.760000	-0.209265E-03
1.780000	-0.106397E-02
1.800000	-0.305496E-02
1.820000	-0.282542E-02
1.840000	-0.389332E-02
1.860000	0.725634E-02
1.880000	0.130092E-01
1.900000	0.133938E-02
1.920000	-0.495808E-02
1.940000	-0.159614E-02
1.960000	0.294083E-02
1.980000	-0.113814E-02
2.000000	-0.415836E-02
2.020000	0.612222E-02
2.040000	0.424032E-02
2.060000	-0.941647E-02
2.080000	-0.566187E-02
2.100000	0.815198E-02
2.120000	0.198503E-02
2.140000	-0.631677E-02
2.160000	0.492971E-02
2.180000	0.110487E-01
2.200000	0.308650E-02
2.220000	-0.341503E-02
2.240000	0.659112E-02
2.260000	0.693073E-02
2.280000	-0.175973E-02
2.300000	-0.200255E-02
2.320000	-0.378774E-03
2.340000	0.127151E-02
2.360000	-0.169574E-02
2.380000	-0.250366E-02
2.400000	0.403242E-02
2.420000	0.288177E-02
2.440000	-0.523344E-02
2.460000	-0.623314E-02
2.480000	-0.210224E-02
2.500000	0.527226E-02
2.520000	0.446329E-02
2.540000	-0.312461E-02
2.560000	-0.103178E-01
2.580000	-0.101445E-01
2.600000	-0.536285E-02
2.620000	0.234720E-02
2.640000	-0.221947E-02
2.660000	-0.460845E-02
2.680000	0.489372E-02
2.700000	0.218344E-02
2.720000	-0.434573E-02
2.740000	-0.360639E-02
2.760000	0.498695E-02
2.780000	-0.424310E-03
2.800000	-0.400774E-02
2.820000	-0.658229E-03
2.840000	0.141628E-02
2.860000	-0.646136E-02
2.880000	-0.171501E-01
2.900000	-0.686769E-02
2.920000	0.194899E-02
2.940000	-0.458838E-02
2.960000	-0.571568E-02
2.980000	0.216463E-02
3.000000	0.495413E-02
3.020000	0.499574E-02
3.040000	0.945190E-02
3.060000	0.163440E-02
3.080000	-0.110587E-01
3.100000	-0.826821E-02
3.120000	0.216718E-02
3.140000	0.116081E-01
3.160000	0.126666E-01
3.180000	0.607918E-02
3.200000	-0.669759E-02
3.220000	-0.730066E-02
3.240000	0.106207E-02
3.260000	0.115352E-01
3.280000	0.105771E-01
3.300000	-0.313908E-02
3.320000	-0.121980E-01
3.340000	-0.515718E-02
3.360000	0.562190E-02
3.380000	-0.183204E-03
3.400000	-0.100683E-01
3.420000	-0.108418E-01
3.440000	-0.607559E-02
3.460000	0.104065E-02
3.480000	0.157987E-01
3.500000	0.416430E-02
3.520000	-0.147335E-01
3.540000	-0.104957E-01
3.560000	0.334431E-02
3.580000	0.105013E-01
3.600000	-0.438493E-03
3.620000	-0.431788E-02
3.640000	-0.100321E-02
3.660000	0.174332E-02
3.680000	0.371056E-02
3.700000	0.177119E-02
3.720000	0.536023E-02
3.740000	-0.727486E-02
3.760000	-0.129128E-01
3.780000	-0.264375E-02
3.800000	0.219477E-02
3.820000	-0.105327E-02
3.840000	-0.360772E-02
3.860000	0.716923E-02
3.880000	0.187506E-02
3.900000	-0.384446E-02
3.920000	-0.430282E-02
3.940000	0.326417E-02
3.960000	0.111831E-01
3.980000	0.930077E-02
4.000000	0.134130E-01
4.020000	0.658270E-02
4.040000	-0.605755E-02
4.060000	-0.117577E-01
4.080000	-0.649390E-02
4.100000	0.105937E-01
4.120000	0.802395E-02
4.140000	0.162507E-02
4.160000	0.276806E-02
4.180000	-0.270772E-02
4.200000	-0.448296E-02
4.220000	0.673049E-02
4.240000	0.110987E-01
4.260000	-0.288287E-02
4.280000	-0.743761E-02
4.300000	-0.423832E-02
4.320000	-0.742117E-02
4.340000	-0.186110E-01
4.360000	-0.173783E-01
4.380000	0.479345E-04
4.400000	0.849817E-02
4.420000	0.256028E-02
4.440000	0.552495E-02
4.460000	0.108142E-01
4.480000	0.938368E-02
4.500000	0.558472E-02
4.520000	0.576069E-02
4.540000	0.764924E-02
4.560000	-0.650885E-02
4.580000	-0.125743E-01
4.600000	-0.552554E-02
4.620000	-0.983981E-03
4.640000	0.604229E-02
4.660000	0.688023E-02
4.680000	-0.407100E-02
4.700000	-0.153935E-01
4.720000	-0.487885E-02
4.740000	0.163009E-01
4.760000	0.579032E-02
4.780000	-0.755487E-02
4.800000	-0.704642E-02
4.820000	0.127625E-02
4.840000	-0.166291E-02
4.860000	-0.730099E-02
4.880000	0.298619E-02
4.900000	0.503890E-02
4.920000	0.476704E-02
4.940000	-0.364342E-02
4.960000	0.261985E-02
4.980000	0.897593E-02
5.000000	-0.638481E-02
5.020000	-0.849780E-02
5.040000	-0.411848E-02
5.060000	-0.110306E-01
5.080000	-0.439809E-02
5.100000	0.162349E-01
5.120000	0.122369E-01
5.140000	-0.154995E-02
5.160000	-0.375577E-02
5.180000	-0.349830E-02
5.200000	0.703464E-02
5.220000	0.134539E-01
5.240000	0.498835E-02
5.260000	-0.108131E-01
5.280000	-0.149212E-01
5.300000	-0.309390E-02
5.320000	0.425663E-02
5.340000	0.473337E-02
5.360000	0.128618E-02
5.380000	0.358362E-02
5.400000	0.635740E-02
5.420000	0.531535E-02
5.440000	0.238427E-02
5.460000	0.564968E-02
5.480000	0.568270E-02
5.500000	-0.344095E-03
5.520000	-0.106077E-02
5.540000	-0.245678E-02
5.560000	0.117072E-02
5.580000	-0.132281E-02
5.600000	-0.284530E-02
5.620000	0.217106E-03
5.640000	0.521649E-02
5.660000	-0.332361E-02
5.680000	-0.136140E-01
5.700000	0.177404E-02
5.720000	0.262523E-01
5.740000	0.248869E-01
5.760000	-0.176941E-02
5.780000	-0.645494E-02
5.800000	-0.139006E-01
5.820000	-0.168083E-01
5.840000	0.680097E-02
5.860000	0.524682E-02
5.880000	-0.812097E-02
5.900000	-0.991584E-02
5.920000	-0.508479E-02
5.940000	0.508493E-02
5.960000	0.897961E-02
5.980000	-0.484210E-02
6.000000	-0.116870E-01
6.020000	-0.664687E-02
6.040000	-0.507984E-02
6.060000	0.413718E-02
6.080000	0.105645E-01
6.100000	-0.389165E-02
6.120000	-0.109538E-01
6.140000	0.104166E-02
6.160000	0.100934E-01
6.180000	0.376360E-02
6.200000	-0.174003E-02
6.220000	0.483137E-04
6.240000	-0.342654E-02
6.260000	0.983169E-02
6.280000	0.180889E-01
6.300000	0.180718E-01
6.320000	0.145118E-02
6.340000	-0.926161E-02
6.360000	-0.744268E-02
6.380000	-0.110104E-01
6.400000	-0.319896E-02
6.420000	-0.135862E-02
6.440000	0.746668E-02
6.460000	0.148973E-02
6.480000	-0.153594E-01
6.500000	-0.137200E-01
6.520000	-0.844022E-04
6.540000	0.586040E-02
6.560000	0.494060E-02
6.580000	-0.515137E-03
6.600000	0.161282E-02
6.620000	-0.212117E-02
6.640000	-0.897329E-02
6.660000	-0.100686E-02
6.680000	-0.252950E-02
6.700000	-0.879513E-02
6.720000	-0.133268E-01
6.740000	-0.409045E-02
6.760000	0.753777E-02
6.780000	0.753492E-02
6.800000	-0.582789E-02
6.820000	-0.319608E-02
6.840000	0.769161E-02
6.860000	0.149022E-02
6.880000	-0.959800E-02
6.900000	-0.106566E-01
6.920000	-0.953436E-02
6.940000	0.432356E-02
6.960000	0.162027E-01
6.980000	0.547858E-02
7.000000	-0.384607E-02
7.020000	0.788820E-02
7.040000	0.217532E-01
7.060000	0.691038E-02
7.080000	-0.103523E-02
7.100000	0.100605E-01
7.120000	0.174587E-01
7.140000	0.941032E-03
7.160000	-0.195516E-01
7.180000	-0.104694E-01
7.200000	0.704420E-02
7.220000	0.591930E-02
7.240000	0.502289E-02
7.260000	0.529233E-02
7.280000	0.158070E-02
7.300000	-0.116577E-01
7.320000	-0.205223E-02
7.340000	0.254012E-01
7.360000	0.264428E-01
7.380000	-0.805340E-03
7.400000	-0.179014E-01
7.420000	-0.210657E-02
7.440000	0.140402E-01
7.460000	0.114148E-01
7.480000	0.513278E-02
7.500000	0.640384E-02
7.520000	-0.576667E-02
7.540000	0.197399E-03
7.560000	0.148590E-01
7.580000	0.547207E-02
7.600000	-0.553156E-02
7.620000	0.859556E-02
7.640000	0.934436E-02
7.660000	0.103453E-02
7.680000	-0.242825E-02
7.700000	-0.897654E-02
7.720000	0.715615E-03
7.740000	0.916664E-03
7.760000	0.468159E-02
7.780000	-0.194524E-02
7.800000	-0.143687E-01
7.820000	0.262048E-02
7.840000	0.128236E-01
7.860000	-0.853710E-02
7.880000	-0.632007E-03
7.900000	0.729043E-02
7.920000	-0.744542E-02
7.940000	-0.547163E-02
7.960000	0.113193E-02
7.980000	0.117635E-01
8.000000	-0.161865E-01
8.020000	-0.286161E-01
8.040000	-0.631169E-02
8.060000	0.171698E-01
8.080000	0.214600E-01
8.100000	0.142619E-01
8.120000	0.983113E-02
8.140000	-0.102138E-01
8.160000	-0.735370E-02
8.180000	0.181290E-01
8.200000	0.360178E-01
8.220000	0.958360E-02
8.240000	-0.188733E-01
8.260000	-0.352634E-02
8.280000	0.632181E-02
8.300000	0.295587E-02
8.320000	0.166460E-02
8.340000	0.539596E-03
8.360000	0.256333E-02
8.380000	-0.457561E-02
8.400000	0.433312E-02
8.420000	-0.109240E-01
8.440000	-0.141931E-01
8.460000	0.465353E-02
8.480000	0.646305E-02
8.500000	0.183594E-01
8.520000	0.836746E-02
8.540000	-0.317482E-02
8.560000	-0.153872E-01
8.580000	-0.122150E-01
8.600000	-0.276265E-02
8.620000	-0.412943E-02
8.640000	-0.370610E-02
8.660000	-0.120854E-01
8.680000	-0.131288E-01
8.700000	-0.451387E-02
8.720000	0.806377E-02
8.740000	0.121479E-01
8.760000	-0.225962E-02
8.780000	0.450809E-02
8.800000	0.199978E-01
8.820000	0.175407E-01
8.840000	0.160576E-01
8.860000	0.107597E-01
8.880000	0.165125E-01
8.900000	0.504058E-02
8.920000	-0.237686E-02
8.940000	0.199591E-01
8.960000	0.133658E-01
8.980000	-0.316737E-02
9.000000	-0.105501E-01
9.020000	0.413072E-02
9.040000	0.279197E-03
9.060000	-0.383141E-02
9.080000	0.840552E-02
9.100000	0.347687E-02
9.120000	-0.103635E-01
9.140000	-0.183940E-01
9.160000	-0.109052E-01
9.180000	0.954070E-02
9.200000	0.261371E-01
9.220000	0.625524E-02
9.240000	-0.184216E-01
9.260000	-0.200139E-01
9.280000	0.320333E-02
9.300000	0.964664E-02
9.320000	0.545747E-02
9.340000	-0.132760E-02
9.360000	-0.272197E-02
9.380000	-0.375730E-02
9.400000	-0.181016E-02
9.420000	-0.295668E-02
9.440000	0.780429E-02
9.460000	0.121556E-01
9.480000	0.903637E-02
9.500000	-0.257332E-02
9.520000	-0.409214E-02
9.540000	0.587118E-02
9.560000	-0.239690E-03
9.580000	-0.140720E-01
9.600000	-0.219240E-01
9.620000	0.520900E-02
9.640000	0.213984E-01
9.660000	0.167125E-01
9.680000	-0.104084E-01
9.700000	-0.249822E-01
9.720000	-0.296386E-01
9.740000	-0.301272E-01
9.760000	-0.175904E-01
9.780000	-0.385313E-02
9.800000	0.585848E-03
9.820000	0.276552E-02
9.840000	0.764922E-02
9.860000	0.491861E-02
9.880000	0.716254E-02
9.900000	0.162629E-01
9.920000	0.227929E-01
9.940000	0.232926E-01
9.960000	0.166962E-01
9.980000	0.978256E-02
10.000000	0.213351E-02
10.020000	-0.128051E-02
10.040000	-0.101464E-01
10.060000	-0.912549E-02
10.080000	-0.744257E-02
10.100000	-0.619213E-02
10.120000	-0.684399E-02
10.140000	-0.285762E-01
10.160000	-0.325849E-01
10.180000	-0.283448E-01
10.200000	-0.364460E-02
10.220000	0.323399E-01
10.240000	0.136422E-01
10.260000	-0.213011E-01
10.280000	-0.702260E-03
10.300000	0.312981E-01
10.320000	0.538931E-01
10.340000	0.275667E-01
10.360000	-0.218309E-01
10.380000	-0.425819E-01
10.400000	-0.575831E-01
10.420000	-0.623354E-01
10.440000	-0.529444E-01
10.460000	-0.154126E-01
10.480000	-0.295643E-02
10.500000	-0.185554E-01
10.520000	-0.123774E-01
10.540000	0.779711E-02
10.560000	-0.110669E-01
10.580000	-0.301114E-01
10.600000	-0.522352E-02
10.620000	0.307885E-01
10.640000	0.238972E-01
10.660000	0.143020E-01
10.680000	0.265725E-01
10.700000	-0.576163E-02
10.720000	-0.441790E-01
10.740000	-0.544342E-01
10.760000	-0.407898E-01
10.780000	-0.269128E-01
10.800000	-0.146740E-01
10.820000	-0.570013E-02
10.840000	0.337124E-03
10.860000	0.120915E-01
10.880000	-0.123172E-01
10.900000	-0.813843E-02
10.920000	0.159151E-01
10.940000	0.942370E-03
10.960000	-0.996564E-02
10.980000	-0.983011E-02
11.000000	-0.526821E-03
11.020000	-0.257618E-01
11.040000	-0.317697E-01
11.060000	-0.326082E-02
11.080000	0.210609E-01
11.100000	0.320993E-01
11.120000	0.179405E-01
11.140000	-0.957925E-02
11.160000	-0.151119E-01
11.180000	-0.577008E-03
11.200000	0.796025E-02
11.220000	0.378930E-01
11.240000	0.452297E-01
11.260000	0.282568E-01
11.280000	0.185626E-01
11.300000	0.441299E-02
11.320000	-0.885429E-02
11.340000	-0.132680E-01
11.360000	-0.301675E-01
11.380000	-0.344965E-01
11.400000	-0.113366E-01
11.420000	0.505878E-02
11.440000	0.807579E-02
11.460000	-0.135045E-01
11.480000	-0.257518E-01
11.500000	-0.347719E-02
11.520000	-0.530722E-02
11.540000	-0.250444E-01
11.560000	0.235266E-02
11.580000	0.415807E-01
11.600000	0.501455E-01
11.620000	0.474556E-01
11.640000	0.384702E-01
11.660000	0.240330E-01
11.680000	0.279751E-01
11.700000	0.795032E-02
11.720000	0.744881E-03
11.740000	0.281297E-01
11.760000	0.182345E-01
11.780000	0.189699E-02
11.800000	-0.894578E-02
11.820000	-0.393045E-04
11.840000	0.616519E-02
11.860000	0.175760E-02
11.880000	0.315075E-02
11.900000	-0.287713E-01
11.920000	-0.442500E-01
11.940000	-0.178097E-01
11.960000	0.261865E-02
11.980000	0.808670E-02
12.000000	-0.523876E-02
12.020000	-0.146036E-01
12.040000	0.147743E-01
12.060000	0.158849E-01
12.080000	0.600196E-02
12.100000	0.209050E-01
12.120000	0.247920E-01
12.140000	0.194144E-01
12.160000	0.584009E-02
12.180000	0.186409E-01
12.200000	-0.397566E-03
12.220000	-0.435346E-01
12.240000	-0.724681E-01
12.260000	-0.828029E-01
12.280000	-0.746278E-01
12.300000	-0.762181E-01
12.320000	-0.519964E-01
12.340000	-0.127429E-01
12.360000	0.291799E-01
12.380000	0.681081E-01
12.400000	0.541624E-01
12.420000	0.133000E-01
12.440000	0.693505E-02
12.460000	0.258732E-01
12.480000	0.328488E-01
12.500000	0.316450E-01
12.520000	0.530107E-01
12.540000	0.349066E-01
12.560000	0.611951E-03
12.580000	0.703559E-03
12.600000	0.474461E-02
12.620000	0.198282E-01
12.640000	0.300716E-02
12.660000	-0.212935E-01
12.680000	-0.247678E-01
12.700000	-0.298741E-01
12.720000	-0.205260E-01
12.740000	-0.156425E-01
12.760000	-0.239832E-01
12.780000	-0.383175E-01
12.800000	-0.461319E-01
12.820000	-0.308617E-01
12.840000	-0.189258E-01
12.860000	-0.636165E-02
12.880000	-0.902609E-02
12.900000	-0.257625E-01
12.920000	-0.237043E-01
12.940000	-0.365697E-01
12.960000	-0.410702E-01
12.980000	-0.300381E-01
13.000000	-0.103033E-01
13.020000	0.142010E-01
13.040000	0.312348E-01
13.060000	0.486949E-01
13.080000	0.463548E-01
13.100000	0.367636E-01
13.120000	0.450845E-01
13.140000	0.459891E-01
13.160000	0.344108E-01
13.180000	0.203846E-01
13.200000	0.980191E-02
13.220000	0.107968E-02
13.240000	0.258397E-02
13.260000	0.142271E-01
13.280000	0.175021E-01
13.300000	0.255456E-01
13.320000	0.283891E-01
13.340000	-0.114686E-01
13.360000	-0.477206E-01
13.380000	-0.593692E-01
13.400000	-0.588043E-01
13.420000	-0.180056E-01
13.440000	0.100218E-01
13.460000	0.140169E-01
13.480000	-0.130694E-01
13.500000	-0.304311E-01
13.520000	-0.103597E-01
13.540000	0.992688E-03
13.560000	-0.161362E-02
13.580000	-0.833537E-03
13.600000	0.381935E-01
13.620000	0.653069E-01
13.640000	0.629342E-01
13.660000	0.468884E-01
13.680000	0.207812E-01
13.700000	-0.245784E-01
13.720000	-0.653551E-01
13.740000	-0.628410E-01
13.760000	-0.743816E-01
13.780000	-0.590369E-01
13.800000	-0.175333E-01
13.820000	-0.310357E-02
13.840000	-0.188628E-01
13.860000	-0.408175E-01
13.880000	-0.166723E-01
13.900000	-0.145305E-01
13.920000	-0.335863E-01
13.940000	-0.247921E-01
13.960000	0.603003E-02
13.980000	0.293072E-01
14.000000	0.196119E-01
14.020000	0.146698E-01
14.040000	0.705834E-02
14.060000	-0.219313E-01
14.080000	-0.396724E-01
14.100000	-0.591760E-01
14.120000	-0.715774E-01
14.140000	-0.387285E-01
14.160000	0.169041E-01
14.180000	0.545419E-01
14.200000	0.437021E-01
14.220000	-0.596904E-02
14.240000	-0.716358E-01
14.260000	-0.116641E+00
14.280000	-0.132623E+00
14.300000	-0.933452E-01
14.320000	0.710932E-02
14.340000	0.787090E-01
14.360000	0.515084E-01
14.380000	-0.811179E-02
14.400000	-0.182212E-01
14.420000	0.180742E-01
14.440000	0.674910E-01
14.460000	0.720828E-01
14.480000	0.346934E-01
14.500000	0.199277E-01
14.520000	0.415974E-01
14.540000	0.735792E-01
14.560000	0.849939E-01
14.580000	0.676159E-01
14.600000	0.238230E-01
14.620000	-0.365909E-02
14.640000	0.191122E-01
14.660000	0.364581E-01
14.680000	0.141046E-01
14.700000	-0.239906E-01
14.720000	-0.237919E-01
14.740000	0.242897E-02
14.760000	0.176604E-01
14.780000	0.341384E-02
14.800000	-0.486247E-01
14.820000	-0.117512E+00
14.840000	-0.151528E+00
14.860000	-0.126591E+00
14.880000	-0.101033E+00
14.900000	-0.824450E-01
14.920000	-0.494115E-01
14.940000	0.991557E-02
14.960000	0.847935E-01
14.980000	0.130260E+00
15.000000	0.134475E+00
15.020000	0.123438E+00
15.040000	0.130130E+00
15.060000	0.138617E+00
15.080000	0.123909E+00
15.100000	0.713555E-01
15.120000	-0.114891E-01
15.140000	-0.912860E-01
15.160000	-0.129987E+00
15.180000	-0.851276E-01
15.200000	-0.141410E-01
15.220000	0.169634E-02
15.240000	-0.140313E-01
15.260000	-0.344906E-01
15.280000	-0.305669E-01
15.300000	0.104929E-01
15.320000	0.526554E-01
15.340000	0.743608E-01
15.360000	0.603754E-01
15.380000	0.458871E-01
15.400000	0.351605E-01
15.420000	0.117136E-01
15.440000	-0.820422E-03
15.460000	0.721491E-02
15.480000	0.729425E-02
15.500000	-0.199522E-01
15.520000	-0.178869E-01
15.540000	0.187247E-01
15.560000	0.695676E-02
15.580000	-0.371564E-01
15.600000	-0.613368E-01
15.620000	-0.596193E-01
15.640000	-0.445878E-01
15.660000	-0.423848E-01
15.680000	-0.579002E-01
15.700000	-0.752578E-01
15.720000	-0.798236E-01
15.740000	-0.936356E-01
15.760000	-0.102582E+00
15.780000	-0.102521E+00
15.800000	-0.695398E-01
15.820000	-0.779766E-03
15.840000	0.479332E-01
15.860000	0.423138E-01
15.880000	0.990713E-02
15.900000	0.626755E-02
15.920000	0.330219E-01
15.940000	0.530892E-01
15.960000	0.465997E-01
15.980000	0.225754E-01
16.000000	-0.404575E-02
16.020000	-0.286698E-01
16.040000	-0.505939E-01
16.060000	-0.577698E-01
16.080000	-0.278443E-01
16.100000	0.440706E-01
16.120000	0.870940E-01
16.140000	0.103479E+00
16.160000	0.126191E+00
16.180000	0.140586E+00
16.200000	0.147248E+00
16.220000	0.103214E+00
16.240000	0.265343E-01
16.260000	-0.279962E-01
16.280000	-0.683465E-01
16.300000	-0.844005E-01
16.320000	-0.425563E-01
16.340000	0.298543E-01
16.360000	0.660294E-01
16.380000	0.646899E-01
16.400000	0.671989E-01
16.420000	0.604769E-01
16.440000	0.232039E-01
16.460000	-0.150107E-01
16.480000	-0.325691E-01
16.500000	-0.290646E-01
16.520000	0.545296E-02
16.540000	0.443453E-01
16.560000	0.602296E-01
16.580000	0.761730E-01
16.600000	0.936648E-01
16.620000	0.101810E+00
16.640000	0.809398E-01
16.660000	0.423897E-01
16.680000	0.120704E-02
16.700000	-0.565639E-01
16.720000	-0.101197E+00
16.740000	-0.118219E+00
16.760000	-0.126192E+00
16.780000	-0.125539E+00
16.800000	-0.113990E+00
16.820000	-0.118603E+00
16.840000	-0.135471E+00
16.860000	-0.147757E+00
16.880000	-0.144947E+00
16.900000	-0.108626E+00
16.920000	-0.462520E-01
16.940000	0.116981E-01
16.960000	0.369306E-01
16.980000	0.354269E-01
17.000000	0.247534E-01
17.020000	0.170971E-01
17.040000	0.264513E-01
17.060000	0.453364E-01
17.080000	0.476669E-01
17.100000	0.490305E-01
17.120000	0.509142E-01
17.140000	0.197826E-01
17.160000	0.480876E-02
17.180000	0.205053E-01
17.200000	0.192291E-01
17.220000	0.174592E-01
17.240000	0.123253E-01
17.260000	0.298324E-01
17.280000	0.653823E-01
17.300000	0.846387E-01
17.320000	0.961145E-01
17.340000	0.106634E+00
17.360000	0.121385E+00
17.380000	0.131021E+00
17.400000	0.119306E+00
17.420000	0.718752E-01
17.440000	0.272000E-01
17.460000	0.532899E-02
17.480000	0.225780E-01
17.500000	0.755933E-01
17.520000	0.115385E+00
17.540000	0.139577E+00
17.560000	0.137479E+00
17.580000	0.118069E+00
17.600000	0.868399E-01
17.620000	0.477145E-01
17.640000	0.170021E-01
17.660000	-0.247487E-01
17.680000	-0.524184E-01
17.700000	-0.579491E-01
17.720000	-0.390823E-01
17.740000	0.529157E-02
17.760000	0.397796E-01
17.780000	0.672837E-01
17.800000	0.799836E-01
17.820000	0.705137E-01
17.840000	0.575779E-01
17.860000	0.622758E-01
17.880000	0.630916E-01
17.900000	0.338837E-01
17.920000	-0.171308E-01
17.940000	-0.656850E-01
17.960000	-0.829497E-01
17.980000	-0.625305E-01
18.000000	-0.305476E-01
18.020000	-0.169542E-01
18.040000	-0.143595E-01
18.060000	-0.131531E-01
18.080000	-0.421091E-02
18.100000	0.592260E-02
18.120000	0.231206E-01
18.140000	0.495946E-01
18.160000	0.659654E-01
18.180000	0.485630E-01
18.200000	0.626747E-02
18.220000	-0.147141E-01
18.240000	-0.254824E-01
18.260000	-0.257029E-01
18.280000	-0.225707E-01
18.300000	-0.384268E-01
18.320000	-0.548245E-01
18.340000	-0.649900E-01
18.360000	-0.594281E-01
18.380000	-0.539743E-01
18.400000	-0.654587E-01
18.420000	-0.761964E-01
18.440000	-0.814720E-01
18.460000	-0.731663E-01
18.480000	-0.681247E-01
18.500000	-0.827159E-01
18.520000	-0.830293E-01
18.540000	-0.521387E-01
18.560000	-0.159075E-01
18.580000	-0.117124E-01
18.600000	-0.385559E-01
18.620000	-0.596752E-01
18.640000	-0.452434E-01
18.660000	0.132354E-02
18.680000	0.365593E-01
18.700000	0.414031E-01
18.720000	0.285234E-01
18.740000	0.330184E-01
18.760000	0.619617E-01
18.780000	0.864895E-01
18.800000	0.103336E+00
18.820000	0.103076E+00
18.840000	0.819296E-01
18.860000	0.512804E-01
18.880000	0.271603E-01
18.900000	0.240288E-01
18.920000	0.487208E-01
18.940000	0.656863E-01
18.960000	0.672753E-01
18.980000	0.756330E-01
19.000000	0.604165E-01
19.020000	0.431008E-01
19.040000	0.319653E-01
19.060000	0.246007E-01
19.080000	0.211295E-01
19.100000	0.130917E-01
19.120000	0.244095E-01
19.140000	0.263790E-01
19.160000	0.169917E-01
19.180000	0.129748E-01
19.200000	0.162642E-01
19.220000	0.740648E-03
19.240000	-0.346209E-01
19.260000	-0.504514E-01
19.280000	-0.452006E-01
19.300000	-0.250966E-01
19.320000	-0.128686E-02
19.340000	0.145475E-02
19.360000	-0.205172E-01
19.380000	-0.497455E-01
19.400000	-0.702191E-01
19.420000	-0.888944E-01
19.440000	-0.104100E+00
19.460000	-0.883765E-01
19.480000	-0.704022E-01
19.500000	-0.740958E-01
19.520000	-0.712257E-01
19.540000	-0.469284E-01
19.560000	-0.299129E-01
19.580000	-0.368827E-01
19.600000	-0.538760E-01
19.620000	-0.725075E-01
19.640000	-0.785981E-01
19.660000	-0.738195E-01
19.680000	-0.574242E-01
19.700000	-0.177902E-01
19.720000	0.169733E-01
19.740000	0.448529E-01
19.760000	0.674712E-01
19.780000	0.650027E-01
19.800000	0.514661E-01
19.820000	0.317637E-01
19.840000	-0.357743E-02
19.860000	-0.469816E-01
19.880000	-0.716311E-01
19.900000	-0.641801E-01
19.920000	-0.407366E-01
19.940000	-0.161088E-01
19.960000	-0.245933E-01
19.980000	-0.463959E-01
20.000000	-0.485809E-01
20.020000	-0.509494E-01
20.040000	-0.352120E-01
20.060000	-0.147723E-01
20.080000	-0.129202E-01
20.100000	-0.187006E-01
20.120000	-0.340466E-01
20.140000	-0.588379E-01
20.160000	-0.801091E-01
20.180000	-0.740871E-01
20.200000	-0.395307E-01
20.220000	-0.886654E-02
20.240000	-0.149308E-02
20.260000	-0.231386E-01
20.280000	-0.481359E-01
20.300000	-0.598221E-01
20.320000	-0.626579E-01
20.340000	-0.564951E-01
20.360000	-0.400039E-01
20.380000	-0.203772E-01
20.400000	0.501051E-02
20.420000	0.334847E-01
20.440000	0.464131E-01
20.460000	0.139535E-01
20.480000	-0.152125E-01
20.500000	0.214986E-02
20.520000	0.135411E-01
20.540000	-0.459868E-02
20.560000	-0.216063E-01
20.580000	-0.626559E-02
20.600000	0.822544E-02
20.620000	0.931674E-02
20.640000	0.854551E-02
20.660000	-0.464116E-02
20.680000	-0.206267E-01
20.700000	-0.513199E-02
20.720000	0.228200E-01
20.740000	0.392378E-01
20.760000	0.292244E-01
20.780000	0.153125E-02
20.800000	0.216856E-05
20.820000	0.233277E-02
20.840000	-0.217271E-01
20.860000	-0.601669E-01
20.880000	-0.801570E-01
20.900000	-0.716176E-01
20.920000	-0.528997E-01
20.940000	-0.468278E-01
20.960000	-0.516759E-01
20.980000	-0.430468E-01
21.000000	-0.145297E-01
21.020000	0.224105E-01
21.040000	0.487601E-01
21.060000	0.522912E-01
21.080000	0.487017E-01
21.100000	0.512047E-01
21.120000	0.331384E-01
21.140000	0.124721E-01
21.160000	0.414777E-02
21.180000	-0.197946E-02
21.200000	-0.349425E-02
21.220000	-0.157802E-01
21.240000	-0.454766E-01
21.260000	-0.722282E-01
21.280000	-0.729474E-01
21.300000	-0.704169E-01
21.320000	-0.700936E-01
21.340000	-0.584943E-01
21.360000	-0.380484E-01
21.380000	-0.948342E-02
21.400000	0.156197E-01
21.420000	0.224128E-01
21.440000	0.847344E-02
21.460000	-0.679706E-02
21.480000	-0.372897E-02
21.500000	-0.267947E-02
21.520000	-0.149389E-01
21.540000	-0.196698E-01
21.560000	-0.166415E-01
21.580000	-0.114069E-01
21.600000	-0.796650E-02
21.620000	0.825347E-02
21.640000	0.317878E-01
21.660000	0.441828E-01
21.680000	0.544541E-01
21.700000	0.521642E-01
21.720000	0.337684E-01
21.740000	0.228482E-01
21.760000	0.291946E-01
21.780000	0.418619E-01
21.800000	0.379818E-01
21.820000	0.305296E-01
21.840000	0.347289E-01
21.860000	0.433039E-01
21.880000	0.413944E-01
21.900000	0.375816E-01
21.920000	0.312137E-01
21.940000	0.175609E-01
21.960000	0.240930E-01
21.980000	0.340981E-01
22.000000	0.396213E-01
22.020000	0.411860E-01
22.040000	0.379607E-01
22.060000	0.392948E-01
22.080000	0.447068E-01
22.100000	0.476321E-01
22.120000	0.471823E-01
22.140000	0.476545E-01
22.160000	0.300961E-01
22.180000	0.903512E-02
22.200000	0.192779E-01
22.220000	0.322492E-01
22.240000	0.207354E-01
22.260000	-0.535421E-02
22.280000	-0.658437E-02
22.300000	0.198009E-01
22.320000	0.322867E-01
22.340000	0.295837E-01
22.360000	0.171029E-01
22.380000	0.121739E-02
22.400000	-0.112573E-01
22.420000	-0.155627E-01
22.440000	-0.155464E-01
22.460000	-0.135452E-01
22.480000	0.633555E-02
22.500000	0.197822E-01
22.520000	0.128186E-01
22.540000	0.959025E-02
22.560000	0.154919E-01
22.580000	-0.314554E-02
22.600000	-0.221941E-01
22.620000	-0.144503E-01
22.640000	-0.320275E-02
22.660000	-0.358325E-02
22.680000	-0.919022E-02
22.700000	0.857509E-02
22.720000	0.202428E-01
22.740000	0.116524E-01
22.760000	0.311393E-02
22.780000	0.127178E-02
22.800000	0.755496E-02
22.820000	0.994479E-02
22.840000	0.210169E-01
22.860000	0.210352E-01
22.880000	0.138330E-01
22.900000	0.286648E-01
22.920000	0.217777E-01
22.940000	-0.392938E-02
22.960000	-0.204452E-01
22.980000	-0.233788E-01
23.000000	-0.141825E-01
23.020000	-0.120782E-01
23.040000	-0.253003E-02
23.060000	0.491697E-02
23.080000	-0.479752E-02
23.100000	-0.213827E-01
23.120000	-0.118406E-01
23.140000	0.234524E-01
23.160000	0.385606E-01
23.180000	0.112837E-01
23.200000	-0.379456E-01
23.220000	-0.586434E-01
23.240000	-0.434281E-01
23.260000	-0.201935E-01
23.280000	-0.175772E-01
23.300000	-0.103536E-01
23.320000	-0.624814E-03
23.340000	-0.151904E-01
23.360000	-0.124002E-03
23.380000	0.431597E-01
23.400000	0.429486E-01
23.420000	0.890401E-02
23.440000	-0.188675E-01
23.460000	0.203125E-02
23.480000	0.368337E-01
23.500000	0.217091E-01
23.520000	0.318714E-01
23.540000	0.612219E-01
23.560000	0.572184E-01
23.580000	0.445398E-01
23.600000	0.545031E-01
23.620000	0.300507E-01
23.640000	-0.121090E-01
23.660000	-0.221904E-02
23.680000	-0.262349E-01
23.700000	-0.729723E-01
23.720000	-0.473214E-01
23.740000	-0.987409E-02
23.760000	-0.225751E-01
23.780000	-0.201638E-01
23.800000	0.239950E-01
23.820000	0.132045E-01
23.840000	-0.217519E-01
23.860000	0.309733E-02
23.880000	0.721509E-02
23.900000	-0.203096E-01
23.920000	-0.260705E-01
23.940000	-0.358074E-01
23.960000	-0.450813E-01
23.980000	-0.454780E-01
24.000000	-0.534748E-01
24.020000	-0.581402E-01
24.040000	-0.605933E-01
24.060000	-0.425648E-01
24.080000	-0.181337E-01
24.100000	-0.266058E-01
24.120000	-0.434725E-01
24.140000	-0.546303E-01
24.160000	-0.516243E-01
24.180000	-0.369577E-01
24.200000	-0.283887E-01
24.220000	-0.131233E-01
24.240000	-0.110527E-01
24.260000	-0.178958E-01
24.280000	-0.765600E-02
24.300000	0.240099E-01
24.320000	0.415795E-01
24.340000	0.284123E-01
24.360000	0.156919E-01
24.380000	0.142630E-01
24.400000	0.182379E-01
24.420000	0.611425E-02
24.440000	-0.143051E-01
24.460000	-0.950799E-02
24.480000	0.168540E-01
24.500000	0.388421E-01
24.520000	0.343797E-01
24.540000	0.299305E-01
24.560000	0.516321E-01
24.580000	0.661926E-01
24.600000	0.570922E-01
24.620000	0.195114E-01
24.640000	-0.785111E-02
24.660000	-0.146076E-02
24.680000	-0.106291E-02
24.700000	-0.128367E-01
24.720000	-0.186323E-01
24.740000	-0.199776E-01
24.760000	-0.170451E-01
24.780000	-0.511817E-02
24.800000	0.809292E-02
24.820000	0.163305E-01
24.840000	0.379985E-02
24.860000	-0.873386E-02
24.880000	-0.871850E-02
24.900000	-0.135624E-01
24.920000	-0.204137E-01
24.940000	-0.218335E-01
24.960000	-0.155849E-01
24.980000	-0.899972E-02
25.000000	0.220606E-02
25.020000	0.235874E-01
25.040000	0.422259E-01
25.060000	0.384346E-01
25.080000	0.267516E-01
25.100000	0.173982E-01
25.120000	0.174218E-01
25.140000	0.371894E-01
25.160000	0.491174E-01
25.180000	0.444571E-01
25.200000	0.478303E-01
25.220000	0.483761E-01
25.240000	0.185452E-01
25.260000	0.346866E-02
25.280000	0.454993E-02
25.300000	-0.679035E-02
25.320000	-0.227270E-02
25.340000	0.484435E-03
25.360000	-0.121676E-01
25.380000	-0.281325E-01
25.400000	-0.218278E-01
25.420000	0.459942E-02
25.440000	0.675782E-02
25.460000	-0.860636E-02
25.480000	-0.246437E-01
25.500000	-0.318928E-01
25.520000	-0.334452E-01
25.540000	-0.356697E-01
25.560000	-0.328758E-01
25.580000	-0.311183E-01
25.600000	-0.220606E-01
25.620000	-0.375051E-02
25.640000	-0.802621E-03
25.660000	-0.214588E-02
25.680000	0.274205E-02
25.700000	0.230900E-03
25.720000	-0.662545E-02
25.740000	-0.182830E-02
25.760000	0.128935E-01
25.780000	0.200805E-01
25.800000	0.208078E-01
25.820000	0.209507E-01
25.840000	0.249635E-01
25.860000	0.337662E-01
25.880000	0.367671E-01
25.900000	0.273159E-01
25.920000	0.171098E-01
25.940000	0.170589E-01
25.960000	0.157127E-01
25.980000	0.244254E-02
26.000000	-0.766862E-02
26.020000	-0.921994E-02
26.040000	-0.237870E-02
26.060000	-0.217460E-02
26.080000	-0.109863E-01
26.100000	-0.551693E-02
26.120000	0.507179E-02
26.140000	0.123414E-01
26.160000	0.171855E-01
26.180000	0.130709E-01
26.200000	0.999065E-02
26.220000	0.181059E-01
26.240000	0.396647E-01
26.260000	0.529238E-01
26.280000	0.525353E-01
26.300000	0.417866E-01
26.320000	0.224465E-01
26.340000	0.931515E-02
26.360000	-0.703840E-02
26.380000	-0.184919E-01
26.400000	-0.118097E-01
26.420000	0.155646E-02
26.440000	0.472265E-02
26.460000	-0.268093E-03
26.480000	-0.174188E-02
26.500000	-0.104954E-01
26.520000	-0.299293E-01
26.540000	-0.341429E-01
26.560000	-0.244691E-01
26.580000	-0.248055E-01
26.600000	-0.439783E-01
26.620000	-0.677606E-01
26.640000	-0.819211E-01
26.660000	-0.795505E-01
26.680000	-0.659140E-01
26.700000	-0.665799E-01
26.720000	-0.783914E-01
26.740000	-0.792103E-01
26.760000	-0.612898E-01
26.780000	-0.381296E-01
26.800000	-0.284293E-01
26.820000	-0.369859E-01
26.840000	-0.450254E-01
26.860000	-0.478578E-01
26.880000	-0.341775E-01
26.900000	-0.229216E-01
26.920000	-0.234713E-01
26.940000	-0.295544E-01
26.960000	-0.371513E-01
26.980000	-0.340493E-01
27.000000	-0.307138E-01
27.020000	-0.248129E-01
27.040000	-0.763091E-02
27.060000	0.142135E-01
27.080000	0.312181E-01
27.100000	0.319363E-01
27.120000	0.969230E-02
27.140000	-0.145316E-01
27.160000	-0.111328E-01
27.180000	0.439687E-02
27.200000	0.103518E-01
27.220000	0.176021E-01
27.240000	0.215088E-01
27.260000	0.302483E-01
27.280000	0.337868E-01
27.300000	0.341878E-01
27.320000	0.334801E-01
27.340000	0.235597E-01
27.360000	0.108527E-01
27.380000	-0.551713E-02
27.400000	-0.652984E-02
27.420000	0.144894E-01
27.440000	0.327211E-01
27.460000	0.435067E-01
27.480000	0.457580E-01
27.500000	0.415017E-01
27.520000	0.375320E-01
27.540000	0.335898E-01
27.560000	0.449732E-01
27.580000	0.596929E-01
27.600000	0.561190E-01
27.620000	0.454571E-01
27.640000	0.462549E-01
27.660000	0.404951E-01
27.680000	0.394681E-01
27.700000	0.346396E-01
27.720000	0.176241E-01
27.740000	0.112687E-01
27.760000	0.124092E-01
27.780000	0.253756E-01
27.800000	0.413316E-01
27.820000	0.505036E-01
27.840000	0.481557E-01
27.860000	0.385118E-01
27.880000	0.304162E-01
27.900000	0.330296E-01
27.920000	0.260999E-01
27.940000	0.811539E-02
27.960000	-0.724463E-02
27.980000	-0.299415E-01
28.000000	-0.370824E-01
28.020000	-0.104510E-01
28.040000	0.126879E-01
28.060000	0.997073E-02
28.080000	-0.254042E-02
28.100000	-0.110124E-01
28.120000	-0.120414E-01
28.140000	-0.120361E-01
28.160000	-0.942985E-02
28.180000	-0.116951E-01
28.200000	-0.116766E-01
28.220000	-0.776689E-03
28.240000	0.116328E-01
28.260000	0.220400E-01
28.280000	0.244556E-01
28.300000	-0.137487E-03
28.320000	-0.320766E-01
28.340000	-0.370520E-01
28.360000	-0.348465E-01
28.380000	-0.341497E-01
28.400000	-0.361447E-01
28.420000	-0.424471E-01
28.440000	-0.468839E-01
28.460000	-0.503619E-01
28.480000	-0.501700E-01
28.500000	-0.501565E-01
28.520000	-0.455011E-01
28.540000	-0.306905E-01
28.560000	-0.231780E-01
28.580000	-0.212337E-01
28.600000	-0.191018E-01
28.620000	-0.193362E-01
28.640000	-0.100846E-01
28.660000	-0.673270E-02
28.680000	-0.159309E-01
28.700000	-0.180696E-01
28.720000	-0.111202E-01
28.740000	0.298659E-02
28.760000	0.214294E-01
28.780000	0.322875E-01
28.800000	0.292858E-01
28.820000	0.167716E-01
28.840000	-0.606975E-03
28.860000	-0.715315E-02
28.880000	0.449095E-03
28.900000	0.116101E-01
28.920000	0.139971E-01
28.940000	-0.113849E-02
28.960000	-0.141841E-01
28.980000	-0.300021E-01
29.000000	-0.419757E-01
29.020000	-0.174486E-01
29.040000	0.148079E-02
29.060000	-0.104148E-02
29.080000	-0.190555E-01
29.100000	-0.210800E-01
29.120000	0.144891E-02
29.140000	0.334631E-02
29.160000	-0.862729E-02
29.180000	-0.357489E-01
29.200000	-0.421053E-01
29.220000	-0.957633E-02
29.240000	0.286841E-01
29.260000	0.392198E-01
29.280000	0.271585E-01
29.300000	0.222342E-01
29.320000	0.384942E-01
29.340000	0.635884E-01
29.360000	0.674483E-01
29.380000	0.495577E-01
29.400000	0.151247E-01
29.420000	-0.366799E-01
29.440000	-0.920300E-01
29.460000	-0.112132E+00
29.480000	-0.882831E-01
29.500000	-0.347839E-01
29.520000	0.539808E-01
29.540000	0.108733E+00
29.560000	0.109670E+00
29.580000	0.845783E-01
29.600000	0.647385E-01
29.620000	0.541521E-01
29.640000	0.147517E-01
29.660000	-0.404872E-01
29.680000	-0.334184E-01
29.700000	0.206520E-01
29.720000	0.291223E-01
29.740000	0.124200E-01
29.760000	-0.160776E-01
29.780000	-0.271943E-01
29.800000	-0.251092E-01
29.820000	-0.598907E-04
29.840000	0.553909E-02
29.860000	-0.199668E-01
29.880000	-0.184703E-01
29.900000	-0.292790E-01
29.920000	-0.501378E-01
29.940000	-0.419286E-01
29.960000	-0.489916E-03
29.980000	0.211935E-01
30.000000	0.176186E-01
30.020000	0.182797E-01
30.040000	0.517701E-02
30.060000	0.153497E-01
30.080000	0.515385E-01
30.100000	0.686665E-01
30.120000	0.276148E-01
30.140000	-0.482496E-01
30.160000	-0.698132E-01
30.180000	-0.488734E-01
30.200000	0.655996E-03
30.220000	0.344549E-01
30.240000	0.243459E-01
30.260000	-0.409657E-02
30.280000	0.366584E-02
30.300000	0.345159E-01
30.320000	0.576498E-01
30.340000	0.685640E-01
30.360000	0.582499E-01
30.380000	0.331704E-01
30.400000	0.179777E-01
30.420000	0.181778E-01
30.440000	0.138339E-01
30.460000	0.789258E-02
30.480000	-0.141372E-01
30.500000	-0.256426E-01
30.520000	-0.245010E-01
30.540000	-0.199954E-01
30.560000	-0.147554E-01
30.580000	-0.240304E-02
30.600000	-0.180919E-02
30.620000	-0.105861E-01
30.640000	-0.103319E-03
30.660000	0.119268E-01
30.680000	0.256195E-01
30.700000	0.303800E-01
30.720000	0.200262E-01
30.740000	-0.517572E-02
30.760000	-0.255265E-01
30.780000	-0.342351E-01
30.800000	-0.402865E-01
30.820000	-0.488829E-01
30.840000	-0.431696E-01
30.860000	-0.153122E-01
30.880000	0.164008E-01
30.900000	0.207921E-01
30.920000	0.488036E-02
30.940000	0.204702E-02
30.960000	-0.488163E-02
30.980000	0.829291E-02
31.000000	0.346265E-01
31.020000	0.372093E-01
31.040000	0.984702E-02
31.060000	-0.219441E-01
31.080000	-0.453906E-01
31.100000	-0.574621E-01
31.120000	-0.417141E-01
31.140000	-0.162996E-01
31.160000	-0.439801E-02
31.180000	-0.113103E-01
31.200000	-0.941291E-02
31.220000	0.330364E-02
31.240000	0.898435E-04
31.260000	-0.138952E-01
31.280000	-0.172558E-01
31.300000	-0.916294E-02
31.320000	-0.138221E-01
31.340000	-0.206814E-01
31.360000	-0.190094E-01
31.380000	-0.187388E-01
31.400000	-0.176523E-01
31.420000	-0.575993E-02
31.440000	0.150340E-01
31.460000	0.304546E-01
31.480000	0.313208E-01
31.500000	0.204611E-01
31.520000	0.877209E-02
31.540000	0.471883E-02
31.560000	0.114337E-01
31.580000	0.110933E-01
31.600000	0.963997E-02
31.620000	0.153032E-01
31.640000	0.143171E-01
31.660000	0.486907E-02
31.680000	0.539969E-02
31.700000	0.153480E-01
31.720000	0.177564E-01
31.740000	0.150465E-01
31.760000	0.122835E-01
31.780000	0.149062E-01
31.800000	0.272106E-01
31.820000	0.428434E-01
31.840000	0.431986E-01
31.860000	0.390433E-01
31.880000	0.301552E-01
31.900000	0.752268E-02
31.920000	-0.140980E-01
31.940000	-0.231503E-01
31.960000	-0.132214E-01
31.980000	0.437788E-02
32.000000	0.571124E-02
32.020000	-0.892452E-02
32.040000	-0.219324E-01
32.060000	-0.219056E-01
32.080000	-0.847608E-02
32.100000	-0.515984E-02
32.120000	-0.154524E-01
32.140000	-0.149208E-01
32.160000	-0.459513E-02
32.180000	-0.253093E-04
32.200000	-0.559429E-02
32.220000	-0.224944E-01
32.240000	-0.345527E-01
32.260000	-0.185476E-01
32.280000	0.794198E-02
32.300000	0.377448E-02
32.320000	-0.144150E-01
32.340000	-0.286162E-01
32.360000	-0.183130E-01
32.380000	-0.228149E-03
32.400000	-0.503927E-02
32.420000	-0.166507E-01
32.440000	-0.267812E-01
32.460000	-0.306304E-01
32.480000	-0.307189E-01
32.500000	-0.168651E-01
32.520000	0.221627E-02
32.540000	0.174828E-01
32.560000	0.143751E-01
32.580000	-0.313604E-02
32.600000	-0.201219E-01
32.620000	-0.168852E-01
32.640000	-0.586083E-02
32.660000	-0.201549E-01
32.680000	-0.390002E-01
32.700000	-0.403852E-01
32.720000	-0.190251E-01
32.740000	0.171168E-01
32.760000	0.297354E-01
32.780000	0.115572E-01
32.800000	0.107455E-01
32.820000	0.150358E-01
32.840000	0.188824E-01
32.860000	0.262134E-01
32.880000	0.271224E-01
32.900000	0.197949E-01
32.920000	0.187058E-01
32.940000	0.314591E-01
32.960000	0.351323E-01
32.980000	0.309383E-01
33.000000	0.302072E-01
33.020000	0.254919E-01
33.040000	0.663129E-02
33.060000	-0.552588E-02
33.080000	-0.159939E-01
33.100000	-0.233285E-01
33.120000	-0.153244E-01
33.140000	-0.896448E-02
33.160000	-0.526677E-02
33.180000	-0.757833E-04
33.200000	-0.327429E-02
33.220000	-0.564049E-02
33.240000	0.102574E-01
33.260000	0.326171E-01
33.280000	0.369482E-01
33.300000	0.246054E-01
33.320000	0.119484E-01
33.340000	-0.125436E-01
33.360000	-0.244621E-01
33.380000	-0.130777E-01
33.400000	-0.145969E-02
33.420000	0.186368E-02
33.440000	0.788820E-04
33.460000	-0.378059E-02
33.480000	0.461790E-03
33.500000	0.212153E-02
33.520000	-0.734284E-02
33.540000	-0.211514E-02
33.560000	0.122528E-01
33.580000	0.129904E-01
33.600000	-0.104354E-02
33.620000	0.237264E-02
33.640000	0.171659E-01
33.660000	0.145365E-01
33.680000	0.406849E-02
33.700000	0.496322E-02
33.720000	0.719722E-02
33.740000	-0.101069E-01
33.760000	-0.260534E-01
33.780000	-0.285175E-01
33.800000	-0.243567E-01
33.820000	-0.274216E-01
33.840000	-0.399123E-01
33.860000	-0.494950E-01
33.880000	-0.437624E-01
33.900000	-0.204277E-01
33.920000	-0.483451E-03
33.940000	0.413122E-02
33.960000	-0.416526E-02
33.980000	-0.380501E-02
34.000000	0.205406E-02
34.020000	0.722055E-02
34.040000	0.109764E-01
34.060000	-0.129300E-02
34.080000	-0.191785E-01
34.100000	-0.286266E-01
34.120000	-0.343394E-01
34.140000	-0.373258E-01
34.160000	-0.307374E-01
34.180000	-0.927541E-02
34.200000	0.967618E-03
34.220000	0.434706E-02
34.240000	0.129499E-01
34.260000	0.120607E-01
34.280000	0.992294E-02
34.300000	0.984764E-02
34.320000	0.863301E-02
34.340000	0.131997E-01
34.360000	0.196545E-01
34.380000	0.106226E-01
34.400000	-0.351956E-02
34.420000	0.120832E-02
34.440000	0.104742E-01
34.460000	0.693394E-02
34.480000	0.134962E-02
34.500000	-0.238544E-02
34.520000	-0.716600E-02
34.540000	-0.109674E-01
34.560000	-0.777969E-02
34.580000	-0.351388E-02
34.600000	-0.392782E-02
34.620000	0.374785E-02
34.640000	0.186237E-01
34.660000	0.250152E-01
34.680000	0.140606E-01
34.700000	0.871085E-02
34.720000	0.990748E-02
34.740000	0.979851E-02
34.760000	0.845840E-02
34.780000	0.987739E-02
34.800000	0.168799E-01
34.820000	0.157284E-01
34.840000	0.162906E-01
34.860000	0.176270E-01
34.880000	0.155311E-01
34.900000	0.131475E-01
34.920000	0.184935E-01
34.940000	0.280816E-01
34.960000	0.351035E-01
34.980000	0.312572E-01
35.000000	0.272049E-01
35.020000	0.281853E-01
35.040000	0.236138E-01
35.060000	0.161506E-01
35.080000	0.137977E-01
35.100000	0.154849E-01
35.120000	0.741685E-02
35.140000	-0.591949E-02
35.160000	-0.105624E-01
35.180000	-0.891492E-02
35.200000	-0.105009E-01
35.220000	-0.637583E-02
35.240000	-0.336464E-02
35.260000	-0.766175E-02
35.280000	-0.320522E-02
35.300000	0.655327E-02
35.320000	0.715522E-02
35.340000	0.312534E-02
35.360000	0.194943E-02
35.380000	-0.161226E-02
35.400000	-0.272188E-02
35.420000	0.233135E-02
35.440000	0.213157E-02
35.460000	-0.100318E-01
35.480000	-0.174766E-01
35.500000	-0.930425E-02
35.520000	-0.248847E-02
35.540000	-0.117671E-04
35.560000	0.302593E-02
35.580000	-0.415412E-03
35.600000	-0.288368E-02
35.620000	0.519180E-03
35.640000	0.188815E-02
35.660000	-0.493245E-02
35.680000	-0.873488E-02
35.700000	-0.185077E-02
35.720000	0.664698E-02
35.740000	0.411547E-02
35.760000	-0.421360E-03
35.780000	0.928481E-04
35.800000	0.131086E-02
35.820000	0.188524E-02
35.840000	0.284722E-02
35.860000	0.915707E-02
35.880000	0.124579E-01
35.900000	0.599225E-02
35.920000	-0.356808E-02
35.940000	-0.770815E-02
35.960000	-0.879025E-02
35.980000	-0.117532E-01
36.000000	-0.173631E-01
36.020000	-0.223549E-01
36.040000	-0.224914E-01
36.060000	-0.215509E-01
36.080000	-0.259929E-01
36.100000	-0.244332E-01
36.120000	-0.195156E-01
36.140000	-0.105681E-01
36.160000	-0.548636E-02
36.180000	-0.637671E-02
36.200000	-0.116949E-01
36.220000	-0.112776E-01
36.240000	0.439481E-02
36.260000	0.125100E-01
36.280000	0.100397E-01
36.300000	0.747551E-02
36.320000	0.285705E-02
36.340000	-0.412475E-02
36.360000	-0.634519E-02
36.380000	-0.968968E-02
36.400000	-0.859920E-02
36.420000	-0.660807E-02
36.440000	-0.134440E-01
36.460000	-0.238479E-01
36.480000	-0.267722E-01
36.500000	-0.204012E-01
36.520000	-0.213599E-01
36.540000	-0.238139E-01
36.560000	-0.224582E-01
36.580000	-0.260241E-01
36.600000	-0.268339E-01
36.620000	-0.231587E-01
36.640000	-0.221203E-01
36.660000	-0.238155E-01
36.680000	-0.245355E-01
36.700000	-0.204309E-01
36.720000	-0.167344E-01
36.740000	-0.160397E-01
36.760000	-0.140261E-01
36.780000	-0.157162E-01
36.800000	-0.194320E-01
36.820000	-0.164260E-01
36.840000	-0.852806E-02
36.860000	0.111815E-02
36.880000	0.969437E-02
36.900000	0.145323E-01
36.920000	0.166448E-01
36.940000	0.186848E-01
36.960000	0.194346E-01
36.980000	0.199600E-01
37.000000	0.219021E-01
37.020000	0.170908E-01
37.040000	0.101559E-01
37.060000	0.527117E-02
37.080000	0.339034E-02
37.100000	0.759075E-02
37.120000	0.120523E-01
37.140000	0.901783E-02
37.160000	0.738179E-02
37.180000	0.844162E-02
37.200000	0.107785E-01
37.220000	0.232460E-01
37.240000	0.227350E-01
37.260000	0.789098E-02
37.280000	0.963624E-02
37.300000	0.188989E-01
37.320000	0.197058E-01
37.340000	0.203290E-01
37.360000	0.207891E-01
37.380000	0.172466E-01
37.400000	0.165041E-01
37.420000	0.193856E-01
37.440000	0.164338E-01
37.460000	0.729358E-02
37.480000	0.226399E-02
37.500000	0.549333E-02
37.520000	0.464573E-02
37.540000	0.592687E-02
37.560000	0.970803E-02
37.580000	0.427450E-02
37.600000	-0.683328E-02
37.620000	-0.101075E-01
37.640000	-0.142624E-02
37.660000	0.400731E-02
37.680000	0.409810E-02
37.700000	0.584537E-02
37.720000	0.882888E-02
37.740000	0.443166E-02
37.760000	0.201324E-02
37.780000	0.530376E-02
37.800000	0.913284E-02
37.820000	0.698880E-02
37.840000	0.838194E-03
37.860000	-0.257269E-02
37.880000	-0.844892E-02
37.900000	-0.107082E-01
37.920000	-0.132460E-01
37.940000	-0.167242E-01
37.960000	-0.141467E-01
37.980000	-0.142569E-01
38.000000	-0.160358E-01
38.020000	-0.143834E-01
38.040000	-0.126739E-01
38.060000	-0.111092E-01
38.080000	-0.784014E-02
38.100000	0.147345E-02
38.120000	0.462420E-02
38.140000	-0.790437E-04
38.160000	-0.462594E-03
38.180000	0.744237E-02
38.200000	0.844194E-02
38.220000	0.158546E-02
38.240000	-0.582385E-02
38.260000	-0.968969E-02
38.280000	-0.324639E-02
38.300000	0.165160E-02
38.320000	-0.110754E-02
38.340000	-0.235607E-02
38.360000	0.657984E-03
38.380000	0.228789E-02
38.400000	0.487966E-02
38.420000	0.235817E-02
38.440000	-0.379566E-03
38.460000	-0.472443E-03
38.480000	-0.111422E-03
38.500000	0.148074E-02
38.520000	-0.870426E-03
38.540000	0.814550E-03
38.560000	0.535042E-02
38.580000	0.224649E-02
38.600000	0.219339E-02
38.620000	0.738715E-02
38.640000	0.245334E-02
38.660000	-0.595357E-02
38.680000	-0.712053E-02
38.700000	-0.104957E-02
38.720000	0.114335E-02
38.740000	0.182029E-04
38.760000	0.175008E-02
38.780000	0.423369E-02
38.800000	0.886950E-02
38.820000	0.724455E-02
38.840000	0.884790E-02
38.860000	0.963320E-02
38.880000	0.113885E-01
38.900000	0.151165E-01
38.920000	0.127623E-01
38.940000	0.128264E-01
38.960000	0.147123E-01
38.980000	0.136014E-01
39.000000	0.477626E-02
39.020000	0.280143E-02
39.040000	0.846130E-02
39.060000	0.144170E-01
39.080000	0.182582E-01
39.100000	0.172136E-01
39.120000	0.150184E-01
39.140000	0.127202E-01
39.160000	0.107790E-01
39.180000	0.975178E-02
39.200000	0.307676E-02
39.220000	-0.690305E-02
39.240000	-0.129579E-01
39.260000	-0.101857E-01
39.280000	-0.846915E-02
39.300000	-0.969737E-02
39.320000	-0.349897E-02
39.340000	-0.385058E-03
39.360000	-0.173874E-02
39.380000	-0.747537E-02
39.400000	-0.104345E-01
39.420000	-0.557644E-02
39.440000	-0.584689E-02
39.460000	-0.960677E-02
39.480000	-0.106637E-01
39.500000	-0.104292E-01
39.520000	-0.108608E-01
39.540000	-0.954418E-02
39.560000	-0.111896E-01
39.580000	-0.189591E-01
39.600000	-0.189736E-01
39.620000	-0.163026E-01
39.640000	-0.173940E-01
39.660000	-0.181449E-01
39.680000	-0.142037E-01
39.700000	-0.139542E-01
39.720000	-0.174655E-01
39.740000	-0.166690E-01
39.760000	-0.936836E-02
39.780000	-0.133153E-03
39.800000	0.338324E-02
39.820000	0.260423E-02
39.840000	0.276869E-02
39.860000	0.659151E-02
39.880000	0.127844E-02
39.900000	-0.765850E-02
39.920000	-0.105646E-01
39.940000	-0.107299E-01
39.960000	-0.979252E-02
39.980000	-0.828677E-02
40.000000	-0.657857E-02
40.020000	-0.491745E-02
40.040000	-0.286782E-02
40.060000	0.142381E-02
40.080000	0.117985E-02
40.100000	-0.192904E-02
40.120000	0.269248E-02
40.140000	0.748400E-02
40.160000	0.634580E-02
40.180000	0.251048E-02
40.200000	-0.181504E-02
40.220000	-0.476710E-04
40.240000	0.522585E-02
40.260000	0.921498E-02
40.280000	0.997423E-02
40.300000	0.827678E-02
40.320000	0.780480E-02
40.340000	0.968567E-02
40.360000	0.126515E-01
40.380000	0.101367E-01
40.400000	0.807366E-02
40.420000	0.751401E-02
40.440000	0.130490E-01
40.460000	0.199886E-01
40.480000	0.183508E-01
40.500000	0.132925E-01
40.520000	0.114935E-01
40.540000	0.127037E-01
40.560000	0.104218E-01
40.580000	0.981557E-02
40.600000	0.105935E-01
40.620000	0.957038E-02
40.640000	0.406376E-02
40.660000	0.269972E-02
40.680000	0.904643E-02
40.700000	0.128663E-01
40.720000	0.139457E-01
40.740000	0.904363E-02
40.760000	0.343866E-02
40.780000	0.240371E-02
40.800000	0.756059E-03
40.820000	-0.675253E-03
40.840000	-0.216794E-02
40.860000	-0.184790E-02
40.880000	-0.367375E-02
40.900000	-0.634376E-02
40.920000	-0.343789E-02
40.940000	-0.199254E-02
40.960000	-0.403069E-02
40.980000	-0.886613E-02
41.000000	-0.113914E-01
41.020000	-0.909191E-02
41.040000	-0.582080E-02
41.060000	-0.256786E-02
41.080000	-0.297576E-02
41.100000	-0.349865E-02
41.120000	-0.185630E-02
41.140000	-0.479688E-02
41.160000	-0.688239E-02
41.180000	-0.684493E-02
41.200000	-0.540530E-02
41.220000	-0.319279E-02
41.240000	-0.279471E-02
41.260000	-0.231105E-02
41.280000	-0.332563E-02
41.300000	-0.509867E-02
41.320000	-0.847354E-02
41.340000	-0.884847E-02
41.360000	-0.863509E-02
41.380000	-0.918073E-02
41.400000	-0.926058E-02
41.420000	-0.108283E-01
41.440000	-0.110112E-01
41.460000	-0.115890E-01
41.480000	-0.114131E-01
41.500000	-0.968302E-02
41.520000	-0.741580E-02
41.540000	-0.498242E-02
41.560000	-0.116811E-02
41.580000	0.288838E-02
41.600000	0.451522E-02
41.620000	0.306718E-02
41.640000	-0.112865E-02
41.660000	-0.790572E-03
41.680000	0.277161E-02
41.700000	0.291355E-02
41.720000	0.191926E-02
41.740000	0.378638E-02
41.760000	0.673910E-02
41.780000	0.573534E-02
41.800000	0.411847E-02
41.820000	0.155472E-02
41.840000	0.586380E-03
41.860000	0.326666E-02
41.880000	0.609201E-02
41.900000	0.747426E-02
41.920000	0.611060E-02
41.940000	0.367603E-02
41.960000	0.175591E-02
41.980000	0.275534E-02
42.000000	0.485374E-02
42.020000	0.353877E-02
42.040000	0.243073E-02
42.060000	0.315032E-02
42.080000	0.280065E-02
42.100000	0.120896E-02
42.120000	0.615870E-04
42.140000	-0.163895E-02
42.160000	-0.365692E-02
42.180000	-0.305641E-02
42.200000	-0.254140E-02
42.220000	-0.179825E-02
42.240000	-0.613211E-03
42.260000	-0.483514E-03
42.280000	-0.174958E-02
42.300000	-0.197543E-02
42.320000	-0.303368E-03
42.340000	0.214574E-02
42.360000	0.241157E-02
42.380000	-0.311655E-03
42.400000	-0.820163E-03
42.420000	-0.120579E-02
42.440000	-0.124718E-02
42.460000	-0.735953E-03
42.480000	-0.701138E-03
42.500000	-0.130030E-02
42.520000	-0.171842E-02
42.540000	-0.509215E-03
42.560000	0.783921E-03
42.580000	0.140876E-02
42.600000	0.782619E-03
42.620000	-0.344318E-03
42.640000	-0.554075E-03
42.660000	-0.369621E-03
42.680000	-0.122017E-03
42.700000	0.265001E-03
42.720000	-0.542425E-03
42.740000	-0.145189E-02
42.760000	-0.122151E-02
42.780000	-0.508879E-03
42.800000	-0.246227E-03
42.820000	-0.297833E-03
42.840000	-0.940813E-04
42.860000	0.418450E-03
42.880000	0.334993E-03
42.900000	0.774328E-04
42.920000	0.413771E-03
42.940000	0.906716E-03
42.960000	0.144882E-02
42.980000	0.173507E-02
43.000000	0.168211E-02
43.020000	0.145248E-02
43.040000	0.155966E-02
43.060000	0.145585E-02
43.080000	0.983449E-03
43.100000	0.997663E-03
43.120000	0.105367E-02
43.140000	0.984424E-03
43.160000	0.663561E-03
43.180000	0.337866E-03
43.200000	0.525409E-03
43.220000	0.773089E-03
43.240000	0.817952E-03
43.260000	0.511348E-03
43.280000	0.607234E-04
43.300000	0.593422E-04
43.320000	0.217923E-03
43.340000	0.200914E-03
43.360000	0.451811E-04
43.380000	-0.159118E-03
43.400000	-0.170500E-03
43.420000	-0.469539E-04
43.440000	0.139345E-03
43.460000	0.154178E-03
43.480000	-0.530223E-04
43.500000	-0.806213E-04
43.520000	-0.259515E-04
43.540000	-0.673579E-04
43.560000	-0.100619E-03
43.580000	-0.108572E-03
43.600000	-0.864712E-04
43.620000	-0.999688E-05
43.640000	0.136585E-04
43.660000	-0.316086E-04
43.680000	-0.816824E-04
43.700000	-0.123066E-03
43.720000	-0.159566E-03
43.740000	-0.200670E-03
43.760000	-0.205023E-03
43.780000	-0.203486E-03
43.800000	-0.233102E-03
43.820000	-0.257724E-03
43.840000	-0.266114E-03
43.860000	-0.252966E-03
43.880000	-0.230247E-03
43.900000	-0.204929E-03
43.920000	-0.170654E-03
43.940000	-0.135062E-03
43.960000	-0.992804E-04
43.980000	-0.632749E-04
44.000000	-0.286977E-04
