0.000000	0.000000
0.020000	-0.335575E-03
0.040000	0.295665E-03
0.060000	0.958525E-03
0.080000	-0.275813E-03
0.100000	-0.169579E-02
0.120000	0.155889E-02
0.140000	0.330601E-02
0.160000	0.206862E-02
0.180000	0.677203E-03
0.200000	0.193983E-02
0.220000	0.392971E-02
0.240000	0.184572E-02
0.260000	0.218423E-02
0.280000	0.350296E-02
0.300000	0.266948E-02
0.320000	0.804794E-03
0.340000	0.525184E-03
0.360000	0.258342E-02
0.380000	0.419387E-02
0.400000	0.189466E-02
0.420000	-0.212427E-02
0.440000	-0.171130E-02
0.460000	0.207992E-02
0.480000	0.215935E-02
0.500000	0.232141E-02
0.520000	0.157056E-02
0.540000	-0.157438E-03
0.560000	-0.477841E-03
0.580000	0.371697E-03
0.600000	0.223410E-02
0.620000	0.301075E-03
0.640000	-0.152791E-02
0.660000	-0.877840E-04
0.680000	0.167772E-02
0.700000	0.282306E-02
0.720000	0.307590E-02
0.740000	-0.100116E-02
0.760000	-0.175097E-02
0.780000	-0.863686E-03
0.800000	-0.855407E-04
0.820000	0.193497E-02
0.840000	-0.892588E-03
0.860000	-0.342842E-02
0.880000	0.177167E-03
0.900000	0.349512E-02
0.920000	0.232710E-02
0.940000	-0.160205E-02
0.960000	-0.305362E-02
0.980000	0.230536E-02
1.000000	0.449111E-02
1.020000	0.113826E-02
1.040000	0.916813E-03
1.060000	0.237633E-02
1.080000	-0.463460E-03
1.100000	-0.228733E-02
1.120000	-0.184781E-02
1.140000	0.593967E-03
1.160000	0.408022E-02
1.180000	0.193710E-02
1.200000	-0.104752E-02
1.220000	0.102298E-02
1.240000	0.116976E-02
1.260000	0.510736E-03
1.280000	-0.276803E-03
1.300000	0.326250E-02
1.320000	0.368774E-02
1.340000	-0.218858E-02
1.360000	-0.159912E-02
1.380000	-0.131871E-02
1.400000	0.234707E-02
1.420000	0.266930E-02
1.440000	-0.142916E-02
1.460000	0.395528E-03
1.480000	0.327489E-02
1.500000	0.328908E-02
1.520000	-0.171411E-02
1.540000	-0.293718E-02
1.560000	-0.212127E-02
1.580000	-0.176437E-02
1.600000	-0.234687E-02
1.620000	0.324264E-02
1.640000	0.295083E-02
1.660000	0.113004E-02
1.680000	-0.736488E-04
1.700000	-0.352746E-02
1.720000	0.102370E-02
1.740000	0.437112E-03
1.760000	-0.115417E-02
1.780000	-0.251392E-02
1.800000	0.206070E-02
1.820000	0.304797E-02
1.840000	0.658219E-02
1.860000	0.466961E-02
1.880000	-0.118017E-02
1.900000	-0.105989E-02
1.920000	0.424125E-03
1.940000	-0.571475E-03
1.960000	-0.746994E-03
1.980000	-0.901934E-04
2.000000	0.737968E-03
2.020000	0.442723E-02
2.040000	0.427313E-02
2.060000	0.217696E-02
2.080000	-0.221932E-02
2.100000	-0.190218E-02
2.120000	-0.862871E-03
2.140000	-0.693625E-03
2.160000	-0.164842E-02
2.180000	-0.174029E-02
2.200000	-0.440766E-02
2.220000	-0.259418E-02
2.240000	0.182541E-02
2.260000	0.842984E-02
2.280000	0.423859E-02
2.300000	-0.514242E-02
2.320000	0.305831E-02
2.340000	0.693118E-02
2.360000	0.434541E-02
2.380000	0.229644E-03
2.400000	-0.663196E-02
2.420000	-0.899231E-02
2.440000	0.221538E-02
2.460000	0.833328E-02
2.480000	0.568937E-02
2.500000	-0.458232E-03
2.520000	-0.176178E-01
2.540000	-0.153881E-01
2.560000	0.637966E-02
2.580000	0.110308E-01
2.600000	0.359595E-02
2.620000	-0.740481E-02
2.640000	-0.570963E-02
2.660000	-0.662730E-03
2.680000	0.449331E-02
2.700000	0.896391E-02
2.720000	-0.364049E-03
2.740000	-0.117055E-01
2.760000	-0.111649E-01
2.780000	0.751426E-02
2.800000	0.869638E-02
2.820000	0.260925E-03
2.840000	-0.359269E-02
2.860000	-0.283591E-02
2.880000	0.461699E-03
2.900000	0.796272E-02
2.920000	0.326353E-02
2.940000	-0.199548E-01
2.960000	-0.260095E-01
2.980000	-0.792297E-02
3.000000	0.125657E-01
3.020000	0.938531E-02
3.040000	-0.486516E-02
3.060000	-0.161525E-01
3.080000	-0.122256E-01
3.100000	0.714111E-02
3.120000	0.188292E-01
3.140000	0.979913E-02
3.160000	-0.438300E-02
3.180000	-0.199778E-01
3.200000	-0.125788E-01
3.220000	0.170736E-01
3.240000	0.154375E-01
3.260000	-0.837449E-02
3.280000	-0.174750E-01
3.300000	0.618763E-03
3.320000	0.128822E-01
3.340000	0.841454E-02
3.360000	-0.482967E-03
3.380000	-0.338593E-02
3.400000	-0.389801E-02
3.420000	-0.128133E-03
3.440000	0.158849E-02
3.460000	-0.183876E-02
3.480000	-0.250179E-02
3.500000	-0.136658E-02
3.520000	0.709225E-02
3.540000	0.193509E-02
3.560000	-0.455317E-02
3.580000	-0.280391E-02
3.600000	0.610881E-02
3.620000	0.758268E-02
3.640000	-0.172282E-02
3.660000	-0.262351E-02
3.680000	-0.128021E-02
3.700000	0.709293E-02
3.720000	0.752028E-02
3.740000	-0.303573E-02
3.760000	0.450407E-02
3.780000	0.952244E-02
3.800000	0.179795E-02
3.820000	-0.125627E-01
3.840000	-0.723014E-02
3.860000	0.324931E-02
3.880000	0.173458E-02
3.900000	0.627457E-02
3.920000	-0.864441E-03
3.940000	-0.230777E-02
3.960000	-0.269030E-02
3.980000	-0.842089E-03
4.000000	0.730666E-02
4.020000	0.598369E-02
4.040000	-0.277405E-02
4.060000	-0.592078E-02
4.080000	-0.258949E-02
4.100000	0.879508E-03
4.120000	-0.319848E-02
4.140000	0.257776E-02
4.160000	0.118026E-01
4.180000	0.652817E-02
4.200000	0.599366E-02
4.220000	0.311928E-02
4.240000	-0.738266E-02
4.260000	-0.880661E-02
4.280000	-0.178801E-02
4.300000	-0.356793E-02
4.320000	-0.151990E-01
4.340000	-0.797845E-02
4.360000	-0.178095E-02
4.380000	-0.651173E-02
4.400000	-0.732877E-02
4.420000	0.107703E-02
4.440000	0.283345E-02
4.460000	-0.281125E-02
4.480000	-0.121473E-01
4.500000	-0.177727E-01
4.520000	-0.323523E-03
4.540000	0.981040E-03
4.560000	-0.151390E-02
4.580000	-0.293273E-02
4.600000	-0.339908E-03
4.620000	0.466522E-02
4.640000	0.621921E-03
4.660000	-0.981269E-02
4.680000	-0.118435E-01
4.700000	-0.362030E-02
4.720000	0.396951E-02
4.740000	0.134293E-03
4.760000	-0.132126E-02
4.780000	0.433157E-02
4.800000	-0.315116E-02
4.820000	-0.909063E-02
4.840000	-0.168137E-02
4.860000	0.717936E-02
4.880000	0.178967E-02
4.900000	-0.540644E-02
4.920000	0.445185E-02
4.940000	0.102148E-01
4.960000	0.388778E-02
4.980000	-0.103504E-01
5.000000	-0.501299E-03
5.020000	0.165225E-01
5.040000	0.120518E-01
5.060000	0.107687E-01
5.080000	0.352053E-02
5.100000	-0.932739E-02
5.120000	-0.133523E-01
5.140000	0.622964E-02
5.160000	0.864193E-02
5.180000	-0.282389E-02
5.200000	-0.976678E-03
5.220000	0.461700E-02
5.240000	0.392237E-02
5.260000	0.308699E-02
5.280000	0.589301E-02
5.300000	-0.156931E-02
5.320000	-0.670705E-02
5.340000	-0.884396E-02
5.360000	-0.788210E-02
5.380000	0.183544E-02
5.400000	0.697420E-02
5.420000	0.396928E-02
5.440000	-0.749858E-02
5.460000	-0.657242E-02
5.480000	-0.689474E-02
5.500000	-0.908366E-02
5.520000	0.104903E-02
5.540000	0.206507E-03
5.560000	-0.186205E-02
5.580000	0.367349E-02
5.600000	0.403254E-02
5.620000	0.133464E-02
5.640000	-0.986802E-02
5.660000	-0.742103E-02
5.680000	0.371125E-02
5.700000	-0.131429E-02
5.720000	-0.175696E-02
5.740000	0.369087E-02
5.760000	0.864501E-02
5.780000	0.510664E-02
5.800000	0.677842E-02
5.820000	0.903467E-02
5.840000	0.100251E-01
5.860000	0.138236E-01
5.880000	0.675397E-02
5.900000	-0.675796E-02
5.920000	-0.510249E-02
5.940000	0.290962E-02
5.960000	-0.273199E-02
5.980000	-0.455166E-02
6.000000	0.625866E-03
6.020000	-0.708328E-02
6.040000	-0.180789E-01
6.060000	-0.115988E-01
6.080000	-0.556957E-02
6.100000	-0.623460E-02
6.120000	0.207739E-02
6.140000	0.704786E-02
6.160000	0.583713E-02
6.180000	0.331163E-02
6.200000	0.354114E-02
6.220000	-0.369527E-03
6.240000	-0.581529E-02
6.260000	-0.108316E-01
6.280000	-0.145138E-01
6.300000	-0.961577E-02
6.320000	-0.568978E-02
6.340000	0.260590E-02
6.360000	0.646457E-02
6.380000	0.128610E-01
6.400000	0.802215E-02
6.420000	-0.505526E-02
6.440000	-0.181368E-02
6.460000	0.458582E-02
6.480000	0.400239E-02
6.500000	-0.614353E-02
6.520000	-0.188303E-01
6.540000	-0.255765E-01
6.560000	-0.183602E-02
6.580000	0.174389E-01
6.600000	0.476852E-02
6.620000	-0.137057E-01
6.640000	-0.750408E-02
6.660000	0.565598E-02
6.680000	0.304582E-02
6.700000	0.507768E-02
6.720000	-0.625120E-03
6.740000	-0.329240E-02
6.760000	-0.428586E-02
6.780000	-0.860248E-02
6.800000	-0.142267E-01
6.820000	-0.146633E-03
6.840000	0.157821E-02
6.860000	-0.102089E-01
6.880000	-0.918989E-02
6.900000	-0.531080E-02
6.920000	0.688638E-02
6.940000	0.262178E-02
6.960000	-0.113797E-01
6.980000	-0.110360E-01
7.000000	0.839917E-03
7.020000	-0.480576E-02
7.040000	-0.941001E-02
7.060000	-0.208741E-02
7.080000	0.878684E-02
7.100000	0.186125E-01
7.120000	0.488539E-02
7.140000	-0.166723E-01
7.160000	-0.925278E-02
7.180000	0.208954E-01
7.200000	0.165472E-01
7.220000	-0.112794E-01
7.240000	-0.178941E-01
7.260000	0.252788E-04
7.280000	0.146337E-01
7.300000	0.273195E-03
7.320000	-0.101308E-01
7.340000	-0.106254E-01
7.360000	-0.773984E-02
7.380000	-0.803255E-02
7.400000	0.684928E-02
7.420000	0.220065E-01
7.440000	-0.571604E-02
7.460000	-0.294728E-01
7.480000	-0.131701E-01
7.500000	0.154276E-01
7.520000	0.302809E-01
7.540000	0.168751E-01
7.560000	0.144047E-03
7.580000	-0.171844E-02
7.600000	0.168431E-02
7.620000	0.943532E-02
7.640000	0.133655E-02
7.660000	0.833481E-02
7.680000	0.836544E-02
7.700000	-0.106646E-03
7.720000	0.213667E-03
7.740000	-0.322676E-02
7.760000	-0.298907E-02
7.780000	-0.193141E-01
7.800000	0.153776E-02
7.820000	0.174365E-01
7.840000	0.292503E-02
7.860000	-0.593363E-02
7.880000	-0.222159E-01
7.900000	-0.357818E-01
7.920000	-0.244210E-01
7.940000	-0.480435E-02
7.960000	0.897589E-02
7.980000	-0.429020E-02
8.000000	-0.959008E-02
8.020000	0.620466E-02
8.040000	0.149389E-01
8.060000	0.233754E-01
8.080000	0.382001E-02
8.100000	-0.126703E-01
8.120000	-0.927672E-02
8.140000	-0.647678E-02
8.160000	-0.354016E-02
8.180000	0.104696E-01
8.200000	0.105584E-01
8.220000	0.641720E-02
8.240000	0.111347E-01
8.260000	0.368674E-02
8.280000	-0.103219E-01
8.300000	-0.240082E-01
8.320000	-0.128586E-01
8.340000	-0.598126E-03
8.360000	-0.115488E-01
8.380000	0.163895E-03
8.400000	0.229283E-01
8.420000	0.238076E-01
8.440000	0.162466E-02
8.460000	-0.898432E-02
8.480000	0.568740E-02
8.500000	0.110690E-01
8.520000	0.539270E-02
8.540000	-0.200123E-02
8.560000	-0.637291E-02
8.580000	-0.748977E-02
8.600000	-0.145542E-01
8.620000	0.305508E-02
8.640000	0.708616E-02
8.660000	-0.139615E-01
8.680000	-0.250295E-01
8.700000	-0.149426E-01
8.720000	0.175071E-02
8.740000	-0.111492E-01
8.760000	-0.151669E-01
8.780000	-0.205260E-01
8.800000	-0.786771E-02
8.820000	0.201048E-01
8.840000	0.307781E-01
8.860000	0.187340E-01
8.880000	0.821851E-03
8.900000	-0.948214E-02
8.920000	-0.110101E-01
8.940000	0.241829E-02
8.960000	-0.103131E-02
8.980000	-0.157529E-01
9.000000	-0.292943E-02
9.020000	0.170544E-01
9.040000	0.711460E-02
9.060000	-0.267735E-02
9.080000	0.211975E-02
9.100000	0.125075E-01
9.120000	0.131420E-01
9.140000	0.356727E-02
9.160000	-0.285664E-02
9.180000	-0.695699E-02
9.200000	-0.722724E-02
9.220000	-0.648769E-02
9.240000	-0.604497E-02
9.260000	-0.355816E-02
9.280000	-0.119201E-01
9.300000	-0.679146E-02
9.320000	0.254873E-02
9.340000	-0.563243E-03
9.360000	0.154311E-02
9.380000	-0.685544E-03
9.400000	-0.632915E-02
9.420000	0.476952E-02
9.440000	0.907600E-02
9.460000	-0.497853E-02
9.480000	-0.122429E-01
9.500000	-0.869429E-02
9.520000	-0.269358E-02
9.540000	-0.134688E-01
9.560000	-0.845851E-02
9.580000	-0.116347E-01
9.600000	-0.614811E-02
9.620000	0.124465E-01
9.640000	0.618670E-03
9.660000	-0.140479E-01
9.680000	0.766391E-02
9.700000	0.332976E-01
9.720000	0.238749E-01
9.740000	0.651568E-03
9.760000	-0.409138E-02
9.780000	0.809155E-02
9.800000	0.781722E-02
9.820000	0.898620E-02
9.840000	0.116413E-01
9.860000	-0.826098E-03
9.880000	-0.263756E-02
9.900000	0.775408E-03
9.920000	-0.841780E-02
9.940000	-0.169001E-01
9.960000	-0.144449E-01
9.980000	-0.108850E-01
10.000000	-0.218989E-01
10.020000	-0.122690E-01
10.040000	0.191614E-02
10.060000	-0.837968E-02
10.080000	-0.914463E-02
10.100000	0.247424E-02
10.120000	0.860246E-02
10.140000	0.122582E-01
10.160000	0.131538E-01
10.180000	0.473886E-02
10.200000	-0.833136E-02
10.220000	-0.151327E-01
10.240000	-0.164311E-02
10.260000	0.205797E-01
10.280000	0.339213E-01
10.300000	0.190059E-01
10.320000	-0.160963E-01
10.340000	-0.243052E-01
10.360000	-0.272296E-02
10.380000	0.697627E-02
10.400000	-0.757601E-02
10.420000	-0.749843E-02
10.440000	0.580956E-02
10.460000	0.475698E-02
10.480000	0.672971E-02
10.500000	0.197409E-01
10.520000	0.313965E-01
10.540000	0.247298E-01
10.560000	-0.745928E-02
10.580000	-0.328001E-01
10.600000	-0.312456E-01
10.620000	-0.191667E-01
10.640000	-0.201021E-02
10.660000	0.474837E-02
10.680000	-0.610948E-02
10.700000	0.127208E-01
10.720000	0.354424E-01
10.740000	0.368347E-01
10.760000	0.541267E-02
10.780000	0.590171E-03
10.800000	0.525969E-03
10.820000	-0.956279E-02
10.840000	-0.950358E-02
10.860000	-0.196525E-01
10.880000	-0.237447E-01
10.900000	-0.272596E-01
10.920000	-0.275533E-01
10.940000	-0.126010E-01
10.960000	0.173911E-01
10.980000	0.208663E-01
11.000000	0.501149E-02
11.020000	-0.105383E-01
11.040000	0.524009E-02
11.060000	0.108267E-01
11.080000	0.166214E-01
11.100000	0.692836E-02
11.120000	0.188920E-01
11.140000	0.334862E-01
11.160000	0.327590E-01
11.180000	0.823216E-02
11.200000	-0.233113E-01
11.220000	-0.180776E-01
11.240000	-0.150155E-01
11.260000	-0.288968E-02
11.280000	-0.108538E-01
11.300000	0.655972E-02
11.320000	0.118189E-01
11.340000	-0.136994E-01
11.360000	-0.176080E-01
11.380000	-0.140522E-01
11.400000	-0.514550E-02
11.420000	0.480568E-02
11.440000	-0.117876E-01
11.460000	-0.196895E-01
11.480000	-0.754159E-03
11.500000	0.139227E-01
11.520000	-0.700970E-02
11.540000	0.939222E-03
11.560000	0.145155E-01
11.580000	-0.105408E-01
11.600000	-0.223462E-01
11.620000	-0.325512E-01
11.640000	-0.993163E-02
11.660000	-0.499171E-02
11.680000	-0.268125E-01
11.700000	-0.269400E-01
11.720000	-0.103955E-01
11.740000	-0.146366E-01
11.760000	-0.316124E-01
11.780000	-0.392236E-01
11.800000	-0.199496E-01
11.820000	-0.486883E-02
11.840000	-0.428736E-02
11.860000	0.157843E-01
11.880000	0.357600E-01
11.900000	0.360079E-01
11.920000	0.477594E-01
11.940000	0.210140E-01
11.960000	-0.159997E-01
11.980000	0.728089E-02
12.000000	0.165201E-01
12.020000	0.282410E-01
12.040000	0.245384E-01
12.060000	0.238378E-01
12.080000	0.325435E-01
12.100000	0.445102E-01
12.120000	0.226415E-01
12.140000	0.518324E-02
12.160000	0.268440E-01
12.180000	0.282099E-01
12.200000	-0.154653E-02
12.220000	-0.232949E-01
12.240000	-0.184651E-01
12.260000	-0.230235E-01
12.280000	-0.349125E-01
12.300000	-0.601921E-01
12.320000	-0.510641E-01
12.340000	0.207898E-02
12.360000	0.501578E-01
12.380000	0.427934E-01
12.400000	0.294641E-01
12.420000	0.328628E-01
12.440000	0.211166E-01
12.460000	0.961435E-03
12.480000	-0.159399E-01
12.500000	-0.973212E-02
12.520000	-0.739626E-02
12.540000	0.502842E-02
12.560000	0.366281E-01
12.580000	0.295545E-01
12.600000	0.287131E-02
12.620000	-0.155284E-01
12.640000	-0.372339E-01
12.660000	-0.169410E-01
12.680000	0.253646E-01
12.700000	0.574528E-01
12.720000	0.610708E-01
12.740000	0.340735E-01
12.760000	0.151190E-01
12.780000	0.552693E-02
12.800000	0.346558E-02
12.820000	0.112860E-01
12.840000	0.177814E-01
12.860000	0.253121E-01
12.880000	0.502848E-01
12.900000	0.490589E-01
12.920000	0.295983E-01
12.940000	0.424871E-01
12.960000	0.572425E-01
12.980000	0.573844E-01
13.000000	0.645061E-01
13.020000	0.782149E-01
13.040000	0.819196E-01
13.060000	0.740902E-01
13.080000	0.640208E-01
13.100000	0.557680E-01
13.120000	0.332363E-01
13.140000	-0.856936E-02
13.160000	-0.358359E-01
13.180000	-0.308899E-01
13.200000	-0.125513E-01
13.220000	0.261825E-02
13.240000	0.114362E-01
13.260000	0.271667E-01
13.280000	0.464091E-01
13.300000	0.540214E-01
13.320000	0.452342E-01
13.340000	0.283920E-01
13.360000	0.116600E-01
13.380000	-0.128087E-01
13.400000	-0.371092E-01
13.420000	-0.408352E-01
13.440000	-0.386584E-01
13.460000	-0.278219E-01
13.480000	-0.146603E-02
13.500000	0.108220E-01
13.520000	-0.876401E-02
13.540000	-0.527504E-01
13.560000	-0.785961E-01
13.580000	-0.823007E-01
13.600000	-0.761399E-01
13.620000	-0.616476E-01
13.640000	-0.637508E-01
13.660000	-0.725564E-01
13.680000	-0.800034E-01
13.700000	-0.806724E-01
13.720000	-0.691780E-01
13.740000	-0.454303E-01
13.760000	-0.132380E-01
13.780000	0.428668E-02
13.800000	-0.114243E-01
13.820000	-0.288805E-01
13.840000	-0.957799E-02
13.860000	0.428542E-01
13.880000	0.103716E+00
13.900000	0.139602E+00
13.920000	0.141125E+00
13.940000	0.838390E-01
13.960000	0.218047E-01
13.980000	-0.568932E-02
14.000000	0.260742E-02
14.020000	0.436798E-01
14.040000	0.752713E-01
14.060000	0.111131E+00
14.080000	0.138348E+00
14.100000	0.146080E+00
14.120000	0.148780E+00
14.140000	0.121426E+00
14.160000	0.893069E-01
14.180000	0.499217E-01
14.200000	0.532736E-02
14.220000	-0.100168E-02
14.240000	0.360572E-02
14.260000	-0.185303E-01
14.280000	-0.670975E-01
14.300000	-0.106668E+00
14.320000	-0.118624E+00
14.340000	-0.110429E+00
14.360000	-0.506610E-01
14.380000	0.150373E-01
14.400000	0.108462E-01
14.420000	-0.274007E-01
14.440000	-0.486738E-01
14.460000	-0.995757E-02
14.480000	0.552093E-01
14.500000	0.856584E-01
14.520000	0.919427E-01
14.540000	0.793804E-01
14.560000	0.616325E-01
14.580000	0.546741E-01
14.600000	0.671987E-01
14.620000	0.104337E+00
14.640000	0.119691E+00
14.660000	0.824000E-01
14.680000	0.890800E-02
14.700000	-0.552306E-01
14.720000	-0.900992E-01
14.740000	-0.107566E+00
14.760000	-0.115391E+00
14.780000	-0.122934E+00
14.800000	-0.131431E+00
14.820000	-0.124917E+00
14.840000	-0.113734E+00
14.860000	-0.121531E+00
14.880000	-0.124840E+00
14.900000	-0.979088E-01
14.920000	-0.773170E-01
14.940000	-0.101010E+00
14.960000	-0.140535E+00
14.980000	-0.152735E+00
15.000000	-0.116211E+00
15.020000	-0.339453E-01
15.040000	0.514594E-01
15.060000	0.955051E-01
15.080000	0.801368E-01
15.100000	0.336432E-01
15.120000	0.688462E-02
15.140000	-0.311847E-02
15.160000	-0.962295E-02
15.180000	-0.230949E-02
15.200000	0.213689E-01
15.220000	0.684021E-01
15.240000	0.824109E-01
15.260000	0.454502E-01
15.280000	0.835389E-02
15.300000	-0.266147E-01
15.320000	-0.250184E-01
15.340000	0.151391E-01
15.360000	0.521631E-01
15.380000	0.716013E-01
15.400000	0.880315E-01
15.420000	0.104729E+00
15.440000	0.830765E-01
15.460000	0.231393E-01
15.480000	-0.137122E-01
15.500000	-0.105451E-01
15.520000	-0.115987E-01
15.540000	-0.237397E-01
15.560000	0.354131E-02
15.580000	0.745038E-01
15.600000	0.105222E+00
15.620000	0.839838E-01
15.640000	0.712420E-01
15.660000	0.696927E-01
15.680000	0.657147E-01
15.700000	0.686810E-01
15.720000	0.419519E-01
15.740000	0.147027E-01
15.760000	0.249139E-01
15.780000	0.446367E-01
15.800000	0.392022E-01
15.820000	0.295765E-01
15.840000	0.435914E-01
15.860000	0.687681E-01
15.880000	0.963112E-01
15.900000	0.997211E-01
15.920000	0.943397E-01
15.940000	0.673617E-01
15.960000	0.444098E-01
15.980000	0.387121E-01
16.000000	0.372576E-01
16.020000	0.219526E-01
16.040000	-0.157741E-01
16.060000	-0.150662E-01
16.080000	0.605707E-02
16.100000	0.194977E-01
16.120000	0.371070E-01
16.140000	0.369918E-01
16.160000	-0.435007E-03
16.180000	-0.642992E-01
16.200000	-0.120557E+00
16.220000	-0.154397E+00
16.240000	-0.180722E+00
16.260000	-0.203999E+00
16.280000	-0.222439E+00
16.300000	-0.230100E+00
16.320000	-0.241212E+00
16.340000	-0.244803E+00
16.360000	-0.225838E+00
16.380000	-0.199112E+00
16.400000	-0.181082E+00
16.420000	-0.169700E+00
16.440000	-0.149026E+00
16.460000	-0.119631E+00
16.480000	-0.943751E-01
16.500000	-0.736313E-01
16.520000	-0.509801E-01
16.540000	-0.486331E-01
16.560000	-0.527916E-01
16.580000	-0.583444E-01
16.600000	-0.668634E-01
16.620000	-0.736769E-01
16.640000	-0.745071E-01
16.660000	-0.582330E-01
16.680000	-0.361132E-01
16.700000	-0.159110E-01
16.720000	0.247960E-02
16.740000	0.211477E-01
16.760000	0.431522E-01
16.780000	0.665847E-01
16.800000	0.901396E-01
16.820000	0.111975E+00
16.840000	0.138976E+00
16.860000	0.157530E+00
16.880000	0.168674E+00
16.900000	0.168142E+00
16.920000	0.136579E+00
16.940000	0.886702E-01
16.960000	0.399877E-01
16.980000	0.261024E-01
17.000000	0.285791E-01
17.020000	0.143134E-01
17.040000	0.792415E-02
17.060000	0.126417E-01
17.080000	0.297471E-01
17.100000	0.575177E-01
17.120000	0.707023E-01
17.140000	0.788603E-01
17.160000	0.801914E-01
17.180000	0.600465E-01
17.200000	0.291150E-01
17.220000	0.539601E-02
17.240000	-0.995698E-02
17.260000	-0.216502E-01
17.280000	-0.464596E-01
17.300000	-0.704694E-01
17.320000	-0.782947E-01
17.340000	-0.811079E-01
17.360000	-0.897411E-01
17.380000	-0.112599E+00
17.400000	-0.125533E+00
17.420000	-0.133185E+00
17.440000	-0.121262E+00
17.460000	-0.984537E-01
17.480000	-0.929946E-01
17.500000	-0.987290E-01
17.520000	-0.111544E+00
17.540000	-0.112195E+00
17.560000	-0.106586E+00
17.580000	-0.102443E+00
17.600000	-0.983861E-01
17.620000	-0.853983E-01
17.640000	-0.673137E-01
17.660000	-0.381519E-01
17.680000	-0.473049E-02
17.700000	0.188203E-01
17.720000	0.264632E-01
17.740000	0.166448E-01
17.760000	-0.811500E-04
17.780000	-0.122232E-01
17.800000	-0.123527E-01
17.820000	-0.212491E-01
17.840000	-0.303831E-01
17.860000	-0.454403E-01
17.880000	-0.677181E-01
17.900000	-0.855313E-01
17.920000	-0.738706E-01
17.940000	-0.245067E-01
17.960000	0.113290E-01
17.980000	0.209844E-01
18.000000	0.147900E-01
18.020000	0.769080E-02
18.040000	0.179014E-02
18.060000	-0.103611E-01
18.080000	-0.332508E-01
18.100000	-0.649504E-01
18.120000	-0.705307E-01
18.140000	-0.634601E-01
18.160000	-0.703766E-01
18.180000	-0.806337E-01
18.200000	-0.797840E-01
18.220000	-0.697992E-01
18.240000	-0.746085E-01
18.260000	-0.824022E-01
18.280000	-0.889577E-01
18.300000	-0.863842E-01
18.320000	-0.536106E-01
18.340000	-0.458321E-02
18.360000	0.367319E-01
18.380000	0.532274E-01
18.400000	0.665823E-01
18.420000	0.949475E-01
18.440000	0.112939E+00
18.460000	0.127697E+00
18.480000	0.139218E+00
18.500000	0.145570E+00
18.520000	0.139968E+00
18.540000	0.115594E+00
18.560000	0.900742E-01
18.580000	0.697406E-01
18.600000	0.590704E-01
18.620000	0.428994E-01
18.640000	0.175810E-01
18.660000	-0.837290E-02
18.680000	-0.302590E-01
18.700000	-0.440524E-01
18.720000	-0.535098E-01
18.740000	-0.565769E-01
18.760000	-0.485597E-01
18.780000	-0.348845E-01
18.800000	-0.237726E-01
18.820000	-0.109807E-01
18.840000	0.145907E-01
18.860000	0.463749E-01
18.880000	0.741302E-01
18.900000	0.800136E-01
18.920000	0.633632E-01
18.940000	0.364536E-01
18.960000	0.120134E-01
18.980000	-0.116802E-01
19.000000	-0.207041E-01
19.020000	-0.630164E-02
19.040000	0.127291E-02
19.060000	-0.103285E-01
19.080000	-0.273605E-01
19.100000	-0.355470E-01
19.120000	-0.407856E-01
19.140000	-0.432010E-01
19.160000	-0.403847E-01
19.180000	-0.361966E-01
19.200000	-0.208343E-01
19.220000	-0.332800E-02
19.240000	0.149545E-01
19.260000	0.379158E-01
19.280000	0.517021E-01
19.300000	0.592971E-01
19.320000	0.559566E-01
19.340000	0.493429E-01
19.360000	0.511851E-01
19.380000	0.607558E-01
19.400000	0.642677E-01
19.420000	0.623746E-01
19.440000	0.599093E-01
19.460000	0.458639E-01
19.480000	0.227130E-01
19.500000	0.193001E-01
19.520000	0.389525E-01
19.540000	0.510752E-01
19.560000	0.508570E-01
19.580000	0.457540E-01
19.600000	0.414934E-01
19.620000	0.407560E-01
19.640000	0.455817E-01
19.660000	0.476839E-01
19.680000	0.427961E-01
19.700000	0.315945E-01
19.720000	0.276645E-01
19.740000	0.292445E-01
19.760000	0.353298E-01
19.780000	0.476412E-01
19.800000	0.656443E-01
19.820000	0.792950E-01
19.840000	0.759606E-01
19.860000	0.728904E-01
19.880000	0.775100E-01
19.900000	0.731628E-01
19.920000	0.643592E-01
19.940000	0.573213E-01
19.960000	0.512890E-01
19.980000	0.620857E-01
20.000000	0.787709E-01
20.020000	0.799399E-01
20.040000	0.616268E-01
20.060000	0.266827E-01
20.080000	-0.207902E-01
20.100000	-0.594838E-01
20.120000	-0.779835E-01
20.140000	-0.796910E-01
20.160000	-0.609750E-01
20.180000	-0.317316E-01
20.200000	-0.200066E-01
20.220000	-0.196251E-01
20.240000	-0.154829E-01
20.260000	-0.593159E-02
20.280000	-0.145071E-02
20.300000	0.707651E-02
20.320000	0.218747E-01
20.340000	0.323644E-01
20.360000	0.289699E-01
20.380000	0.142115E-01
20.400000	0.499379E-02
20.420000	-0.405359E-02
20.440000	-0.141954E-01
20.460000	-0.216179E-01
20.480000	-0.173972E-01
20.500000	-0.155142E-01
20.520000	-0.175746E-01
20.540000	-0.865876E-02
20.560000	0.153153E-01
20.580000	0.366109E-01
20.600000	0.301135E-01
20.620000	0.735737E-02
20.640000	-0.256743E-01
20.660000	-0.468464E-01
20.680000	-0.309630E-01
20.700000	-0.927978E-02
20.720000	-0.180589E-01
20.740000	-0.359456E-01
20.760000	-0.404530E-01
20.780000	-0.777724E-02
20.800000	0.489888E-01
20.820000	0.705608E-01
20.840000	0.686789E-01
20.860000	0.687871E-01
20.880000	0.778080E-01
20.900000	0.808242E-01
20.920000	0.732527E-01
20.940000	0.771981E-01
20.960000	0.851796E-01
20.980000	0.868728E-01
21.000000	0.713953E-01
21.020000	0.422244E-01
21.040000	0.187032E-01
21.060000	0.112929E-01
21.080000	0.170437E-01
21.100000	0.220580E-01
21.120000	0.148375E-01
21.140000	-0.472000E-02
21.160000	-0.262308E-01
21.180000	-0.493154E-01
21.200000	-0.655201E-01
21.220000	-0.757486E-01
21.240000	-0.750020E-01
21.260000	-0.543531E-01
21.280000	-0.221333E-01
21.300000	0.140675E-01
21.320000	0.407732E-01
21.340000	0.443146E-01
21.360000	0.353672E-01
21.380000	0.245501E-01
21.400000	0.179986E-01
21.420000	0.256323E-01
21.440000	0.441178E-01
21.460000	0.651941E-01
21.480000	0.672147E-01
21.500000	0.358038E-01
21.520000	0.513141E-02
21.540000	-0.107653E-01
21.560000	-0.216711E-01
21.580000	-0.139068E-01
21.600000	0.657735E-03
21.620000	0.125050E-01
21.640000	0.315064E-02
21.660000	-0.595796E-02
21.680000	0.110424E-01
21.700000	0.326358E-01
21.720000	0.460682E-01
21.740000	0.337038E-01
21.760000	0.475230E-03
21.780000	-0.203593E-01
21.800000	-0.276757E-01
21.820000	-0.159080E-01
21.840000	0.357300E-02
21.860000	-0.356699E-02
21.880000	-0.268638E-01
21.900000	-0.486326E-01
21.920000	-0.636858E-01
21.940000	-0.722558E-01
21.960000	-0.683380E-01
21.980000	-0.588469E-01
22.000000	-0.600403E-01
22.020000	-0.670354E-01
22.040000	-0.601086E-01
22.060000	-0.517487E-01
22.080000	-0.523811E-01
22.100000	-0.525769E-01
22.120000	-0.485459E-01
22.140000	-0.498178E-01
22.160000	-0.523219E-01
22.180000	-0.516069E-01
22.200000	-0.585398E-01
22.220000	-0.739683E-01
22.240000	-0.776607E-01
22.260000	-0.631808E-01
22.280000	-0.398921E-01
22.300000	-0.166152E-02
22.320000	0.190802E-01
22.340000	0.196432E-01
22.360000	0.196697E-01
22.380000	0.184049E-01
22.400000	0.106693E-01
22.420000	0.113496E-01
22.440000	0.311988E-01
22.460000	0.582217E-01
22.480000	0.759615E-01
22.500000	0.765001E-01
22.520000	0.652036E-01
22.540000	0.534797E-01
22.560000	0.533043E-01
22.580000	0.582309E-01
22.600000	0.516080E-01
22.620000	0.321994E-01
22.640000	0.820393E-02
22.660000	-0.641573E-02
22.680000	0.276427E-02
22.700000	0.216853E-01
22.720000	0.344649E-01
22.740000	0.296402E-01
22.760000	0.186977E-01
22.780000	0.136584E-02
22.800000	-0.272013E-01
22.820000	-0.453440E-01
22.840000	-0.603962E-01
22.860000	-0.724924E-01
22.880000	-0.745150E-01
22.900000	-0.643426E-01
22.920000	-0.386845E-01
22.940000	-0.157977E-01
22.960000	-0.394227E-02
22.980000	0.448823E-03
23.000000	-0.256630E-02
23.020000	-0.286211E-02
23.040000	-0.114678E-01
23.060000	-0.220993E-01
23.080000	-0.128979E-01
23.100000	-0.239803E-02
23.120000	0.865468E-02
23.140000	0.190301E-01
23.160000	0.961959E-02
23.180000	-0.933508E-02
23.200000	-0.182315E-01
23.220000	-0.260039E-01
23.240000	-0.345220E-01
23.260000	-0.333459E-01
23.280000	-0.277869E-01
23.300000	-0.601911E-02
23.320000	0.129531E-02
23.340000	0.204194E-02
23.360000	0.119002E-01
23.380000	-0.157296E-02
23.400000	-0.175431E-01
23.420000	-0.150451E-01
23.440000	0.250293E-02
23.460000	0.117013E-01
23.480000	-0.184229E-02
23.500000	0.601884E-02
23.520000	0.361170E-01
23.540000	0.334660E-01
23.560000	0.113330E-01
23.580000	-0.698621E-02
23.600000	-0.224413E-01
23.620000	-0.444437E-01
23.640000	-0.444498E-01
23.660000	-0.387001E-01
23.680000	-0.448293E-01
23.700000	-0.237643E-01
23.720000	-0.472598E-02
23.740000	-0.159663E-02
23.760000	0.778225E-02
23.780000	0.202740E-02
23.800000	-0.205381E-01
23.820000	-0.487747E-01
23.840000	-0.489012E-01
23.860000	-0.329954E-01
23.880000	-0.368255E-01
23.900000	-0.404302E-01
23.920000	-0.444398E-01
23.940000	-0.345979E-01
23.960000	-0.132921E-01
23.980000	-0.116377E-01
24.000000	-0.283994E-01
24.020000	-0.423010E-01
24.040000	-0.448041E-01
24.060000	-0.251456E-01
24.080000	-0.222499E-01
24.100000	-0.318420E-01
24.120000	-0.216746E-01
24.140000	-0.632874E-02
24.160000	0.796655E-02
24.180000	0.251821E-01
24.200000	0.324639E-01
24.220000	0.131175E-01
24.240000	-0.274965E-02
24.260000	-0.183881E-02
24.280000	0.216885E-01
24.300000	0.395966E-01
24.320000	0.433053E-01
24.340000	0.456248E-01
24.360000	0.366334E-01
24.380000	0.183040E-01
24.400000	-0.546812E-02
24.420000	-0.205519E-01
24.440000	-0.107910E-02
24.460000	0.340313E-01
24.480000	0.496424E-01
24.500000	0.432296E-01
24.520000	0.351563E-01
24.540000	0.387946E-01
24.560000	0.334365E-01
24.580000	0.169594E-01
24.600000	0.111158E-01
24.620000	0.286282E-01
24.640000	0.385517E-01
24.660000	0.988462E-02
24.680000	-0.179991E-01
24.700000	-0.122780E-01
24.720000	0.856977E-02
24.740000	0.159117E-01
24.760000	0.119847E-01
24.780000	0.707437E-02
24.800000	-0.622578E-03
24.820000	0.716714E-02
24.840000	0.165389E-01
24.860000	0.175323E-01
24.880000	0.129545E-01
24.900000	-0.256377E-02
24.920000	-0.438042E-02
24.940000	0.465165E-02
24.960000	0.170456E-01
24.980000	0.334564E-01
25.000000	0.414715E-01
25.020000	0.385349E-01
25.040000	0.227341E-01
25.060000	0.735754E-02
25.080000	0.152166E-01
25.100000	0.294293E-01
25.120000	0.342436E-01
25.140000	0.280950E-01
25.160000	0.724417E-02
25.180000	-0.252236E-02
25.200000	0.215736E-02
25.220000	0.791625E-02
25.240000	0.109762E-01
25.260000	0.625869E-02
25.280000	-0.425652E-02
25.300000	-0.195747E-02
25.320000	0.140544E-01
25.340000	0.201010E-01
25.360000	0.177519E-01
25.380000	0.309150E-01
25.400000	0.520973E-01
25.420000	0.619249E-01
25.440000	0.596574E-01
25.460000	0.585283E-01
25.480000	0.677684E-01
25.500000	0.673257E-01
25.520000	0.458638E-01
25.540000	0.236288E-01
25.560000	0.166805E-01
25.580000	0.221559E-01
25.600000	0.302771E-01
25.620000	0.267621E-01
25.640000	0.847858E-02
25.660000	0.911502E-02
25.680000	0.219190E-01
25.700000	0.176952E-01
25.720000	0.665263E-02
25.740000	-0.684303E-02
25.760000	-0.274012E-01
25.780000	-0.538600E-01
25.800000	-0.681645E-01
25.820000	-0.710981E-01
25.840000	-0.716489E-01
25.860000	-0.632074E-01
25.880000	-0.479350E-01
25.900000	-0.397434E-01
25.920000	-0.393936E-01
25.940000	-0.412827E-01
25.960000	-0.470253E-01
25.980000	-0.511523E-01
26.000000	-0.455872E-01
26.020000	-0.310176E-01
26.040000	-0.185338E-01
26.060000	-0.147721E-01
26.080000	-0.121599E-01
26.100000	-0.696411E-02
26.120000	-0.764857E-02
26.140000	-0.102180E-01
26.160000	-0.304336E-02
26.180000	0.613558E-02
26.200000	0.886200E-02
26.220000	0.699331E-02
26.240000	0.596001E-02
26.260000	0.283774E-02
26.280000	-0.460728E-02
26.300000	-0.625360E-02
26.320000	0.125049E-02
26.340000	0.503362E-02
26.360000	0.248256E-02
26.380000	0.493472E-05
26.400000	-0.243495E-02
26.420000	-0.496256E-02
26.440000	-0.125626E-01
26.460000	-0.174056E-01
26.480000	-0.247038E-01
26.500000	-0.379128E-01
26.520000	-0.376293E-01
26.540000	-0.341471E-01
26.560000	-0.370603E-01
26.580000	-0.411770E-01
26.600000	-0.385128E-01
26.620000	-0.249714E-01
26.640000	-0.184414E-01
26.660000	-0.185832E-01
26.680000	-0.173144E-01
26.700000	-0.164668E-01
26.720000	-0.142912E-01
26.740000	-0.133100E-01
26.760000	-0.184529E-01
26.780000	-0.306572E-01
26.800000	-0.406441E-01
26.820000	-0.371150E-01
26.840000	-0.193721E-01
26.860000	-0.580411E-02
26.880000	-0.944965E-02
26.900000	-0.165775E-01
26.920000	-0.143896E-01
26.940000	-0.640612E-02
26.960000	-0.181413E-02
26.980000	-0.361449E-02
27.000000	-0.749156E-02
27.020000	-0.906343E-02
27.040000	-0.175295E-01
27.060000	-0.273623E-01
27.080000	-0.347951E-01
27.100000	-0.387589E-01
27.120000	-0.305133E-01
27.140000	-0.167923E-01
27.160000	-0.631288E-02
27.180000	-0.692187E-02
27.200000	-0.149167E-01
27.220000	-0.193221E-01
27.240000	-0.233124E-01
27.260000	-0.406841E-01
27.280000	-0.609872E-01
27.300000	-0.691534E-01
27.320000	-0.555508E-01
27.340000	-0.375631E-01
27.360000	-0.185177E-01
27.380000	0.149933E-01
27.400000	0.367845E-01
27.420000	0.275218E-01
27.440000	0.447691E-02
27.460000	0.651848E-03
27.480000	0.964105E-02
27.500000	0.159609E-01
27.520000	0.264128E-01
27.540000	0.368983E-01
27.560000	0.454193E-01
27.580000	0.449991E-01
27.600000	0.464719E-01
27.620000	0.582977E-01
27.640000	0.622063E-01
27.660000	0.565034E-01
27.680000	0.487217E-01
27.700000	0.433096E-01
27.720000	0.367856E-01
27.740000	0.303432E-01
27.760000	0.321016E-01
27.780000	0.352564E-01
27.800000	0.383867E-01
27.820000	0.472321E-01
27.840000	0.560255E-01
27.860000	0.618159E-01
27.880000	0.650391E-01
27.900000	0.689905E-01
27.920000	0.645024E-01
27.940000	0.525449E-01
27.960000	0.484638E-01
27.980000	0.444103E-01
28.000000	0.382433E-01
28.020000	0.256840E-01
28.040000	0.589182E-02
28.060000	-0.475807E-02
28.080000	0.341863E-03
28.100000	0.134488E-01
28.120000	0.214659E-01
28.140000	0.188496E-01
28.160000	0.132711E-01
28.180000	0.120246E-01
28.200000	0.177967E-01
28.220000	0.174815E-01
28.240000	0.108198E-01
28.260000	0.671115E-02
28.280000	-0.601443E-02
28.300000	-0.182718E-01
28.320000	-0.142857E-01
28.340000	0.451686E-02
28.360000	0.136519E-01
28.380000	0.106347E-01
28.400000	0.742263E-02
28.420000	0.240212E-02
28.440000	0.324049E-02
28.460000	0.908603E-02
28.480000	0.993052E-02
28.500000	0.130649E-01
28.520000	0.249264E-01
28.540000	0.341859E-01
28.560000	0.265032E-01
28.580000	0.789424E-02
28.600000	-0.410511E-02
28.620000	-0.120551E-01
28.640000	-0.237851E-01
28.660000	-0.281651E-01
28.680000	-0.244830E-01
28.700000	-0.249298E-01
28.720000	-0.343445E-01
28.740000	-0.445639E-01
28.760000	-0.460665E-01
28.780000	-0.458503E-01
28.800000	-0.473171E-01
28.820000	-0.457984E-01
28.840000	-0.376701E-01
28.860000	-0.297101E-01
28.880000	-0.247183E-01
28.900000	-0.282517E-01
28.920000	-0.288250E-01
28.940000	-0.251816E-01
28.960000	-0.188373E-01
28.980000	-0.909535E-02
29.000000	-0.556725E-02
29.020000	-0.756041E-02
29.040000	-0.228941E-01
29.060000	-0.359247E-01
29.080000	-0.366765E-01
29.100000	-0.265276E-01
29.120000	-0.187206E-01
29.140000	-0.197560E-01
29.160000	-0.191818E-01
29.180000	-0.157914E-01
29.200000	-0.819862E-02
29.220000	-0.446700E-03
29.240000	-0.476852E-02
29.260000	-0.209387E-01
29.280000	-0.218435E-01
29.300000	-0.721370E-02
29.320000	0.812600E-02
29.340000	0.141327E-01
29.360000	0.850527E-02
29.380000	0.105817E-02
29.400000	-0.766291E-02
29.420000	-0.105098E-01
29.440000	0.255528E-02
29.460000	0.199095E-01
29.480000	0.197442E-01
29.500000	-0.371592E-02
29.520000	-0.402157E-01
29.540000	-0.670214E-01
29.560000	-0.587319E-01
29.580000	-0.305453E-01
29.600000	-0.122609E-01
29.620000	0.508617E-02
29.640000	0.307870E-01
29.660000	0.592480E-01
29.680000	0.688879E-01
29.700000	0.373311E-01
29.720000	-0.107804E-01
29.740000	-0.355226E-01
29.760000	-0.146841E-01
29.780000	0.218879E-01
29.800000	0.367217E-01
29.820000	0.373091E-01
29.840000	0.109645E-01
29.860000	-0.226344E-01
29.880000	-0.496706E-01
29.900000	-0.686539E-01
29.920000	-0.439884E-01
29.940000	-0.127938E-01
29.960000	0.323747E-02
29.980000	0.198256E-01
30.000000	0.272919E-01
30.020000	-0.729574E-03
30.040000	-0.186276E-01
30.060000	-0.214551E-02
30.080000	-0.130045E-01
30.100000	-0.304741E-01
30.120000	-0.328692E-01
30.140000	-0.242136E-01
30.160000	0.131867E-01
30.180000	0.410989E-01
30.200000	0.265668E-01
30.220000	-0.294286E-02
30.240000	-0.994321E-02
30.260000	0.117205E-01
30.280000	0.308964E-01
30.300000	0.389053E-01
30.320000	0.445591E-01
30.340000	0.456820E-01
30.360000	0.325780E-01
30.380000	0.146116E-01
30.400000	-0.818017E-03
30.420000	-0.121727E-01
30.440000	-0.777562E-02
30.460000	0.497836E-02
30.480000	0.232169E-01
30.500000	0.397235E-01
30.520000	0.475182E-01
30.540000	0.472988E-01
30.560000	0.274883E-01
30.580000	0.222991E-02
30.600000	-0.104019E-01
30.620000	-0.337416E-02
30.640000	0.190596E-01
30.660000	0.370676E-01
30.680000	0.434129E-01
30.700000	0.394308E-01
30.720000	0.275864E-01
30.740000	0.646927E-02
30.760000	-0.647870E-02
30.780000	-0.362076E-02
30.800000	0.106979E-01
30.820000	0.144004E-01
30.840000	0.634944E-02
30.860000	0.496725E-02
30.880000	0.580049E-02
30.900000	0.952339E-02
30.920000	0.130851E-01
30.940000	0.255047E-02
30.960000	-0.198509E-01
30.980000	-0.315330E-01
31.000000	-0.219604E-01
31.020000	-0.765707E-02
31.040000	-0.102411E-02
31.060000	0.119531E-02
31.080000	-0.188418E-02
31.100000	-0.250954E-02
31.120000	-0.445274E-02
31.140000	-0.108207E-01
31.160000	-0.147651E-01
31.180000	-0.225723E-01
31.200000	-0.310833E-01
31.220000	-0.402665E-01
31.240000	-0.552045E-01
31.260000	-0.680097E-01
31.280000	-0.668623E-01
31.300000	-0.595663E-01
31.320000	-0.501906E-01
31.340000	-0.336789E-01
31.360000	-0.185351E-01
31.380000	-0.957040E-02
31.400000	-0.369021E-02
31.420000	-0.680292E-03
31.440000	-0.437790E-02
31.460000	-0.128501E-01
31.480000	-0.197638E-01
31.500000	-0.200658E-01
31.520000	-0.125842E-01
31.540000	-0.950189E-02
31.560000	-0.181332E-01
31.580000	-0.248847E-01
31.600000	-0.219748E-01
31.620000	-0.140474E-01
31.640000	-0.103602E-01
31.660000	-0.548883E-02
31.680000	0.237220E-02
31.700000	0.594618E-02
31.720000	0.479959E-02
31.740000	0.400694E-02
31.760000	0.674043E-02
31.780000	0.810406E-02
31.800000	0.798767E-02
31.820000	0.647592E-02
31.840000	0.745501E-02
31.860000	0.106444E-01
31.880000	0.115878E-01
31.900000	0.201547E-01
31.920000	0.282707E-01
31.940000	0.240652E-01
31.960000	0.133499E-01
31.980000	-0.271006E-02
32.000000	-0.916065E-02
32.020000	0.518248E-02
32.040000	0.246603E-01
32.060000	0.343002E-01
32.080000	0.293898E-01
32.100000	0.176281E-01
32.120000	0.128717E-01
32.140000	0.136876E-01
32.160000	0.107407E-01
32.180000	0.849556E-02
32.200000	0.144002E-01
32.220000	0.281773E-01
32.240000	0.379763E-01
32.260000	0.425019E-01
32.280000	0.305902E-01
32.300000	0.404258E-02
32.320000	-0.212343E-02
32.340000	0.832125E-02
32.360000	0.195371E-01
32.380000	0.281661E-01
32.400000	0.409711E-01
32.420000	0.563628E-01
32.440000	0.651938E-01
32.460000	0.693727E-01
32.480000	0.654925E-01
32.500000	0.500057E-01
32.520000	0.249013E-01
32.540000	0.285391E-02
32.560000	0.260696E-02
32.580000	0.145551E-01
32.600000	0.249876E-01
32.620000	0.235574E-01
32.640000	0.608979E-02
32.660000	-0.163034E-01
32.680000	-0.330836E-01
32.700000	-0.404685E-01
32.720000	-0.360275E-01
32.740000	-0.295516E-01
32.760000	-0.175586E-01
32.780000	-0.313898E-02
32.800000	0.796062E-03
32.820000	0.149260E-02
32.840000	0.106000E-02
32.860000	-0.744488E-02
32.880000	-0.214965E-01
32.900000	-0.198595E-01
32.920000	-0.762170E-02
32.940000	-0.543902E-02
32.960000	-0.160665E-01
32.980000	-0.259617E-01
33.000000	-0.318523E-01
33.020000	-0.339597E-01
33.040000	-0.245758E-01
33.060000	-0.168648E-01
33.080000	-0.174993E-01
33.100000	-0.132511E-01
33.120000	-0.575835E-02
33.140000	-0.446001E-02
33.160000	-0.801994E-02
33.180000	-0.103681E-01
33.200000	-0.868318E-02
33.220000	-0.270916E-02
33.240000	-0.755531E-02
33.260000	-0.210817E-01
33.280000	-0.294407E-01
33.300000	-0.268245E-01
33.320000	-0.150446E-01
33.340000	-0.104792E-01
33.360000	-0.655237E-02
33.380000	-0.467263E-02
33.400000	-0.107071E-01
33.420000	-0.189906E-01
33.440000	-0.175332E-01
33.460000	-0.623577E-02
33.480000	0.492596E-02
33.500000	0.511657E-02
33.520000	0.745877E-04
33.540000	0.145656E-02
33.560000	-0.794490E-02
33.580000	-0.223291E-01
33.600000	-0.203718E-01
33.620000	-0.714866E-02
33.640000	-0.911535E-02
33.660000	-0.110953E-01
33.680000	-0.874006E-03
33.700000	-0.347813E-03
33.720000	-0.102705E-01
33.740000	-0.125901E-01
33.760000	-0.295328E-02
33.780000	0.667437E-02
33.800000	0.130105E-01
33.820000	0.135448E-01
33.840000	0.104735E-01
33.860000	0.886380E-02
33.880000	0.116442E-01
33.900000	0.116981E-01
33.920000	0.100262E-01
33.940000	0.114979E-01
33.960000	0.859897E-02
33.980000	0.487804E-03
34.000000	-0.116728E-01
34.020000	-0.245749E-01
34.040000	-0.342517E-01
34.060000	-0.404229E-01
34.080000	-0.369448E-01
34.100000	-0.292154E-01
34.120000	-0.214441E-01
34.140000	-0.177927E-01
34.160000	-0.144176E-01
34.180000	-0.112476E-01
34.200000	-0.158969E-01
34.220000	-0.159195E-01
34.240000	-0.186562E-01
34.260000	-0.236156E-01
34.280000	-0.251631E-01
34.300000	-0.223643E-01
34.320000	-0.151123E-01
34.340000	-0.394034E-02
34.360000	0.772943E-03
34.380000	-0.207411E-03
34.400000	-0.367684E-03
34.420000	-0.393782E-02
34.440000	-0.695103E-02
34.460000	-0.511414E-02
34.480000	0.495516E-02
34.500000	0.147103E-01
34.520000	0.167940E-01
34.540000	0.104974E-01
34.560000	0.408456E-02
34.580000	0.252893E-02
34.600000	0.589479E-02
34.620000	0.102837E-01
34.640000	0.120339E-01
34.660000	0.156007E-01
34.680000	0.200641E-01
34.700000	0.225191E-01
34.720000	0.260471E-01
34.740000	0.257257E-01
34.760000	0.262039E-01
34.780000	0.269872E-01
34.800000	0.247420E-01
34.820000	0.266370E-01
34.840000	0.313473E-01
34.860000	0.366246E-01
34.880000	0.414246E-01
34.900000	0.453484E-01
34.920000	0.461306E-01
34.940000	0.392067E-01
34.960000	0.252887E-01
34.980000	0.159025E-01
35.000000	0.170753E-01
35.020000	0.176158E-01
35.040000	0.170822E-01
35.060000	0.206276E-01
35.080000	0.205734E-01
35.100000	0.155793E-01
35.120000	0.102660E-01
35.140000	0.813611E-02
35.160000	0.683751E-02
35.180000	0.555727E-02
35.200000	0.103613E-01
35.220000	0.154867E-01
35.240000	0.126346E-01
35.260000	0.118634E-01
35.280000	0.125670E-01
35.300000	0.351133E-02
35.320000	-0.724471E-02
35.340000	-0.723057E-02
35.360000	-0.166254E-02
35.380000	0.130144E-02
35.400000	-0.633727E-05
35.420000	-0.477396E-02
35.440000	-0.124292E-01
35.460000	-0.188513E-01
35.480000	-0.163289E-01
35.500000	-0.162301E-01
35.520000	-0.199502E-01
35.540000	-0.204420E-01
35.560000	-0.186816E-01
35.580000	-0.178199E-01
35.600000	-0.172692E-01
35.620000	-0.133179E-01
35.640000	-0.121093E-01
35.660000	-0.101001E-01
35.680000	-0.436373E-02
35.700000	0.893209E-03
35.720000	-0.194253E-02
35.740000	-0.789030E-02
35.760000	-0.382166E-02
35.780000	-0.205720E-02
35.800000	-0.299473E-02
35.820000	-0.320295E-02
35.840000	-0.286446E-02
35.860000	-0.632342E-02
35.880000	-0.133952E-01
35.900000	-0.132393E-01
35.920000	-0.135659E-01
35.940000	-0.208447E-01
35.960000	-0.245505E-01
35.980000	-0.216447E-01
36.000000	-0.212501E-01
36.020000	-0.236003E-01
36.040000	-0.266319E-01
36.060000	-0.277326E-01
36.080000	-0.238466E-01
36.100000	-0.152104E-01
36.120000	-0.740243E-02
36.140000	-0.584809E-02
36.160000	-0.680194E-02
36.180000	-0.608095E-02
36.200000	-0.204291E-02
36.220000	0.526830E-02
36.240000	0.718167E-02
36.260000	0.367375E-02
36.280000	0.519544E-02
36.300000	0.981079E-02
36.320000	0.146842E-01
36.340000	0.187967E-01
36.360000	0.186476E-01
36.380000	0.177101E-01
36.400000	0.160127E-01
36.420000	0.118162E-01
36.440000	0.458328E-02
36.460000	0.403437E-02
36.480000	0.619459E-02
36.500000	0.419830E-02
36.520000	-0.314331E-03
36.540000	-0.469640E-02
36.560000	-0.536159E-02
36.580000	-0.102588E-01
36.600000	-0.174632E-01
36.620000	-0.218799E-01
36.640000	-0.170483E-01
36.660000	-0.612223E-02
36.680000	0.309128E-02
36.700000	0.988127E-02
36.720000	0.123699E-01
36.740000	0.114803E-01
36.760000	0.146279E-01
36.780000	0.213720E-01
36.800000	0.262444E-01
36.820000	0.250467E-01
36.840000	0.185982E-01
36.860000	0.134011E-01
36.880000	0.100258E-01
36.900000	0.105917E-01
36.920000	0.857606E-02
36.940000	0.428069E-02
36.960000	0.252920E-02
36.980000	0.174059E-02
37.000000	0.205052E-02
37.020000	0.432599E-02
37.040000	0.905558E-02
37.060000	0.112413E-01
37.080000	0.564949E-02
37.100000	0.346756E-02
37.120000	0.436501E-02
37.140000	0.233608E-02
37.160000	0.409849E-02
37.180000	0.566811E-02
37.200000	0.106180E-01
37.220000	0.123682E-01
37.240000	0.629598E-02
37.260000	0.409365E-02
37.280000	0.602435E-02
37.300000	0.420554E-02
37.320000	0.876503E-04
37.340000	0.131252E-02
37.360000	0.481606E-02
37.380000	0.711907E-02
37.400000	0.634372E-02
37.420000	-0.206735E-02
37.440000	-0.105447E-01
37.460000	-0.133591E-01
37.480000	-0.147515E-01
37.500000	-0.159063E-01
37.520000	-0.146060E-01
37.540000	-0.994879E-02
37.560000	-0.622391E-02
37.580000	-0.444314E-02
37.600000	0.129115E-02
37.620000	0.740079E-02
37.640000	0.527904E-02
37.660000	-0.341314E-03
37.680000	-0.565975E-02
37.700000	-0.644122E-02
37.720000	-0.854870E-02
37.740000	-0.135040E-01
37.760000	-0.125066E-01
37.780000	-0.839208E-02
37.800000	-0.846057E-02
37.820000	-0.142360E-01
37.840000	-0.181182E-01
37.860000	-0.161569E-01
37.880000	-0.923843E-02
37.900000	-0.108063E-02
37.920000	0.362448E-02
37.940000	0.544808E-02
37.960000	0.482777E-02
37.980000	0.106381E-02
38.000000	-0.180741E-03
38.020000	0.804424E-03
38.040000	-0.713492E-03
38.060000	-0.697327E-03
38.080000	-0.153184E-02
38.100000	-0.197774E-02
38.120000	-0.263579E-02
38.140000	-0.407925E-02
38.160000	0.361675E-03
38.180000	-0.174376E-02
38.200000	-0.994472E-02
38.220000	-0.133088E-01
38.240000	-0.116780E-01
38.260000	-0.625380E-02
38.280000	-0.688330E-02
38.300000	-0.922130E-02
38.320000	-0.912965E-02
38.340000	-0.698169E-02
38.360000	-0.548346E-02
38.380000	-0.619048E-02
38.400000	-0.469736E-02
38.420000	-0.657635E-02
38.440000	-0.810753E-02
38.460000	-0.794551E-02
38.480000	-0.665231E-02
38.500000	-0.432278E-02
38.520000	-0.452898E-02
38.540000	-0.380290E-02
38.560000	-0.356947E-02
38.580000	-0.364103E-02
38.600000	0.128337E-02
38.620000	0.749808E-02
38.640000	0.116259E-01
38.660000	0.142196E-01
38.680000	0.161350E-01
38.700000	0.154565E-01
38.720000	0.152054E-01
38.740000	0.169393E-01
38.760000	0.142769E-01
38.780000	0.132068E-01
38.800000	0.131148E-01
38.820000	0.147548E-01
38.840000	0.164907E-01
38.860000	0.156164E-01
38.880000	0.176705E-01
38.900000	0.182538E-01
38.920000	0.208332E-01
38.940000	0.236248E-01
38.960000	0.221171E-01
38.980000	0.166171E-01
39.000000	0.142628E-01
39.020000	0.167178E-01
39.040000	0.148775E-01
39.060000	0.132372E-01
39.080000	0.123680E-01
39.100000	0.120313E-01
39.120000	0.121484E-01
39.140000	0.879958E-02
39.160000	0.432570E-02
39.180000	0.166946E-02
39.200000	0.191002E-02
39.220000	0.243210E-02
39.240000	0.445257E-02
39.260000	0.819479E-02
39.280000	0.767341E-02
39.300000	0.339231E-02
39.320000	-0.243511E-02
39.340000	-0.796775E-02
39.360000	-0.926637E-02
39.380000	-0.389010E-02
39.400000	0.402698E-02
39.420000	0.404620E-02
39.440000	-0.205866E-02
39.460000	-0.731692E-02
39.480000	-0.953762E-02
39.500000	-0.972444E-02
39.520000	-0.955221E-02
39.540000	-0.111507E-01
39.560000	-0.143598E-01
39.580000	-0.136745E-01
39.600000	-0.109737E-01
39.620000	-0.115380E-01
39.640000	-0.146571E-01
39.660000	-0.151362E-01
39.680000	-0.159274E-01
39.700000	-0.171933E-01
39.720000	-0.150121E-01
39.740000	-0.100424E-01
39.760000	-0.512644E-02
39.780000	-0.711110E-02
39.800000	-0.133307E-01
39.820000	-0.144227E-01
39.840000	-0.968801E-02
39.860000	-0.545931E-02
39.880000	-0.230236E-02
39.900000	0.332371E-02
39.920000	0.742773E-02
39.940000	0.720421E-02
39.960000	0.101446E-02
39.980000	-0.504553E-02
40.000000	-0.549651E-02
40.020000	-0.454819E-02
40.040000	-0.299454E-02
40.060000	-0.175599E-02
40.080000	-0.246122E-02
40.100000	-0.240413E-02
40.120000	-0.244231E-02
40.140000	-0.225991E-02
40.160000	-0.446520E-03
40.180000	0.201253E-02
40.200000	0.521469E-02
40.220000	0.530902E-02
40.240000	-0.152816E-02
40.260000	-0.829518E-02
40.280000	-0.935904E-02
40.300000	-0.712188E-02
40.320000	0.312012E-03
40.340000	0.535052E-02
40.360000	0.180346E-02
40.380000	-0.387504E-02
40.400000	-0.733584E-02
40.420000	-0.749708E-02
40.440000	-0.892858E-02
40.460000	-0.134388E-01
40.480000	-0.144464E-01
40.500000	-0.742778E-02
40.520000	0.353872E-03
40.540000	0.132642E-02
40.560000	0.155663E-02
40.580000	0.318489E-02
40.600000	0.176997E-02
40.620000	-0.514849E-03
40.640000	-0.964677E-03
40.660000	-0.959741E-03
40.680000	0.949228E-03
40.700000	0.540054E-02
40.720000	0.876917E-02
40.740000	0.103721E-01
40.760000	0.127486E-01
40.780000	0.124442E-01
40.800000	0.810549E-02
40.820000	0.525605E-02
40.840000	0.471317E-02
40.860000	0.586923E-02
40.880000	0.778737E-02
40.900000	0.941685E-02
40.920000	0.105290E-01
40.940000	0.958956E-02
40.960000	0.911411E-02
40.980000	0.988757E-02
41.000000	0.120291E-01
41.020000	0.131707E-01
41.040000	0.113980E-01
41.060000	0.922008E-02
41.080000	0.910720E-02
41.100000	0.979353E-02
41.120000	0.975223E-02
41.140000	0.997827E-02
41.160000	0.108759E-01
41.180000	0.118012E-01
41.200000	0.881019E-02
41.220000	0.492271E-02
41.240000	0.142264E-02
41.260000	0.501028E-03
41.280000	0.197833E-02
41.300000	0.230242E-03
41.320000	-0.336696E-02
41.340000	-0.642325E-02
41.360000	-0.675697E-02
41.380000	-0.585226E-02
41.400000	-0.699226E-02
41.420000	-0.905612E-02
41.440000	-0.981016E-02
41.460000	-0.831879E-02
41.480000	-0.790525E-02
41.500000	-0.909323E-02
41.520000	-0.723766E-02
41.540000	-0.586693E-02
41.560000	-0.534105E-02
41.580000	-0.780695E-02
41.600000	-0.995190E-02
41.620000	-0.934222E-02
41.640000	-0.917497E-02
41.660000	-0.837032E-02
41.680000	-0.855378E-02
41.700000	-0.823464E-02
41.720000	-0.805479E-02
41.740000	-0.965635E-02
41.760000	-0.993180E-02
41.780000	-0.948900E-02
41.800000	-0.884948E-02
41.820000	-0.695095E-02
41.840000	-0.605906E-02
41.860000	-0.493474E-02
41.880000	-0.420701E-02
41.900000	-0.418532E-02
41.920000	-0.413276E-02
41.940000	-0.313837E-02
41.960000	-0.257528E-02
41.980000	-0.392076E-02
42.000000	-0.613145E-02
42.020000	-0.648451E-02
42.040000	-0.549409E-02
42.060000	-0.562404E-02
42.080000	-0.603034E-02
42.100000	-0.442597E-02
42.120000	-0.183469E-02
42.140000	-0.113132E-02
42.160000	-0.146867E-02
42.180000	-0.225730E-02
42.200000	-0.231118E-02
42.220000	-0.128360E-02
42.240000	-0.875846E-03
42.260000	-0.444809E-03
42.280000	0.104578E-02
42.300000	0.218208E-02
42.320000	0.200035E-02
42.340000	0.606852E-03
42.360000	-0.599241E-03
42.380000	0.295000E-03
42.400000	0.115028E-02
42.420000	0.711683E-03
42.440000	0.109064E-02
42.460000	0.206599E-02
42.480000	0.313325E-02
42.500000	0.398910E-02
42.520000	0.503262E-02
42.540000	0.533651E-02
42.560000	0.529326E-02
42.580000	0.470351E-02
42.600000	0.420578E-02
42.620000	0.475415E-02
42.640000	0.438304E-02
42.660000	0.410938E-02
42.680000	0.416981E-02
42.700000	0.416529E-02
42.720000	0.458264E-02
42.740000	0.470449E-02
42.760000	0.434706E-02
42.780000	0.381575E-02
42.800000	0.350700E-02
42.820000	0.347998E-02
42.840000	0.383112E-02
42.860000	0.377899E-02
42.880000	0.338346E-02
42.900000	0.339496E-02
42.920000	0.349449E-02
42.940000	0.357019E-02
42.960000	0.324368E-02
42.980000	0.256542E-02
43.000000	0.191879E-02
43.020000	0.143387E-02
43.040000	0.100786E-02
43.060000	0.485751E-03
43.080000	0.274671E-03
43.100000	0.324028E-03
43.120000	0.458643E-03
43.140000	0.460206E-03
43.160000	0.600972E-03
43.180000	0.737155E-03
43.200000	0.636495E-03
43.220000	0.308473E-03
43.240000	-0.160647E-03
43.260000	-0.294038E-03
43.280000	-0.403351E-03
43.300000	-0.510133E-03
43.320000	-0.805009E-03
43.340000	-0.111715E-02
43.360000	-0.132031E-02
43.380000	-0.138159E-02
43.400000	-0.122248E-02
43.420000	-0.118210E-02
43.440000	-0.108407E-02
43.460000	-0.101914E-02
43.480000	-0.108439E-02
43.500000	-0.106906E-02
43.520000	-0.104351E-02
43.540000	-0.105944E-02
43.560000	-0.104563E-02
43.580000	-0.998706E-03
43.600000	-0.872020E-03
43.620000	-0.664611E-03
43.640000	-0.544596E-03
43.660000	-0.503479E-03
43.680000	-0.433616E-03
43.700000	-0.378898E-03
43.720000	-0.318156E-03
43.740000	-0.241182E-03
43.760000	-0.179603E-03
43.780000	-0.133364E-03
43.800000	-0.695578E-04
43.820000	0.105042E-04
43.840000	0.701734E-04
43.860000	0.118206E-03
43.880000	0.162569E-03
43.900000	0.201669E-03
43.920000	0.236058E-03
43.940000	0.259982E-03
43.960000	0.269063E-03
43.980000	0.261997E-03
44.000000	0.240961E-03
