0.000000	0.000000
0.020000	0.964640E-02
0.040000	0.142437E-01
0.060000	0.140954E-01
0.080000	0.431932E-02
0.100000	-0.913191E-02
0.120000	-0.124961E-01
0.140000	-0.490640E-02
0.160000	0.113495E-01
0.180000	0.262263E-01
0.200000	0.178253E-01
0.220000	0.513584E-02
0.240000	-0.122211E-01
0.260000	-0.187443E-01
0.280000	-0.187821E-02
0.300000	0.170769E-01
0.320000	0.182251E-01
0.340000	0.712828E-02
0.360000	0.892738E-02
0.380000	-0.940233E-02
0.400000	-0.836569E-02
0.420000	0.180165E-01
0.440000	-0.410601E-02
0.460000	-0.130579E-01
0.480000	0.128567E-01
0.500000	-0.987980E-02
0.520000	-0.111760E-01
0.540000	0.288204E-01
0.560000	0.274629E-01
0.580000	0.105079E-01
0.600000	-0.274015E-01
0.620000	-0.515138E-01
0.640000	-0.175755E-01
0.660000	0.146074E-01
0.680000	0.566916E-02
0.700000	-0.626808E-02
0.720000	0.111888E-01
0.740000	-0.552322E-02
0.760000	-0.458665E-02
0.780000	0.115668E-01
0.800000	-0.334430E-01
0.820000	-0.292775E-01
0.840000	-0.577729E-02
0.860000	-0.530984E-02
0.880000	0.819128E-02
0.900000	-0.828002E-03
0.920000	0.259344E-01
0.940000	0.345996E-01
0.960000	0.468701E-02
0.980000	-0.435725E-01
1.000000	-0.450220E-01
1.020000	-0.239413E-01
1.040000	-0.557999E-03
1.060000	0.453357E-01
1.080000	0.173877E-01
1.100000	-0.558182E-02
1.120000	-0.346799E-01
1.140000	-0.395296E-01
1.160000	0.910459E-02
1.180000	0.192341E-01
1.200000	-0.514998E-02
1.220000	-0.499854E-02
1.240000	-0.190249E-01
1.260000	-0.290673E-01
1.280000	0.129625E-01
1.300000	0.339908E-01
1.320000	0.281746E-01
1.340000	0.962402E-02
1.360000	-0.287420E-01
1.380000	-0.328226E-01
1.400000	0.103394E-01
1.420000	0.146504E-01
1.440000	-0.225436E-01
1.460000	0.130784E-01
1.480000	0.201343E-01
1.500000	-0.304180E-01
1.520000	-0.182571E-01
1.540000	0.526547E-02
1.560000	0.386449E-02
1.580000	0.107235E-01
1.600000	-0.184460E-01
1.620000	-0.534770E-01
1.640000	-0.257229E-01
1.660000	0.271853E-03
1.680000	0.101116E+00
1.700000	0.713832E-01
1.720000	-0.869047E-01
1.740000	-0.144980E+00
1.760000	-0.111621E+00
1.780000	0.187321E-01
1.800000	0.108244E+00
1.820000	0.101517E+00
1.840000	-0.557601E-01
1.860000	-0.139380E+00
1.880000	-0.494652E-01
1.900000	0.393217E-01
1.920000	0.464795E-01
1.940000	0.471705E-01
1.960000	0.317549E-01
1.980000	-0.665002E-01
2.000000	-0.899830E-01
2.020000	-0.113507E+00
2.040000	-0.393707E-01
2.060000	0.564907E-01
2.080000	0.110506E+00
2.100000	0.269621E-01
2.120000	-0.112467E+00
2.140000	-0.145335E-01
2.160000	0.890180E-02
2.180000	-0.432456E-01
2.200000	-0.342668E-01
2.220000	-0.306705E-01
2.240000	0.492016E-01
2.260000	0.344993E-01
2.280000	-0.251816E-01
2.300000	0.411339E-01
2.320000	0.103961E+00
2.340000	0.611473E-01
2.360000	-0.827578E-01
2.380000	-0.106981E+00
2.400000	0.431900E-02
2.420000	0.741486E-01
2.440000	0.126926E+00
2.460000	0.936030E-01
2.480000	-0.824065E-01
2.500000	-0.128248E+00
2.520000	0.488248E-01
2.540000	0.104968E+00
2.560000	-0.658319E-01
2.580000	-0.108410E+00
2.600000	-0.498245E-01
2.620000	0.593662E-02
2.640000	0.627935E-01
2.660000	-0.105366E-01
2.680000	-0.667026E-02
2.700000	-0.273290E-01
2.720000	0.659628E-01
2.740000	0.185684E+00
2.760000	0.552378E-01
2.780000	0.115495E-01
2.800000	0.828188E-01
2.820000	0.924936E-01
2.840000	0.449264E-01
2.860000	-0.778354E-01
2.880000	-0.115493E+00
2.900000	-0.710551E-01
2.920000	0.589848E-01
2.940000	-0.293478E-02
2.960000	-0.449627E-01
2.980000	0.328012E-01
3.000000	0.269186E-02
3.020000	0.258559E-01
3.040000	0.210835E-01
3.060000	-0.729818E-01
3.080000	-0.712771E-01
3.100000	0.570544E-03
3.120000	0.306078E-01
3.140000	0.549579E-01
3.160000	0.851548E-02
3.180000	-0.223094E-01
3.200000	-0.162553E-01
3.220000	0.594866E-01
3.240000	0.453254E-01
3.260000	-0.535277E-01
3.280000	-0.138579E-01
3.300000	-0.108981E-01
3.320000	0.139706E-01
3.340000	0.260058E-01
3.360000	0.177542E-01
3.380000	0.280363E-01
3.400000	-0.200579E-01
3.420000	0.187316E-01
3.440000	-0.348067E-01
3.460000	-0.840776E-01
3.480000	0.284283E-01
3.500000	0.862261E-01
3.520000	0.406720E-01
3.540000	-0.215544E-01
3.560000	0.101968E-01
3.580000	-0.284339E-01
3.600000	-0.445344E-01
3.620000	0.488094E-01
3.640000	0.681788E-01
3.660000	0.101617E-01
3.680000	-0.764353E-01
3.700000	-0.850865E-01
3.720000	0.940677E-02
3.740000	0.631521E-01
3.760000	0.105569E+00
3.780000	0.758575E-01
3.800000	-0.798029E-01
3.820000	-0.103502E+00
3.840000	0.251531E-01
3.860000	0.859971E-01
3.880000	0.286201E-02
3.900000	-0.541038E-01
3.920000	0.666767E-02
3.940000	0.645590E-01
3.960000	0.245601E-01
3.980000	-0.347655E-01
4.000000	-0.473916E-01
4.020000	-0.322675E-01
4.040000	-0.121345E-01
4.060000	-0.683148E-01
4.080000	-0.280683E-02
4.100000	0.277485E-01
4.120000	-0.927727E-02
4.140000	0.761149E-01
4.160000	0.552345E-01
4.180000	-0.684308E-01
4.200000	-0.948504E-01
4.220000	-0.231221E-01
4.240000	0.481675E-01
4.260000	0.111430E-01
4.280000	-0.906293E-02
4.300000	0.925844E-02
4.320000	-0.579465E-02
4.340000	0.513779E-03
4.360000	-0.128427E-01
4.380000	0.110769E-01
4.400000	0.455259E-01
4.420000	0.136699E-02
4.440000	-0.331440E-01
4.460000	0.705199E-02
4.480000	0.389497E-01
4.500000	0.225680E-01
4.520000	-0.192372E-01
4.540000	-0.100441E-01
4.560000	0.450393E-01
4.580000	0.567121E-01
4.600000	0.565387E-01
4.620000	0.138107E-01
4.640000	-0.143003E-01
4.660000	0.444000E-01
4.680000	0.931085E-01
4.700000	0.756446E-01
4.720000	0.393230E-01
4.740000	0.809544E-01
4.760000	0.503928E-01
4.780000	-0.395593E-01
4.800000	-0.326164E-02
4.820000	0.275731E-01
4.840000	0.167348E-01
4.860000	0.581011E-01
4.880000	0.125729E-01
4.900000	-0.436386E-01
4.920000	0.109124E-01
4.940000	0.342068E-01
4.960000	0.458631E-01
4.980000	0.678318E-01
5.000000	0.577302E-01
5.020000	0.410455E-01
5.040000	0.720307E-01
5.060000	0.707805E-01
5.080000	0.279315E-01
5.100000	0.660837E-01
5.120000	0.512015E-01
5.140000	-0.646567E-02
5.160000	-0.127857E-01
5.180000	-0.337355E-01
5.200000	0.291999E-01
5.220000	0.287922E-01
5.240000	-0.142450E-01
5.260000	0.333181E-01
5.280000	0.946683E-02
5.300000	-0.516069E-01
5.320000	-0.306103E-01
5.340000	0.115529E-01
5.360000	-0.658556E-01
5.380000	-0.126190E+00
5.400000	-0.781159E-01
5.420000	-0.114715E-01
5.440000	0.510976E-01
5.460000	0.551823E-01
5.480000	-0.222086E-01
5.500000	-0.119621E+00
5.520000	-0.136383E+00
5.540000	-0.980725E-01
5.560000	-0.912895E-01
5.580000	-0.344641E-01
5.600000	-0.414361E-01
5.620000	-0.614874E-01
5.640000	-0.571818E-01
5.660000	0.954390E-02
5.680000	0.237646E+00
5.700000	0.342863E+00
5.720000	0.179889E+00
5.740000	-0.103592E+00
5.760000	-0.221547E+00
5.780000	-0.156255E+00
5.800000	0.283766E-01
5.820000	0.119505E+00
5.840000	0.256256E+00
5.860000	0.202527E+00
5.880000	0.937052E-01
5.900000	0.136867E+00
5.920000	-0.148610E+00
5.940000	-0.272961E+00
5.960000	-0.317237E+00
5.980000	-0.309873E+00
6.000000	-0.374006E-01
6.020000	0.166800E+00
6.040000	0.277806E+00
6.060000	0.237567E+00
6.080000	0.342521E-01
6.100000	-0.101150E+00
6.120000	-0.310254E+00
6.140000	-0.296277E+00
6.160000	0.104407E+00
6.180000	0.175984E+00
6.200000	-0.182269E+00
6.220000	-0.311443E+00
6.240000	-0.770255E-03
6.260000	0.172482E+00
6.280000	0.263681E+00
6.300000	0.217807E+00
6.320000	-0.119720E+00
6.340000	-0.186170E+00
6.360000	0.135185E+00
6.380000	0.190275E+00
6.400000	0.275661E-01
6.420000	-0.120068E+00
6.440000	-0.255990E+00
6.460000	-0.245050E+00
6.480000	-0.145097E+00
6.500000	-0.627005E-02
6.520000	0.296917E-01
6.540000	0.644265E-01
6.560000	0.241233E+00
6.580000	-0.312859E-01
6.600000	-0.328787E+00
6.620000	-0.209867E+00
6.640000	-0.785977E-01
6.660000	0.490981E-01
6.680000	0.202440E+00
6.700000	0.113826E+00
6.720000	0.158523E-01
6.740000	0.126151E+00
6.760000	0.819370E-02
6.780000	-0.125119E-01
6.800000	-0.669462E-01
6.820000	-0.167417E+00
6.840000	-0.103111E+00
6.860000	-0.686631E-01
6.880000	-0.685020E-01
6.900000	-0.157882E+00
6.920000	-0.183581E+00
6.940000	-0.146975E+00
6.960000	-0.122057E+00
6.980000	0.115193E+00
7.000000	0.244418E+00
7.020000	-0.106765E+00
7.040000	-0.205977E+00
7.060000	0.142659E+00
7.080000	0.212432E+00
7.100000	-0.665467E-01
7.120000	-0.222182E+00
7.140000	-0.729152E-01
7.160000	-0.109376E-01
7.180000	-0.800395E-01
7.200000	-0.725546E-01
7.220000	0.937888E-02
7.240000	0.719211E-01
7.260000	0.892345E-01
7.280000	0.903225E-01
7.300000	0.131415E+00
7.320000	0.457368E-01
7.340000	-0.290934E+00
7.360000	-0.177688E+00
7.380000	0.299481E+00
7.400000	0.376259E+00
7.420000	0.274637E+00
7.440000	0.139046E+00
7.460000	-0.513871E-01
7.480000	-0.630888E-01
7.500000	0.103953E+00
7.520000	0.146869E+00
7.540000	-0.453961E-02
7.560000	-0.612106E-01
7.580000	-0.610664E-03
7.600000	0.148860E-03
7.620000	-0.859696E-01
7.640000	-0.109138E+00
7.660000	-0.679843E-01
7.680000	0.576655E-01
7.700000	0.142735E+00
7.720000	0.705116E-01
7.740000	0.381930E-01
7.760000	-0.150084E+00
7.780000	-0.193234E+00
7.800000	0.762078E-02
7.820000	0.108380E+00
7.840000	0.909411E-01
7.860000	-0.595302E-01
7.880000	-0.154083E+00
7.900000	-0.138065E+00
7.920000	-0.168342E-01
7.940000	0.697698E-01
7.960000	0.387570E-02
7.980000	-0.107512E+00
8.000000	-0.139330E+00
8.020000	-0.259842E-01
8.040000	0.604073E-01
8.060000	0.815859E-01
8.080000	-0.333365E-01
8.100000	-0.114705E+00
8.120000	-0.950823E-01
8.140000	-0.117153E+00
8.160000	-0.990159E-01
8.180000	-0.983896E-01
8.200000	-0.636258E-01
8.220000	-0.196934E+00
8.240000	-0.306665E+00
8.260000	-0.987052E-01
8.280000	0.505182E-02
8.300000	-0.114019E+00
8.320000	-0.506536E-01
8.340000	0.171225E+00
8.360000	0.183345E+00
8.380000	0.194983E+00
8.400000	0.181590E+00
8.420000	0.340784E-01
8.440000	-0.680907E-01
8.460000	-0.112786E+00
8.480000	-0.877249E-01
8.500000	0.396030E-01
8.520000	0.599692E-01
8.540000	0.152662E-01
8.560000	0.469658E-01
8.580000	0.629651E-01
8.600000	0.178815E+00
8.620000	0.125316E+00
8.640000	-0.176544E+00
8.660000	-0.189140E+00
8.680000	0.516967E-01
8.700000	0.137205E+00
8.720000	-0.284235E-01
8.740000	-0.781344E-01
8.760000	0.419993E-01
8.780000	-0.444586E-01
8.800000	-0.151712E+00
8.820000	-0.254345E+00
8.840000	-0.199277E+00
8.860000	0.115811E+00
8.880000	0.208596E+00
8.900000	0.301519E+00
8.920000	0.344716E+00
8.940000	0.103187E+00
8.960000	-0.786525E-01
8.980000	-0.587193E-01
9.000000	0.109983E+00
9.020000	0.305274E+00
9.040000	0.375801E+00
9.060000	0.288371E+00
9.080000	0.179147E+00
9.100000	0.875565E-01
9.120000	-0.118356E-01
9.140000	0.130966E+00
9.160000	0.307534E+00
9.180000	-0.559975E-01
9.200000	-0.286720E+00
9.220000	-0.161612E+00
9.240000	-0.220027E+00
9.260000	-0.290011E+00
9.280000	-0.276791E+00
9.300000	-0.312734E+00
9.320000	-0.205868E+00
9.340000	0.333468E-01
9.360000	0.253969E+00
9.380000	0.281412E+00
9.400000	0.271441E+00
9.420000	0.411017E+00
9.440000	0.389685E+00
9.460000	0.279695E+00
9.480000	0.143847E+00
9.500000	-0.576046E-01
9.520000	-0.333644E-01
9.540000	0.118324E+00
9.560000	-0.125553E+00
9.580000	-0.273315E+00
9.600000	-0.796819E-01
9.620000	0.465167E-01
9.640000	0.171259E+00
9.660000	0.173048E+00
9.680000	-0.453377E-01
9.700000	-0.264864E+00
9.720000	-0.259052E+00
9.740000	-0.115760E+00
9.760000	0.202643E-01
9.780000	0.151372E+00
9.800000	0.222522E+00
9.820000	0.168880E+00
9.840000	-0.431542E-01
9.860000	-0.234020E+00
9.880000	-0.320578E+00
9.900000	-0.432699E+00
9.920000	-0.456764E+00
9.940000	-0.426557E+00
9.960000	-0.280404E+00
9.980000	0.153592E+00
10.000000	0.152218E+00
10.020000	-0.235378E+00
10.040000	-0.210822E+00
10.060000	0.245772E+00
10.080000	0.244976E+00
10.100000	-0.303765E+00
10.120000	-0.234999E+00
10.140000	0.151486E+00
10.160000	0.551536E-03
10.180000	-0.165078E+00
10.200000	-0.346553E+00
10.220000	-0.371423E+00
10.240000	-0.986668E-02
10.260000	0.970428E-01
10.280000	-0.195808E+00
10.300000	-0.305843E+00
10.320000	0.717859E-01
10.340000	0.118099E+00
10.360000	-0.332252E+00
10.380000	-0.216160E+00
10.400000	0.298072E+00
10.420000	0.436879E+00
10.440000	0.368367E+00
10.460000	0.327540E+00
10.480000	0.389760E+00
10.500000	0.392258E+00
10.520000	0.187548E+00
10.540000	-0.204359E+00
10.560000	-0.111095E+00
10.580000	0.186491E+00
10.600000	0.162420E+00
10.620000	0.344589E+00
10.640000	0.281011E+00
10.660000	-0.583589E-01
10.680000	-0.189541E+00
10.700000	0.624003E-01
10.720000	0.317424E+00
10.740000	0.416468E+00
10.760000	0.251685E+00
10.780000	-0.171741E+00
10.800000	-0.326879E+00
10.820000	-0.272322E+00
10.840000	-0.266839E+00
10.860000	0.224523E-01
10.880000	0.251803E+00
10.900000	-0.337123E-01
10.920000	-0.154963E+00
10.940000	-0.533468E-01
10.960000	0.208082E+00
10.980000	0.402874E+00
11.000000	0.462473E+00
11.020000	0.404157E+00
11.040000	0.180537E+00
11.060000	-0.448813E-01
11.080000	-0.120470E+00
11.100000	-0.164706E+00
11.120000	-0.758772E-01
11.140000	0.339701E+00
11.160000	0.836825E-01
11.180000	-0.167963E+00
11.200000	-0.387353E-01
11.220000	0.637686E-01
11.240000	0.182227E+00
11.260000	0.766482E-01
11.280000	0.786693E-01
11.300000	-0.794095E-01
11.320000	-0.245387E-01
11.340000	0.118468E+00
11.360000	0.165992E+00
11.380000	0.122110E+00
11.400000	-0.237425E+00
11.420000	-0.317075E+00
11.440000	0.139424E-01
11.460000	-0.228277E-01
11.480000	-0.452967E+00
11.500000	-0.250828E+00
11.520000	0.188299E+00
11.540000	0.145474E+00
11.560000	0.145529E+00
11.580000	0.188767E+00
11.600000	0.269058E+00
11.620000	0.219165E+00
11.640000	-0.123427E+00
11.660000	-0.252085E+00
11.680000	-0.261683E+00
11.700000	-0.250199E+00
11.720000	-0.286274E+00
11.740000	-0.338317E+00
11.760000	-0.780061E-01
11.780000	0.166460E+00
11.800000	0.138115E+00
11.820000	-0.110359E+00
11.840000	-0.234396E+00
11.860000	-0.529280E-01
11.880000	-0.124814E+00
11.900000	-0.233114E+00
11.920000	-0.263892E+00
11.940000	-0.602425E-01
11.960000	0.177618E+00
11.980000	0.156495E+00
12.000000	0.226001E+00
12.020000	0.296626E+00
12.040000	0.128092E+00
12.060000	-0.623002E-02
12.080000	-0.593493E-01
12.100000	0.891672E-01
12.120000	0.197920E+00
12.140000	0.419805E-01
12.160000	-0.165665E+00
12.180000	-0.440984E+00
12.200000	-0.293430E+00
12.220000	-0.749874E-01
12.240000	-0.144444E+00
12.260000	-0.712111E-01
12.280000	-0.990277E-01
12.300000	-0.178252E+00
12.320000	0.856519E-01
12.340000	0.432253E-01
12.360000	-0.394205E+00
12.380000	-0.496352E+00
12.400000	-0.131258E+00
12.420000	0.402080E-01
12.440000	-0.221971E+00
12.460000	-0.108834E+00
12.480000	0.340845E-02
12.500000	-0.367302E-01
12.520000	0.582574E-01
12.540000	0.130304E+00
12.560000	0.143808E+00
12.580000	0.253696E-01
12.600000	-0.107581E+00
12.620000	-0.135128E+00
12.640000	-0.363965E-01
12.660000	0.318179E-01
12.680000	0.654603E-01
12.700000	0.698570E-01
12.720000	-0.113040E-01
12.740000	-0.209655E+00
12.760000	-0.241270E+00
12.780000	0.958647E-01
12.800000	0.274652E+00
12.820000	0.249560E+00
12.840000	0.320399E-02
12.860000	-0.830789E-01
12.880000	0.109970E+00
12.900000	-0.183754E-01
12.920000	0.769466E-01
12.940000	0.103723E+00
12.960000	-0.313014E+00
12.980000	-0.174739E+00
13.000000	0.742207E-01
13.020000	0.214183E+00
13.040000	0.364312E+00
13.060000	0.365887E+00
13.080000	0.276940E+00
13.100000	-0.829986E-01
13.120000	-0.259837E+00
13.140000	0.115530E+00
13.160000	0.140550E+00
13.180000	-0.132812E+00
13.200000	0.410506E-01
13.220000	0.193006E+00
13.240000	0.164771E+00
13.260000	-0.256548E-01
13.280000	-0.511801E-01
13.300000	0.211627E+00
13.320000	0.299174E+00
13.340000	0.220866E+00
13.360000	-0.769385E-01
13.380000	-0.143290E+00
13.400000	0.165435E+00
13.420000	0.216694E+00
13.440000	0.103826E+00
13.460000	-0.559919E-01
13.480000	-0.998120E-02
13.500000	0.159279E+00
13.520000	-0.567332E-01
13.540000	-0.156244E+00
13.560000	-0.876306E-01
13.580000	0.531457E-01
13.600000	0.171126E+00
13.620000	0.552372E-02
13.640000	-0.163956E+00
13.660000	-0.211708E+00
13.680000	-0.111157E+00
13.700000	-0.224178E-01
13.720000	0.174769E-01
13.740000	0.921641E-01
13.760000	0.134798E+00
13.780000	0.186392E+00
13.800000	0.205546E+00
13.820000	0.104576E+00
13.840000	-0.934255E-02
13.860000	-0.990865E-01
13.880000	-0.103865E+00
13.900000	-0.223916E-01
13.920000	0.628116E-01
13.940000	0.825835E-01
13.960000	0.613006E-01
13.980000	0.146673E+00
14.000000	0.215217E+00
14.020000	0.208519E+00
14.040000	0.330339E-02
14.060000	-0.173806E+00
14.080000	0.236557E-01
14.100000	0.128204E+00
14.120000	0.180008E-01
14.140000	-0.146746E-01
14.160000	0.177161E-01
14.180000	0.250297E-01
14.200000	0.242032E-01
14.220000	-0.924460E-01
14.240000	-0.135094E+00
14.260000	0.347134E-01
14.280000	0.980094E-01
14.300000	0.288728E-02
14.320000	-0.688937E-02
14.340000	-0.504482E-01
14.360000	-0.104413E+00
14.380000	0.116271E-01
14.400000	0.357940E-01
14.420000	0.131894E+00
14.440000	0.173177E+00
14.460000	-0.663902E-01
14.480000	-0.293392E+00
14.500000	-0.310595E+00
14.520000	-0.195441E+00
14.540000	-0.168850E+00
14.560000	-0.116123E+00
14.580000	0.768510E-01
14.600000	0.193546E+00
14.620000	0.143215E+00
14.640000	-0.989913E-01
14.660000	-0.241157E+00
14.680000	-0.102368E+00
14.700000	0.742364E-01
14.720000	0.185542E+00
14.740000	0.906731E-01
14.760000	-0.677682E-01
14.780000	-0.160918E+00
14.800000	-0.278789E+00
14.820000	-0.204294E+00
14.840000	-0.128519E+00
14.860000	-0.223088E+00
14.880000	-0.212673E+00
14.900000	-0.565336E-01
14.920000	0.251723E-01
14.940000	0.128213E+00
14.960000	0.128943E+00
14.980000	-0.638036E-01
15.000000	0.196127E-01
15.020000	-0.180113E-01
15.040000	-0.303148E+00
15.060000	-0.326843E+00
15.080000	0.937166E-02
15.100000	0.946209E-01
15.120000	-0.154072E+00
15.140000	0.500141E-01
15.160000	0.164667E+00
15.180000	-0.200935E-02
15.200000	-0.145225E+00
15.220000	-0.162763E+00
15.240000	0.131161E+00
15.260000	0.189724E+00
15.280000	0.131145E+00
15.300000	0.117110E+00
15.320000	-0.323320E+00
15.340000	-0.300507E+00
15.360000	0.159050E+00
15.380000	-0.223126E-01
15.400000	-0.164942E+00
15.420000	0.313044E-01
15.440000	-0.764848E-01
15.460000	-0.153550E+00
15.480000	-0.698912E-01
15.500000	-0.657997E-02
15.520000	0.436190E-01
15.540000	0.176102E-01
15.560000	0.539929E-01
15.580000	0.803598E-01
15.600000	0.307379E-01
15.620000	-0.105422E-02
15.640000	-0.116503E-01
15.660000	0.360292E-01
15.680000	0.608112E-01
15.700000	-0.196066E-01
15.720000	-0.266476E-01
15.740000	0.793119E-01
15.760000	0.966494E-01
15.780000	-0.364744E-01
15.800000	-0.248021E-01
15.820000	0.998437E-01
15.840000	-0.334436E-01
15.860000	-0.108128E+00
15.880000	-0.252810E-01
15.900000	0.670268E-01
15.920000	0.119625E+00
15.940000	0.150193E+00
15.960000	0.182875E+00
15.980000	0.207271E+00
16.000000	0.139546E+00
16.020000	-0.496119E-01
16.040000	-0.664723E-01
16.060000	0.335264E-01
16.080000	0.621141E-01
16.100000	0.313427E-01
16.120000	0.293065E-01
16.140000	0.837590E-01
16.160000	0.918584E-01
16.180000	0.439035E-01
16.200000	-0.317095E-02
16.220000	-0.563228E-01
16.240000	-0.541447E-01
16.260000	0.148508E-02
16.280000	0.247794E-01
16.300000	-0.117840E-01
16.320000	-0.105466E+00
16.340000	-0.172494E+00
16.360000	-0.175752E+00
16.380000	-0.442105E-01
16.400000	0.917692E-01
16.420000	0.172819E+00
16.440000	0.120580E+00
16.460000	-0.118223E+00
16.480000	-0.267394E+00
16.500000	-0.201598E+00
16.520000	-0.596435E-04
16.540000	0.673134E-01
16.560000	0.403006E-01
16.580000	-0.944248E-01
16.600000	-0.185293E+00
16.620000	-0.411054E-01
16.640000	0.852997E-01
16.660000	0.188045E+00
16.680000	0.267140E+00
16.700000	0.165276E+00
16.720000	-0.933623E-01
16.740000	-0.294371E+00
16.760000	-0.293813E+00
16.780000	-0.132175E+00
16.800000	-0.224324E-01
16.820000	0.248217E-01
16.840000	0.517512E-01
16.860000	0.607387E-01
16.880000	0.120619E+00
16.900000	0.780621E-01
16.920000	-0.932240E-01
16.940000	-0.544065E-01
16.960000	0.111187E+00
16.980000	0.124266E+00
17.000000	0.681959E-01
17.020000	0.128008E-01
17.040000	-0.222907E-01
17.060000	-0.843731E-02
17.080000	0.847546E-01
17.100000	0.122715E+00
17.120000	0.589954E-01
17.140000	-0.646014E-02
17.160000	-0.657505E-01
17.180000	-0.492866E-01
17.200000	0.267067E-01
17.220000	0.699637E-01
17.240000	0.854826E-01
17.260000	0.597454E-01
17.280000	-0.375256E-02
17.300000	-0.258365E-01
17.320000	-0.194693E-01
17.340000	-0.325720E-01
17.360000	0.194878E-01
17.380000	0.870691E-01
17.400000	0.136830E+00
17.420000	0.108398E+00
17.440000	-0.260710E-01
17.460000	-0.136962E+00
17.480000	-0.107066E+00
17.500000	0.287837E-01
17.520000	0.101391E+00
17.540000	0.136422E+00
17.560000	0.135399E+00
17.580000	0.352516E-01
17.600000	-0.849758E-01
17.620000	-0.177829E+00
17.640000	-0.146363E+00
17.660000	0.180890E-02
17.680000	0.897712E-01
17.700000	0.846885E-01
17.720000	0.122230E-01
17.740000	-0.694074E-01
17.760000	-0.175553E+00
17.780000	-0.127007E+00
17.800000	0.170120E-01
17.820000	0.486458E-01
17.840000	0.385917E-01
17.860000	0.876362E-02
17.880000	-0.509319E-02
17.900000	-0.631521E-01
17.920000	-0.445567E-01
17.940000	0.665557E-01
17.960000	0.710859E-01
17.980000	0.658857E-01
18.000000	0.706193E-01
18.020000	-0.839152E-03
18.040000	-0.998399E-01
18.060000	-0.145917E+00
18.080000	-0.930544E-01
18.100000	-0.113685E-01
18.120000	0.216364E-01
18.140000	0.254032E-01
18.160000	-0.868729E-03
18.180000	-0.956649E-01
18.200000	-0.924193E-01
18.220000	-0.165832E-01
18.240000	0.221684E-01
18.260000	0.665714E-01
18.280000	0.518208E-01
18.300000	-0.470061E-01
18.320000	-0.375087E-01
18.340000	0.733228E-01
18.360000	0.357021E-01
18.380000	-0.130651E-01
18.400000	0.239088E-01
18.420000	0.304489E-02
18.440000	-0.135348E-01
18.460000	-0.100311E-01
18.480000	-0.271549E-01
18.500000	-0.317222E-02
18.520000	0.437931E-01
18.540000	0.518547E-01
18.560000	0.523160E-01
18.580000	0.381985E-01
18.600000	-0.104940E-01
18.620000	-0.371639E-01
18.640000	0.547899E-02
18.660000	0.560559E-01
18.680000	0.426293E-01
18.700000	0.150492E-01
18.720000	-0.237168E-01
18.740000	-0.293892E-01
18.760000	-0.173831E-01
18.780000	0.306072E-01
18.800000	0.852523E-01
18.820000	0.840612E-01
18.840000	0.850853E-02
18.860000	-0.830401E-01
18.880000	-0.816161E-01
18.900000	-0.885174E-02
18.920000	0.665822E-01
18.940000	0.124905E+00
18.960000	0.125859E+00
18.980000	0.898575E-01
19.000000	0.156724E-02
19.020000	-0.382275E-01
19.040000	-0.486771E-03
19.060000	-0.152077E-02
19.080000	-0.156129E-01
19.100000	0.225392E-01
19.120000	0.287104E-01
19.140000	-0.468231E-01
19.160000	-0.362017E-01
19.180000	-0.205018E-01
19.200000	0.470607E-02
19.220000	0.867532E-01
19.240000	0.553582E-01
19.260000	0.154596E-01
19.280000	-0.621482E-01
19.300000	-0.700883E-01
19.320000	0.605208E-01
19.340000	0.909969E-01
19.360000	0.127420E+00
19.380000	0.176499E+00
19.400000	0.607720E-01
19.420000	-0.753957E-01
19.440000	-0.113684E+00
19.460000	-0.142219E+00
19.480000	-0.896414E-01
19.500000	0.120125E+00
19.520000	0.138373E+00
19.540000	0.718123E-02
19.560000	-0.665483E-01
19.580000	-0.484807E-01
19.600000	0.183855E-01
19.620000	0.202236E-01
19.640000	0.132453E-01
19.660000	0.371127E-01
19.680000	0.629611E-01
19.700000	0.430778E-01
19.720000	0.188687E-01
19.740000	-0.925813E-01
19.760000	-0.474354E-01
19.780000	0.784357E-01
19.800000	0.783336E-01
19.820000	0.708402E-01
19.840000	-0.398297E-01
19.860000	-0.445511E-01
19.880000	-0.551241E-02
19.900000	-0.268206E-01
19.920000	0.151926E-01
19.940000	0.246912E-01
19.960000	0.673030E-01
19.980000	0.687083E-01
20.000000	0.246749E-02
20.020000	-0.273057E-01
20.040000	-0.180017E-01
20.060000	0.658609E-02
20.080000	-0.129921E-01
20.100000	0.102773E-01
20.120000	0.316820E-01
20.140000	0.314975E-01
20.160000	0.464548E-01
20.180000	0.240182E-01
20.200000	-0.691034E-02
20.220000	-0.541286E-01
20.240000	-0.582248E-01
20.260000	-0.915845E-02
20.280000	-0.381344E-02
20.300000	-0.283424E-01
20.320000	-0.653928E-01
20.340000	-0.529830E-01
20.360000	-0.504862E-01
20.380000	-0.792037E-01
20.400000	-0.230333E-01
20.420000	0.274310E-01
20.440000	0.451176E-03
20.460000	-0.914003E-01
20.480000	-0.928215E-01
20.500000	-0.129290E-01
20.520000	-0.211334E-01
20.540000	-0.427180E-01
20.560000	-0.117488E-01
20.580000	-0.219977E-02
20.600000	0.484296E-02
20.620000	0.489178E-01
20.640000	0.439231E-01
20.660000	-0.327937E-01
20.680000	-0.611921E-01
20.700000	-0.704960E-02
20.720000	0.354462E-01
20.740000	0.348806E-01
20.760000	0.130236E-02
20.780000	-0.322068E-01
20.800000	-0.221379E-01
20.820000	-0.444271E-02
20.840000	-0.125498E-01
20.860000	-0.279839E-01
20.880000	-0.671327E-01
20.900000	-0.119903E+00
20.920000	-0.789570E-01
20.940000	0.141147E-01
20.960000	-0.500485E-01
20.980000	-0.857271E-01
21.000000	-0.357652E-01
21.020000	-0.592458E-02
21.040000	0.313188E-01
21.060000	0.463170E-01
21.080000	0.452122E-01
21.100000	0.544244E-01
21.120000	0.729932E-01
21.140000	0.725685E-01
21.160000	0.320211E-01
21.180000	-0.124371E-01
21.200000	-0.483242E-02
21.220000	0.482334E-01
21.240000	0.485984E-01
21.260000	0.249750E-02
21.280000	-0.750687E-01
21.300000	-0.862900E-01
21.320000	0.232946E-01
21.340000	0.597047E-01
21.360000	0.365910E-01
21.380000	-0.304393E-02
21.400000	-0.225428E-01
21.420000	-0.382660E-01
21.440000	-0.798308E-01
21.460000	-0.584096E-01
21.480000	-0.164976E-01
21.500000	-0.113305E-01
21.520000	-0.934513E-02
21.540000	0.415834E-01
21.560000	0.547830E-01
21.580000	-0.100167E-01
21.600000	-0.622167E-01
21.620000	-0.648774E-01
21.640000	0.105260E-02
21.660000	0.432857E-01
21.680000	0.451627E-01
21.700000	0.133223E-01
21.720000	-0.303897E-02
21.740000	0.382162E-01
21.760000	0.213975E-01
21.780000	-0.478822E-01
21.800000	-0.358454E-01
21.820000	0.271336E-01
21.840000	0.522242E-01
21.860000	0.318878E-01
21.880000	0.499506E-02
21.900000	0.527821E-02
21.920000	0.737841E-02
21.940000	0.285206E-01
21.960000	0.337731E-01
21.980000	-0.126907E-02
22.000000	-0.386288E-02
22.020000	-0.724859E-02
22.040000	-0.666903E-01
22.060000	-0.761930E-01
22.080000	-0.157045E-01
22.100000	0.399342E-01
22.120000	0.927930E-01
22.140000	0.622089E-01
22.160000	-0.472093E-01
22.180000	-0.768590E-01
22.200000	-0.840871E-01
22.220000	-0.726984E-01
22.240000	-0.137097E-01
22.260000	0.146026E-01
22.280000	-0.511764E-02
22.300000	-0.316513E-01
22.320000	-0.905165E-02
22.340000	0.382004E-01
22.360000	0.481343E-01
22.380000	-0.870647E-02
22.400000	-0.565557E-01
22.420000	-0.465620E-01
22.440000	0.132132E-01
22.460000	0.244366E-01
22.480000	0.192336E-02
22.500000	0.105729E-01
22.520000	-0.608387E-02
22.540000	-0.339270E-01
22.560000	-0.200323E-01
22.580000	0.347194E-01
22.600000	0.738277E-01
22.620000	0.527661E-01
22.640000	0.129567E-01
22.660000	0.698998E-02
22.680000	0.224729E-02
22.700000	0.353776E-01
22.720000	0.541393E-01
22.740000	0.287003E-01
22.760000	0.956342E-02
22.780000	-0.420532E-03
22.800000	0.760563E-02
22.820000	-0.970095E-02
22.840000	-0.507449E-01
22.860000	-0.660301E-01
22.880000	-0.322932E-01
22.900000	0.834748E-02
22.920000	0.496726E-01
22.940000	0.593656E-01
22.960000	0.301569E-01
22.980000	-0.347203E-01
23.000000	-0.862316E-01
23.020000	-0.481791E-01
23.040000	-0.109088E-01
23.060000	0.221182E-01
23.080000	0.532396E-01
23.100000	0.405955E-01
23.120000	-0.107895E-03
23.140000	-0.445269E-01
23.160000	-0.432225E-01
23.180000	0.102024E-01
23.200000	0.102733E-01
23.220000	-0.215823E-01
23.240000	0.178997E-01
23.260000	0.993595E-01
23.280000	0.108150E+00
23.300000	0.470625E-01
23.320000	-0.124654E-01
23.340000	-0.701296E-01
23.360000	-0.575531E-01
23.380000	0.176963E-01
23.400000	0.443910E-01
23.420000	0.552822E-01
23.440000	0.443371E-01
23.460000	-0.257923E-01
23.480000	-0.116493E+00
23.500000	-0.132919E+00
23.520000	-0.849385E-01
23.540000	-0.998699E-01
23.560000	-0.672769E-01
23.580000	0.321731E-01
23.600000	0.858759E-01
23.620000	0.829718E-01
23.640000	-0.372225E-01
23.660000	-0.127598E+00
23.680000	-0.114722E+00
23.700000	-0.103567E+00
23.720000	-0.276793E-01
23.740000	0.555565E-01
23.760000	0.104570E+00
23.780000	0.745411E-01
23.800000	-0.291407E-01
23.820000	-0.760618E-01
23.840000	-0.414910E-01
23.860000	0.234674E-01
23.880000	-0.352552E-02
23.900000	-0.214662E-01
23.920000	-0.210395E-01
23.940000	-0.280998E-01
23.960000	0.263159E-01
23.980000	0.730304E-01
24.000000	0.595712E-01
24.020000	0.268431E-01
24.040000	0.381730E-01
24.060000	0.300656E-01
24.080000	0.235574E-01
24.100000	0.295986E-01
24.120000	0.358074E-01
24.140000	0.346195E-01
24.160000	-0.971820E-02
24.180000	-0.506526E-01
24.200000	-0.560577E-01
24.220000	-0.622941E-03
24.240000	0.998590E-02
24.260000	-0.247384E-01
24.280000	-0.519936E-01
24.300000	-0.537553E-01
24.320000	-0.599633E-02
24.340000	0.430762E-01
24.360000	0.782127E-01
24.380000	0.303219E-01
24.400000	-0.692184E-01
24.420000	-0.136163E+00
24.440000	-0.134944E+00
24.460000	-0.418923E-01
24.480000	0.355521E-01
24.500000	0.948281E-01
24.520000	0.106882E+00
24.540000	0.334068E-01
24.560000	-0.271716E-01
24.580000	-0.808105E-01
24.600000	-0.719816E-01
24.620000	0.321903E-01
24.640000	0.983476E-01
24.660000	0.149281E+00
24.680000	0.105537E+00
24.700000	-0.162133E-01
24.720000	-0.113694E+00
24.740000	-0.120857E+00
24.760000	-0.481769E-01
24.780000	-0.619731E-01
24.800000	-0.357296E-01
24.820000	0.374384E-01
24.840000	0.562345E-02
24.860000	-0.561215E-01
24.880000	0.565556E-02
24.900000	0.704653E-01
24.920000	0.591012E-01
24.940000	0.488139E-01
24.960000	0.943832E-02
24.980000	-0.509231E-01
25.000000	-0.343574E-01
25.020000	-0.380439E-01
25.040000	-0.392771E-01
25.060000	0.281117E-01
25.080000	0.901949E-01
25.100000	0.107060E+00
25.120000	0.953358E-01
25.140000	0.612517E-01
25.160000	-0.361490E-01
25.180000	-0.363553E-01
25.200000	0.411891E-01
25.220000	0.217059E-01
25.240000	0.155409E-01
25.260000	0.238159E-01
25.280000	0.232002E-02
25.300000	0.861376E-02
25.320000	-0.466464E-02
25.340000	-0.680078E-03
25.360000	0.251177E-01
25.380000	0.215270E-01
25.400000	0.145791E-01
25.420000	0.134664E-01
25.440000	0.317189E-01
25.460000	0.467303E-02
25.480000	-0.520278E-01
25.500000	-0.458188E-01
25.520000	0.120631E-01
25.540000	0.145456E-01
25.560000	0.954633E-02
25.580000	-0.738849E-02
25.600000	-0.345655E-01
25.620000	0.192494E-01
25.640000	0.653885E-01
25.660000	0.137287E+00
25.680000	0.824800E-01
25.700000	-0.131897E+00
25.720000	-0.238027E+00
25.740000	-0.181572E+00
25.760000	-0.351627E-01
25.780000	0.667419E-01
25.800000	0.149498E+00
25.820000	0.126844E+00
25.840000	0.163454E-01
25.860000	-0.499087E-01
25.880000	-0.418786E-01
25.900000	0.106996E-01
25.920000	0.780525E-02
25.940000	0.183139E-01
25.960000	0.230115E-01
25.980000	0.149985E-01
26.000000	0.545585E-01
26.020000	0.948733E-01
26.040000	0.902447E-01
26.060000	0.394819E-01
26.080000	0.312626E-01
26.100000	0.746173E-02
26.120000	-0.941488E-01
26.140000	-0.721054E-01
26.160000	0.408474E-01
26.180000	0.110915E+00
26.200000	0.330819E-01
26.220000	-0.164383E+00
26.240000	-0.148491E+00
26.260000	-0.326672E-02
26.280000	0.721328E-01
26.300000	0.134354E+00
26.320000	0.126836E+00
26.340000	0.203682E-01
26.360000	-0.698640E-01
26.380000	-0.148734E+00
26.400000	-0.186545E+00
26.420000	-0.952572E-01
26.440000	-0.224900E-01
26.460000	0.676009E-01
26.480000	0.852613E-01
26.500000	-0.715739E-01
26.520000	-0.155869E+00
26.540000	-0.188492E+00
26.560000	-0.116398E+00
26.580000	0.709018E-01
26.600000	0.165717E+00
26.620000	0.154944E+00
26.640000	0.724854E-01
26.660000	-0.170790E-01
26.680000	-0.366559E-01
26.700000	0.213929E-01
26.720000	0.224570E-01
26.740000	-0.802837E-02
26.760000	-0.239322E-01
26.780000	-0.206632E-01
26.800000	-0.581241E-01
26.820000	0.657909E-02
26.840000	0.117061E+00
26.860000	0.236539E-01
26.880000	0.322662E-01
26.900000	-0.138881E-01
26.920000	-0.524073E-01
26.940000	0.502587E-01
26.960000	0.677598E-01
26.980000	0.586496E-01
27.000000	0.621307E-01
27.020000	0.370127E-01
27.040000	-0.839201E-02
27.060000	-0.370742E-01
27.080000	-0.802750E-02
27.100000	0.247635E-02
27.120000	-0.412410E-02
27.140000	0.324296E-02
27.160000	0.649944E-02
27.180000	0.202246E-02
27.200000	-0.853917E-02
27.220000	-0.270717E-01
27.240000	-0.567052E-01
27.260000	-0.587758E-01
27.280000	-0.100059E-01
27.300000	0.804155E-01
27.320000	0.614358E-01
27.340000	-0.307029E-01
27.360000	-0.213003E-01
27.380000	0.369307E-01
27.400000	0.130925E-01
27.420000	0.124810E-01
27.440000	0.319628E-01
27.460000	0.136046E-01
27.480000	0.162143E-01
27.500000	-0.985009E-02
27.520000	-0.893254E-02
27.540000	0.492976E-01
27.560000	0.323608E-01
27.580000	0.752048E-02
27.600000	-0.162616E-01
27.620000	0.487013E-02
27.640000	0.159522E+00
27.660000	0.655994E-01
27.680000	-0.187096E+00
27.700000	-0.158415E+00
27.720000	0.514393E-02
27.740000	0.299378E-01
27.760000	0.108481E-01
27.780000	0.312858E-01
27.800000	-0.636306E-02
27.820000	-0.384465E-01
27.840000	0.338681E-01
27.860000	0.531286E-01
27.880000	0.402055E-02
27.900000	0.566426E-02
27.920000	0.571898E-01
27.940000	0.467561E-01
27.960000	-0.311952E-01
27.980000	-0.203585E-01
28.000000	-0.112343E-01
28.020000	0.763020E-02
28.040000	0.186412E-01
28.060000	0.127820E-02
28.080000	-0.364845E-01
28.100000	-0.138239E-01
28.120000	0.544939E-01
28.140000	0.898629E-01
28.160000	0.677149E-01
28.180000	-0.815039E-02
28.200000	-0.590692E-01
28.220000	0.105219E-01
28.240000	0.116256E+00
28.260000	0.143022E+00
28.280000	0.485375E-02
28.300000	-0.198147E+00
28.320000	-0.163508E+00
28.340000	-0.848245E-01
28.360000	-0.731153E-01
28.380000	-0.520567E-01
28.400000	0.178796E-01
28.420000	0.284845E-01
28.440000	-0.542878E-01
28.460000	-0.131272E+00
28.480000	-0.140780E+00
28.500000	-0.465962E-01
28.520000	-0.286208E-01
28.540000	0.116785E-01
28.560000	0.127631E+00
28.580000	0.153236E+00
28.600000	0.902198E-01
28.620000	-0.204926E-02
28.640000	-0.445954E-03
28.660000	0.364253E-01
28.680000	0.297386E-01
28.700000	-0.138136E-01
28.720000	-0.547092E-01
28.740000	-0.331821E-01
28.760000	0.241037E-01
28.780000	0.278214E-01
28.800000	-0.307378E-01
28.820000	-0.462167E-01
28.840000	0.287637E-01
28.860000	0.348605E-01
28.880000	-0.317915E-01
28.900000	-0.616826E-01
28.920000	-0.965603E-01
28.940000	-0.120766E+00
28.960000	-0.631384E-01
28.980000	0.890820E-01
29.000000	0.773140E-01
29.020000	-0.131921E-01
29.040000	0.155384E-01
29.060000	0.187724E-01
29.080000	0.329236E-01
29.100000	0.472915E-01
29.120000	0.753147E-01
29.140000	0.836152E-01
29.160000	0.616747E-01
29.180000	0.547977E-01
29.200000	0.317682E-01
29.220000	-0.466219E-02
29.240000	-0.219394E-01
29.260000	0.892865E-03
29.280000	0.273502E-01
29.300000	0.517857E-01
29.320000	0.836371E-01
29.340000	0.558530E-01
29.360000	-0.492750E-01
29.380000	-0.124885E+00
29.400000	-0.936870E-01
29.420000	0.940888E-03
29.440000	0.100708E-01
29.460000	-0.222835E-02
29.480000	0.429441E-01
29.500000	0.635318E-01
29.520000	0.465099E-01
29.540000	-0.359075E-03
29.560000	-0.579001E-01
29.580000	-0.838060E-01
29.600000	-0.442905E-01
29.620000	-0.198705E-01
29.640000	0.291390E-01
29.660000	0.121354E+00
29.680000	0.164759E+00
29.700000	0.127442E+00
29.720000	0.191160E-01
29.740000	-0.527364E-01
29.760000	-0.111276E+00
29.780000	-0.693352E-01
29.800000	0.432603E-01
29.820000	0.164272E-01
29.840000	-0.647197E-01
29.860000	-0.507049E-01
29.880000	0.168702E-01
29.900000	0.249050E-01
29.920000	-0.166484E-01
29.940000	-0.125870E-01
29.960000	-0.309810E-01
29.980000	-0.598967E-01
30.000000	-0.420347E-01
30.020000	-0.761226E-01
30.040000	-0.553144E-01
30.060000	0.105247E-01
30.080000	-0.101060E-01
30.100000	-0.696196E-01
30.120000	-0.243269E-01
30.140000	0.678350E-01
30.160000	0.102245E+00
30.180000	0.271518E-01
30.200000	-0.189161E+00
30.220000	-0.251605E+00
30.240000	-0.165978E+00
30.260000	-0.988280E-01
30.280000	-0.173123E-01
30.300000	0.460895E-01
30.320000	0.717983E-01
30.340000	0.117135E+00
30.360000	0.998124E-01
30.380000	-0.552674E-02
30.400000	-0.106403E+00
30.420000	-0.110834E+00
30.440000	-0.360783E-01
30.460000	-0.142365E-01
30.480000	0.213179E-01
30.500000	-0.444010E-02
30.520000	-0.286916E-03
30.540000	0.450849E-01
30.560000	0.302389E-01
30.580000	0.347951E-01
30.600000	0.505703E-01
30.620000	-0.101879E-01
30.640000	-0.812961E-01
30.660000	-0.620400E-02
30.680000	0.401973E-01
30.700000	0.252606E-01
30.720000	0.183200E-01
30.740000	-0.129095E-02
30.760000	-0.632096E-01
30.780000	-0.580019E-01
30.800000	-0.120713E-02
30.820000	-0.247255E-01
30.840000	-0.264559E-01
30.860000	0.178741E-01
30.880000	0.262021E-01
30.900000	-0.147622E-02
30.920000	-0.140368E-01
30.940000	-0.309209E-01
30.960000	-0.353346E-01
30.980000	0.104719E-01
31.000000	0.673368E-01
31.020000	0.618152E-01
31.040000	-0.212386E-01
31.060000	-0.828850E-01
31.080000	-0.544428E-01
31.100000	0.235995E-01
31.120000	0.653667E-01
31.140000	0.415527E-01
31.160000	-0.176372E-01
31.180000	-0.578521E-01
31.200000	-0.310060E-01
31.220000	0.416323E-01
31.240000	0.421747E-01
31.260000	-0.590766E-02
31.280000	-0.487021E-01
31.300000	-0.889741E-01
31.320000	-0.662767E-01
31.340000	0.162209E-01
31.360000	0.857541E-01
31.380000	0.808068E-01
31.400000	0.172386E-01
31.420000	-0.279997E-01
31.440000	0.169396E-02
31.460000	0.630714E-01
31.480000	0.758787E-01
31.500000	0.615480E-01
31.520000	0.173404E-01
31.540000	-0.396128E-02
31.560000	-0.352156E-02
31.580000	-0.335283E-01
31.600000	-0.155711E-01
31.620000	0.574462E-01
31.640000	0.722103E-01
31.660000	0.136756E-01
31.680000	-0.420169E-01
31.700000	-0.403385E-01
31.720000	0.145944E-02
31.740000	-0.988607E-03
31.760000	-0.738451E-01
31.780000	-0.717583E-01
31.800000	0.139684E-01
31.820000	0.344187E-01
31.840000	0.230669E-01
31.860000	-0.181137E-01
31.880000	-0.348614E-01
31.900000	-0.152580E-01
31.920000	-0.346166E-01
31.940000	-0.584257E-01
31.960000	-0.897508E-01
31.980000	-0.761689E-01
32.000000	-0.219136E-01
32.020000	0.247269E-01
32.040000	0.100974E+00
32.060000	0.144447E+00
32.080000	0.518079E-01
32.100000	-0.119776E+00
32.120000	-0.108327E+00
32.140000	0.431431E-01
32.160000	0.129732E+00
32.180000	0.112833E+00
32.200000	0.155390E-01
32.220000	-0.484814E-01
32.240000	-0.837321E-01
32.260000	-0.458779E-01
32.280000	0.891046E-01
32.300000	0.509375E-01
32.320000	-0.133567E+00
32.340000	-0.219534E+00
32.360000	-0.146939E+00
32.380000	-0.256650E-01
32.400000	-0.177310E-01
32.420000	-0.497091E-01
32.440000	-0.517496E-01
32.460000	0.381487E-01
32.480000	0.119072E+00
32.500000	0.957321E-01
32.520000	0.373006E-01
32.540000	-0.296270E-02
32.560000	-0.560070E-02
32.580000	0.490418E-01
32.600000	0.991889E-01
32.620000	0.138971E+00
32.640000	0.123312E+00
32.660000	0.575837E-01
32.680000	0.388232E-02
32.700000	-0.297465E-01
32.720000	0.179864E-01
32.740000	0.780579E-01
32.760000	0.122957E+00
32.780000	0.694336E-01
32.800000	-0.921223E-01
32.820000	-0.228050E+00
32.840000	-0.232463E+00
32.860000	-0.115716E+00
32.880000	-0.349630E-01
32.900000	0.454725E-02
32.920000	0.242286E-01
32.940000	-0.270982E-01
32.960000	-0.154463E+00
32.980000	-0.176596E+00
33.000000	-0.478352E-01
33.020000	0.318942E-01
33.040000	0.131944E+00
33.060000	0.237295E+00
33.080000	0.170103E+00
33.100000	0.905995E-01
33.120000	0.641573E-01
33.140000	0.790846E-01
33.160000	0.136391E+00
33.180000	0.149995E+00
33.200000	0.147708E+00
33.220000	0.245693E-01
33.240000	-0.219038E+00
33.260000	-0.498237E-01
33.280000	0.573064E-01
33.300000	-0.252345E+00
33.320000	-0.243410E+00
33.340000	-0.855481E-01
33.360000	0.655425E-01
33.380000	0.216494E+00
33.400000	0.567595E-01
33.420000	-0.972383E-02
33.440000	0.493766E-01
33.460000	0.391903E-01
33.480000	0.744001E-01
33.500000	-0.185061E-01
33.520000	0.948252E-01
33.540000	0.204874E+00
33.560000	0.111885E+00
33.580000	-0.752798E-01
33.600000	-0.126642E+00
33.620000	-0.101514E-01
33.640000	0.748922E-01
33.660000	0.129407E+00
33.680000	0.818268E-01
33.700000	-0.917441E-01
33.720000	-0.109918E+00
33.740000	0.376803E-01
33.760000	0.111392E+00
33.780000	0.120452E+00
33.800000	0.529409E-01
33.820000	-0.475841E-02
33.840000	-0.178176E-01
33.860000	-0.434482E-02
33.880000	-0.221253E-01
33.900000	-0.527724E-01
33.920000	-0.738700E-01
33.940000	-0.137352E+00
33.960000	-0.148643E+00
33.980000	-0.119893E+00
34.000000	-0.541571E-01
34.020000	0.391045E-01
34.040000	0.106898E+00
34.060000	0.189981E+00
34.080000	0.229155E+00
34.100000	0.223526E+00
34.120000	0.166872E+00
34.140000	0.322601E-01
34.160000	-0.550782E-01
34.180000	-0.848176E-01
34.200000	-0.386814E-01
34.220000	-0.342177E-01
34.240000	-0.418631E-01
34.260000	0.449630E-01
34.280000	0.119825E+00
34.300000	0.180683E+00
34.320000	0.160590E+00
34.340000	-0.234192E-02
34.360000	-0.125130E+00
34.380000	-0.162779E+00
34.400000	-0.149052E+00
34.420000	-0.105057E+00
34.440000	-0.938041E-01
34.460000	-0.571958E-01
34.480000	-0.229833E-01
34.500000	0.107037E-01
34.520000	0.483593E-01
34.540000	0.509336E-01
34.560000	0.679536E-01
34.580000	0.654948E-01
34.600000	-0.246484E-01
34.620000	-0.772624E-01
34.640000	-0.110604E+00
34.660000	-0.126699E+00
34.680000	-0.130373E+00
34.700000	-0.998622E-01
34.720000	0.444915E-01
34.740000	0.130730E+00
34.760000	0.391164E-01
34.780000	-0.151464E+00
34.800000	-0.177354E+00
34.820000	-0.605032E-01
34.840000	0.326196E-01
34.860000	0.956161E-01
34.880000	0.712982E-01
34.900000	-0.572292E-01
34.920000	-0.637639E-01
34.940000	0.464222E-01
34.960000	0.230151E-01
34.980000	0.257131E-01
35.000000	0.623342E-01
35.020000	0.293597E-01
35.040000	-0.199184E-01
35.060000	-0.752570E-01
35.080000	-0.134366E+00
35.100000	-0.132378E+00
35.120000	-0.517978E-01
35.140000	0.156561E-01
35.160000	0.707194E-01
35.180000	0.563206E-01
35.200000	-0.450592E-01
35.220000	-0.831781E-01
35.240000	-0.211088E-01
35.260000	0.197248E-02
35.280000	0.857487E-02
35.300000	0.166446E-01
35.320000	-0.428412E-01
35.340000	-0.586742E-01
35.360000	-0.120305E-01
35.380000	0.136104E-01
35.400000	0.256383E-01
35.420000	0.490305E-01
35.440000	0.428200E-01
35.460000	0.975064E-03
35.480000	-0.236692E-01
35.500000	-0.391829E-01
35.520000	-0.276993E-01
35.540000	0.123631E-01
35.560000	0.121177E-02
35.580000	-0.504051E-01
35.600000	-0.298042E-01
35.620000	0.385512E-01
35.640000	0.587697E-01
35.660000	0.452500E-01
35.680000	-0.703799E-02
35.700000	-0.581064E-01
35.720000	-0.291586E-01
35.740000	0.479089E-01
35.760000	0.619305E-01
35.780000	0.422054E-01
35.800000	0.385604E-01
35.820000	0.144828E-02
35.840000	-0.461666E-01
35.860000	-0.366934E-01
35.880000	0.233019E-01
35.900000	0.895144E-02
35.920000	-0.303792E-01
35.940000	-0.383536E-01
35.960000	-0.966866E-01
35.980000	-0.793214E-01
36.000000	-0.170310E-01
36.020000	0.597344E-02
36.040000	0.480495E-01
36.060000	0.344476E-02
36.080000	-0.328714E-01
36.100000	-0.643474E-02
36.120000	-0.331711E-01
36.140000	-0.902448E-01
36.160000	-0.874359E-01
36.180000	-0.293901E-01
36.200000	0.181759E-01
36.220000	0.356841E-01
36.240000	0.590172E-01
36.260000	0.615028E-01
36.280000	0.224327E-01
36.300000	0.407449E-02
36.320000	0.707421E-02
36.340000	0.376464E-01
36.360000	0.469547E-01
36.380000	0.304214E-01
36.400000	0.455168E-01
36.420000	0.528427E-01
36.440000	0.549941E-01
36.460000	0.699748E-01
36.480000	0.941061E-01
36.500000	0.296671E-01
36.520000	-0.101007E+00
36.540000	-0.177396E+00
36.560000	-0.190659E+00
36.580000	-0.105418E+00
36.600000	-0.429210E-01
36.620000	-0.108816E-01
36.640000	0.274760E-01
36.660000	0.403189E-01
36.680000	0.325145E-02
36.700000	-0.217421E-01
36.720000	0.389877E-01
36.740000	0.115689E+00
36.760000	0.970213E-01
36.780000	0.533302E-02
36.800000	-0.538675E-02
36.820000	0.228005E-01
36.840000	-0.123636E-01
36.860000	-0.527666E-01
36.880000	-0.382096E-01
36.900000	-0.220338E-01
36.920000	-0.411835E-01
36.940000	-0.385266E-01
36.960000	-0.606350E-01
36.980000	-0.168521E-01
37.000000	0.114311E+00
37.020000	0.175805E+00
37.040000	0.113012E+00
37.060000	-0.168102E-01
37.080000	-0.801707E-01
37.100000	-0.787736E-01
37.120000	-0.217715E-01
37.140000	0.306645E-01
37.160000	0.683624E-01
37.180000	0.737073E-01
37.200000	0.316833E-01
37.220000	0.852630E-02
37.240000	0.692591E-01
37.260000	0.109942E+00
37.280000	0.375512E-01
37.300000	-0.180584E-01
37.320000	-0.337716E-01
37.340000	0.333654E-02
37.360000	0.214798E-01
37.380000	0.105960E-01
37.400000	0.517525E-01
37.420000	0.100227E+00
37.440000	0.114775E+00
37.460000	0.600424E-01
37.480000	-0.852874E-02
37.500000	-0.590275E-01
37.520000	-0.845361E-01
37.540000	-0.995718E-01
37.560000	-0.987126E-01
37.580000	-0.134308E-01
37.600000	0.660669E-01
37.620000	0.119574E+00
37.640000	0.866934E-01
37.660000	-0.311196E-01
37.680000	-0.104821E+00
37.700000	-0.844913E-01
37.720000	0.173084E-01
37.740000	0.277882E-01
37.760000	-0.247375E-01
37.780000	-0.370454E-01
37.800000	-0.277749E-01
37.820000	0.481923E-01
37.840000	0.115144E+00
37.860000	0.914730E-01
37.880000	0.615171E-02
37.900000	-0.735567E-01
37.920000	-0.870144E-01
37.940000	-0.671424E-02
37.960000	0.464752E-01
37.980000	0.530663E-01
38.000000	0.264972E-01
38.020000	-0.281469E-01
38.040000	-0.547747E-01
38.060000	-0.293350E-01
38.080000	0.143358E-01
38.100000	0.262790E-01
38.120000	0.292938E-01
38.140000	0.712759E-01
38.160000	0.307835E-01
38.180000	-0.963016E-01
38.200000	-0.104229E+00
38.220000	0.421460E-02
38.240000	0.480408E-01
38.260000	-0.593426E-02
38.280000	-0.692389E-01
38.300000	-0.554554E-01
38.320000	0.117243E-01
38.340000	0.568274E-01
38.360000	0.502724E-01
38.380000	-0.352200E-01
38.400000	-0.513864E-01
38.420000	0.334784E-01
38.440000	0.903274E-01
38.460000	0.795217E-01
38.480000	0.305752E-01
38.500000	-0.112175E-01
38.520000	-0.657297E-01
38.540000	-0.803602E-01
38.560000	-0.787691E-01
38.580000	-0.917935E-01
38.600000	-0.100095E+00
38.620000	-0.732657E-01
38.640000	0.317988E-01
38.660000	0.950114E-01
38.680000	0.572397E-01
38.700000	-0.313611E-01
38.720000	-0.894646E-01
38.740000	-0.984639E-01
38.760000	-0.715111E-01
38.780000	-0.467280E-01
38.800000	-0.408221E-01
38.820000	-0.433729E-01
38.840000	-0.246123E-01
38.860000	0.505359E-02
38.880000	0.401867E-01
38.900000	0.708994E-01
38.920000	0.605048E-01
38.940000	-0.335781E-03
38.960000	-0.452315E-01
38.980000	-0.589859E-01
39.000000	-0.613927E-01
39.020000	0.269411E-02
39.040000	0.458826E-01
39.060000	0.460738E-01
39.080000	0.330662E-01
39.100000	0.452060E-01
39.120000	0.567173E-01
39.140000	0.234977E-01
39.160000	0.192813E-01
39.180000	0.364041E-01
39.200000	-0.102326E-01
39.220000	-0.387671E-01
39.240000	0.514403E-02
39.260000	0.263659E-02
39.280000	-0.300143E-01
39.300000	-0.681956E-02
39.320000	0.244826E-01
39.340000	0.359391E-01
39.360000	0.331593E-01
39.380000	0.623968E-01
39.400000	0.766684E-01
39.420000	0.243942E-01
39.440000	-0.224697E-01
39.460000	-0.321974E-01
39.480000	0.129352E-01
39.500000	0.167999E-01
39.520000	-0.330860E-01
39.540000	-0.548460E-01
39.560000	-0.418365E-01
39.580000	0.192782E-01
39.600000	0.462459E-01
39.620000	-0.174865E-01
39.640000	-0.581112E-01
39.660000	-0.208961E-01
39.680000	-0.878093E-03
39.700000	-0.329517E-01
39.720000	-0.311338E-01
39.740000	0.359646E-01
39.760000	0.945892E-01
39.780000	0.745011E-01
39.800000	-0.106359E-01
39.820000	-0.471383E-01
39.840000	0.747454E-02
39.860000	0.613079E-01
39.880000	0.441902E-01
39.900000	-0.545978E-03
39.920000	-0.480019E-01
39.940000	-0.630818E-01
39.960000	-0.449596E-01
39.980000	-0.449643E-01
40.000000	-0.264934E-01
40.020000	-0.265288E-01
40.040000	-0.232550E-01
40.060000	0.595807E-02
40.080000	0.328389E-01
40.100000	0.227874E-01
40.120000	-0.383633E-01
40.140000	-0.366920E-01
40.160000	0.191247E-01
40.180000	0.384862E-01
40.200000	0.203266E-01
40.220000	0.287815E-01
40.240000	0.391842E-01
40.260000	0.146180E-01
40.280000	0.350286E-01
40.300000	0.490464E-01
40.320000	0.759084E-02
40.340000	-0.884119E-02
40.360000	0.358763E-01
40.380000	0.504020E-01
40.400000	0.235442E-02
40.420000	-0.653417E-01
40.440000	-0.721338E-01
40.460000	-0.372164E-01
40.480000	-0.127626E-02
40.500000	0.590050E-01
40.520000	0.115900E+00
40.540000	0.120503E+00
40.560000	0.408291E-01
40.580000	-0.478944E-02
40.600000	-0.348144E-01
40.620000	-0.482400E-01
40.640000	-0.112910E-01
40.660000	-0.491777E-01
40.680000	-0.648838E-01
40.700000	0.173296E-01
40.720000	0.872088E-01
40.740000	0.725682E-01
40.760000	-0.334028E-01
40.780000	-0.141442E+00
40.800000	-0.122780E+00
40.820000	0.756129E-02
40.840000	0.790826E-01
40.860000	0.909563E-01
40.880000	0.386131E-01
40.900000	-0.749733E-01
40.920000	-0.676973E-01
40.940000	0.273952E-01
40.960000	0.851672E-01
40.980000	0.879578E-01
41.000000	0.887102E-02
41.020000	-0.931668E-01
41.040000	-0.121258E+00
41.060000	-0.298466E-01
41.080000	0.205869E-01
41.100000	0.516784E-01
41.120000	0.411219E-01
41.140000	-0.357001E-01
41.160000	-0.835776E-01
41.180000	-0.729348E-01
41.200000	-0.198245E-01
41.220000	-0.157002E-01
41.240000	0.157584E-01
41.260000	0.638183E-01
41.280000	0.557690E-01
41.300000	0.352284E-06
41.320000	-0.473797E-01
41.340000	-0.260556E-01
41.360000	0.212916E-01
41.380000	0.238539E-01
41.400000	0.276666E-01
41.420000	0.447020E-01
41.440000	0.573899E-01
41.460000	0.715767E-02
41.480000	-0.511875E-02
41.500000	0.773902E-01
41.520000	0.961378E-01
41.540000	0.801296E-02
41.560000	-0.961308E-01
41.580000	-0.113661E+00
41.600000	-0.443857E-01
41.620000	0.270221E-02
41.640000	0.289462E-01
41.660000	0.447435E-01
41.680000	0.194628E-01
41.700000	-0.658586E-01
41.720000	-0.738492E-01
41.740000	0.523872E-01
41.760000	0.752562E-01
41.780000	-0.149369E-02
41.800000	-0.284661E-01
41.820000	0.700758E-02
41.840000	0.280088E-01
41.860000	0.260218E-01
41.880000	0.253379E-02
41.900000	-0.237406E-01
41.920000	-0.201347E-01
41.940000	-0.376993E-01
41.960000	-0.507006E-01
41.980000	-0.241687E-01
42.000000	-0.185142E-01
42.020000	-0.283412E-01
42.040000	-0.438724E-01
42.060000	-0.533805E-01
42.080000	-0.134650E-01
42.100000	0.123289E-01
42.120000	0.299786E-02
42.140000	-0.483307E-01
42.160000	-0.437355E-01
42.180000	0.331110E-01
42.200000	0.309081E-01
42.220000	-0.335452E-01
42.240000	-0.398896E-01
42.260000	0.110335E-01
42.280000	0.356064E-01
42.300000	0.229809E-01
42.320000	0.718135E-02
42.340000	0.133173E-01
42.360000	0.152717E-01
42.380000	-0.136537E-01
42.400000	-0.756861E-02
42.420000	0.159024E-01
42.440000	0.102727E-01
42.460000	-0.450478E-02
42.480000	0.219463E-01
42.500000	0.301568E-01
42.520000	0.270570E-01
42.540000	0.108274E-01
42.560000	-0.746467E-01
42.580000	-0.959747E-01
42.600000	-0.407396E-01
42.620000	-0.800107E-02
42.640000	0.214401E-01
42.660000	0.122341E-01
42.680000	-0.269841E-01
42.700000	-0.184509E-03
42.720000	0.354054E-01
42.740000	0.486248E-01
42.760000	0.777278E-01
42.780000	0.735306E-01
42.800000	-0.125454E-01
42.820000	-0.740456E-01
42.840000	-0.564930E-01
42.860000	0.154371E-01
42.880000	0.728623E-01
42.900000	0.978333E-01
42.920000	0.866592E-01
42.940000	-0.369187E-02
42.960000	-0.444807E-01
42.980000	-0.166682E-02
43.000000	-0.102590E-01
43.020000	-0.852541E-02
43.040000	0.667489E-01
43.060000	0.736837E-01
43.080000	-0.277470E-01
43.100000	-0.594122E-01
43.120000	-0.239744E-01
43.140000	-0.295111E-01
43.160000	-0.226806E-01
43.180000	0.236609E-02
43.200000	-0.147674E-01
43.220000	-0.642106E-01
43.240000	-0.859716E-01
43.260000	-0.759235E-01
43.280000	-0.341204E-01
43.300000	0.384292E-02
43.320000	0.335840E-01
43.340000	0.194765E-01
43.360000	-0.941191E-01
43.380000	-0.107932E+00
43.400000	0.364604E-01
43.420000	0.954290E-01
43.440000	0.575023E-01
43.460000	0.255044E-01
43.480000	-0.460420E-01
43.500000	-0.660191E-01
43.520000	0.133155E-01
43.540000	0.536541E-01
43.560000	0.619610E-01
43.580000	0.427135E-01
43.600000	0.125984E-01
43.620000	-0.706666E-02
43.640000	-0.309593E-01
43.660000	-0.316076E-01
43.680000	-0.126791E-01
43.700000	0.997019E-02
43.720000	0.498883E-01
43.740000	0.676472E-01
43.760000	0.280742E-01
43.780000	-0.483498E-01
43.800000	-0.713740E-01
43.820000	-0.202309E-01
43.840000	-0.192629E-02
43.860000	0.859629E-02
43.880000	0.943395E-02
43.900000	-0.983316E-02
43.920000	-0.188133E-01
43.940000	-0.846464E-02
43.960000	-0.267799E-01
43.980000	-0.395103E-01
44.000000	-0.129407E-01
44.020000	0.668509E-02
44.040000	0.366275E-01
44.060000	0.483836E-01
44.080000	0.272976E-01
44.100000	-0.824731E-02
44.120000	-0.403921E-01
44.140000	-0.235618E-02
44.160000	0.743160E-01
44.180000	0.102343E+00
44.200000	0.588598E-01
44.220000	-0.258600E-01
44.240000	-0.578049E-01
44.260000	0.722495E-03
44.280000	0.614817E-01
44.300000	0.827528E-01
44.320000	0.474988E-01
44.340000	-0.173376E-01
44.360000	-0.525924E-01
44.380000	-0.297889E-01
44.400000	-0.148306E-02
44.420000	0.207026E-01
44.440000	0.238655E-01
44.460000	-0.240019E-01
44.480000	-0.399483E-01
44.500000	-0.128930E-02
44.520000	0.275468E-01
44.540000	0.311806E-01
44.560000	-0.122711E-01
44.580000	-0.313945E-01
44.600000	0.260356E-01
44.620000	0.343291E-01
44.640000	-0.629421E-02
44.660000	0.273758E-02
44.680000	0.290145E-01
44.700000	-0.101316E-01
44.720000	-0.314794E-01
44.740000	0.761488E-02
44.760000	0.401818E-01
44.780000	0.279518E-01
44.800000	-0.447811E-01
44.820000	-0.105536E+00
44.840000	-0.831147E-01
44.860000	0.149207E-01
44.880000	0.651250E-01
44.900000	0.515634E-01
44.920000	-0.126305E-01
44.940000	-0.100273E+00
44.960000	-0.959643E-01
44.980000	-0.125452E-01
45.000000	0.220758E-01
45.020000	0.124538E-01
45.040000	0.199711E-01
45.060000	-0.220167E-01
45.080000	-0.598566E-01
45.100000	-0.299794E-01
45.120000	0.123067E-02
45.140000	0.742770E-02
45.160000	-0.284146E-01
45.180000	-0.499825E-01
45.200000	-0.801037E-02
45.220000	0.329935E-01
45.240000	0.394502E-01
45.260000	0.161098E-01
45.280000	-0.855993E-02
45.300000	-0.351866E-01
45.320000	-0.444996E-01
45.340000	-0.433460E-02
45.360000	0.360042E-01
45.380000	0.444655E-01
45.400000	0.114852E-01
45.420000	-0.330392E-01
45.440000	-0.297949E-01
45.460000	0.254422E-01
45.480000	0.715721E-01
45.500000	0.641047E-01
45.520000	0.155758E-01
45.540000	-0.289606E-01
45.560000	-0.246411E-01
45.580000	0.243743E-02
45.600000	0.404644E-02
45.620000	0.321647E-01
45.640000	0.541524E-01
45.660000	0.233187E-01
45.680000	-0.197378E-01
45.700000	-0.390731E-01
45.720000	-0.439134E-02
45.740000	0.190974E-01
45.760000	-0.221324E-01
45.780000	-0.531883E-01
45.800000	-0.139655E-01
45.820000	0.542122E-01
45.840000	0.727714E-01
45.860000	0.146594E-01
45.880000	-0.144622E-01
45.900000	-0.134986E-01
45.920000	-0.104271E-01
45.940000	0.292800E-01
45.960000	0.426817E-01
45.980000	0.178262E-01
46.000000	0.687199E-02
