0.000000	0.000000
0.010000	0.499036E-05
0.020000	0.498183E-05
0.030000	0.499769E-05
0.040000	0.500469E-05
0.050000	0.497294E-05
0.060000	0.498681E-05
0.070000	0.509403E-05
0.080000	0.516000E-05
0.090000	0.491259E-05
0.100000	0.460635E-05
0.110000	0.489383E-05
0.120000	0.563409E-05
0.130000	0.574880E-05
0.140000	0.510078E-05
0.150000	0.438376E-05
0.160000	0.442357E-05
0.170000	0.447954E-05
0.180000	0.357422E-05
0.190000	0.341896E-05
0.200000	0.483732E-05
0.210000	0.605905E-05
0.220000	0.624615E-05
0.230000	0.523601E-05
0.240000	0.458940E-05
0.250000	0.922583E-06
0.260000	-0.729684E-05
0.270000	-0.758125E-05
0.280000	0.101251E-05
0.290000	0.853966E-05
0.300000	0.951653E-05
0.310000	0.284072E-05
0.320000	0.312054E-05
0.330000	0.131851E-04
0.340000	0.113735E-04
0.350000	0.331183E-05
0.360000	0.756418E-05
0.370000	0.169939E-04
0.380000	0.162883E-04
0.390000	0.725188E-05
0.400000	0.187190E-05
0.410000	0.729618E-05
0.420000	0.150216E-04
0.430000	0.771148E-05
0.440000	-0.415944E-05
0.450000	-0.705600E-06
0.460000	0.991852E-05
0.470000	0.799029E-05
0.480000	-0.502407E-05
0.490000	-0.612703E-05
0.500000	0.435987E-05
0.510000	0.780144E-05
0.520000	-0.163019E-06
0.530000	-0.107444E-04
0.540000	-0.119231E-04
0.550000	0.104315E-04
0.560000	0.192428E-04
0.570000	0.120236E-05
0.580000	-0.156617E-04
0.590000	-0.632106E-05
0.600000	0.184228E-04
0.610000	0.196903E-04
0.620000	0.253593E-05
0.630000	-0.374876E-05
0.640000	0.992352E-05
0.650000	0.155822E-04
0.660000	-0.229488E-04
0.670000	-0.322871E-04
0.680000	0.864743E-05
0.690000	0.333805E-04
0.700000	0.288848E-04
0.710000	0.502874E-05
0.720000	-0.103071E-04
0.730000	-0.657056E-05
0.740000	-0.187216E-04
0.750000	-0.253564E-04
0.760000	-0.222450E-04
0.770000	-0.111307E-04
0.780000	-0.178780E-04
0.790000	-0.837136E-04
0.800000	-0.107896E-03
0.810000	-0.199922E-04
0.820000	0.564874E-04
0.830000	0.376583E-04
0.840000	-0.643044E-05
0.850000	-0.416337E-04
0.860000	-0.263188E-04
0.870000	-0.189955E-05
0.880000	-0.158629E-04
0.890000	-0.134651E-04
0.900000	0.500816E-05
0.910000	-0.199782E-04
0.920000	-0.797685E-04
0.930000	-0.692145E-04
0.940000	0.147725E-04
0.950000	0.774502E-04
0.960000	0.809809E-04
0.970000	0.499270E-04
0.980000	0.431667E-04
0.990000	0.818955E-04
1.000000	0.321776E-04
1.010000	-0.767141E-04
1.020000	-0.688484E-04
1.030000	0.924137E-05
1.040000	0.481883E-05
1.050000	-0.526360E-04
1.060000	-0.388058E-04
1.070000	0.271232E-04
1.080000	0.744179E-04
1.090000	0.345437E-04
1.100000	-0.324722E-04
1.110000	-0.560733E-04
1.120000	-0.109658E-04
1.130000	0.268941E-04
1.140000	0.991826E-05
1.150000	-0.647630E-05
1.160000	-0.887486E-05
1.170000	-0.101115E-04
1.180000	0.184699E-04
1.190000	0.721735E-04
1.200000	0.878503E-04
1.210000	0.848669E-04
1.220000	0.109561E-03
1.230000	0.108013E-03
1.240000	0.302433E-04
1.250000	-0.341407E-04
1.260000	-0.469298E-04
1.270000	-0.208900E-04
1.280000	0.464676E-04
1.290000	0.825643E-04
1.300000	0.416546E-04
1.310000	-0.208431E-04
1.320000	-0.222608E-04
1.330000	0.626676E-04
1.340000	0.132695E-03
1.350000	0.117636E-03
1.360000	0.181743E-04
1.370000	-0.525051E-04
1.380000	-0.493829E-04
1.390000	-0.555071E-05
1.400000	0.429811E-04
1.410000	0.758426E-04
1.420000	0.814717E-04
1.430000	0.681757E-04
1.440000	0.146723E-03
1.450000	0.177310E-03
1.460000	0.931346E-04
1.470000	0.345564E-04
1.480000	0.243961E-04
1.490000	0.497818E-06
1.500000	-0.763487E-04
1.510000	-0.926116E-04
1.520000	-0.260433E-04
1.530000	0.135434E-04
1.540000	0.160957E-04
1.550000	0.530096E-05
1.560000	0.291937E-04
1.570000	0.267112E-04
1.580000	-0.548843E-05
1.590000	-0.606412E-05
1.600000	-0.103696E-05
1.610000	-0.981309E-05
1.620000	-0.553564E-04
1.630000	-0.676828E-04
1.640000	-0.270698E-04
1.650000	-0.897409E-05
1.660000	-0.284325E-04
1.670000	-0.409176E-04
1.680000	-0.568866E-04
1.690000	-0.437861E-04
1.700000	0.182307E-04
1.710000	0.119327E-04
1.720000	-0.337276E-04
1.730000	-0.151786E-04
1.740000	0.269574E-06
1.750000	-0.233819E-04
1.760000	-0.593915E-04
1.770000	-0.611915E-04
1.780000	-0.164576E-04
1.790000	-0.701574E-05
1.800000	-0.460144E-04
1.810000	-0.834407E-04
1.820000	-0.131321E-03
1.830000	-0.191298E-03
1.840000	-0.940432E-04
1.850000	0.490779E-04
1.860000	0.390455E-04
1.870000	-0.297837E-05
1.880000	0.194178E-04
1.890000	0.290495E-04
1.900000	0.425753E-05
1.910000	0.299647E-04
1.920000	0.664381E-04
1.930000	0.628771E-04
1.940000	0.818415E-05
1.950000	-0.282165E-04
1.960000	-0.674883E-05
1.970000	0.475304E-04
1.980000	0.110195E-03
1.990000	0.203146E-03
2.000000	0.198338E-03
2.010000	-0.483804E-04
2.020000	-0.273115E-03
2.030000	-0.225819E-03
2.040000	0.186288E-04
2.050000	0.182781E-03
2.060000	0.129971E-03
2.070000	0.396923E-04
2.080000	0.442725E-04
2.090000	0.591326E-04
2.100000	-0.290595E-05
2.110000	-0.961117E-04
2.120000	-0.665012E-04
2.130000	0.923855E-05
2.140000	-0.492184E-04
2.150000	-0.159676E-03
2.160000	-0.796795E-04
2.170000	0.776185E-04
2.180000	0.395424E-04
2.190000	-0.688757E-04
2.200000	-0.130680E-03
2.210000	-0.104085E-03
2.220000	-0.352315E-04
2.230000	-0.292201E-04
2.240000	-0.583563E-04
2.250000	-0.101055E-03
2.260000	-0.124236E-03
2.270000	-0.162033E-03
2.280000	-0.202263E-03
2.290000	-0.973799E-04
2.300000	0.641960E-04
2.310000	0.611030E-04
2.320000	-0.705591E-04
2.330000	-0.176436E-03
2.340000	-0.456406E-04
2.350000	0.121106E-03
2.360000	0.145993E-03
2.370000	0.952769E-04
2.380000	0.769822E-04
2.390000	0.120987E-03
2.400000	0.124293E-03
2.410000	0.273697E-04
2.420000	0.442272E-05
2.430000	0.145717E-03
2.440000	0.178303E-03
2.450000	0.117962E-03
2.460000	0.724710E-04
2.470000	0.851831E-04
2.480000	0.770996E-04
2.490000	0.340717E-04
2.500000	0.112349E-04
2.510000	-0.353041E-04
2.520000	-0.753241E-04
2.530000	-0.422013E-04
2.540000	-0.256639E-04
2.550000	-0.118837E-03
2.560000	-0.186680E-03
2.570000	-0.816637E-04
2.580000	-0.303303E-04
2.590000	-0.729000E-04
2.600000	-0.318973E-05
2.610000	0.809380E-04
2.620000	0.126742E-04
2.630000	-0.617133E-04
2.640000	0.913837E-04
2.650000	0.203126E-03
2.660000	0.169459E-04
2.670000	-0.153297E-03
2.680000	-0.145049E-03
2.690000	-0.145452E-03
2.700000	-0.271892E-03
2.710000	-0.227112E-03
2.720000	-0.889932E-05
2.730000	0.535280E-04
2.740000	-0.130823E-04
2.750000	-0.882501E-05
2.760000	0.774820E-04
2.770000	0.995323E-04
2.780000	0.929947E-04
2.790000	0.108547E-03
2.800000	0.399564E-04
2.810000	-0.788925E-04
2.820000	-0.962847E-04
2.830000	-0.229358E-04
2.840000	0.704276E-04
2.850000	0.137296E-03
2.860000	0.170031E-03
2.870000	0.154683E-03
2.880000	0.104835E-03
2.890000	0.618744E-04
2.900000	0.465230E-06
2.910000	-0.195925E-04
2.920000	0.321492E-04
2.930000	0.678902E-04
2.940000	0.715830E-04
2.950000	-0.424413E-04
2.960000	-0.330892E-03
2.970000	-0.326617E-03
2.980000	-0.304593E-04
2.990000	0.127670E-03
3.000000	0.841386E-04
3.010000	0.624658E-04
3.020000	0.103713E-03
3.030000	0.642086E-04
3.040000	-0.667401E-04
3.050000	-0.143663E-03
3.060000	-0.159735E-03
3.070000	-0.978616E-04
3.080000	0.133695E-04
3.090000	0.995183E-04
3.100000	0.151550E-03
3.110000	0.825739E-04
3.120000	-0.198843E-04
3.130000	-0.179837E-04
3.140000	0.152887E-04
3.150000	0.221008E-04
3.160000	0.287008E-04
3.170000	0.398445E-04
3.180000	-0.393787E-05
3.190000	-0.302570E-04
3.200000	-0.475069E-04
3.210000	-0.633485E-04
3.220000	0.923459E-05
3.230000	0.507148E-04
3.240000	-0.130829E-04
3.250000	-0.970604E-04
3.260000	-0.893819E-04
3.270000	-0.120233E-04
3.280000	0.737343E-04
3.290000	0.153879E-03
3.300000	0.224215E-03
3.310000	0.161683E-03
3.320000	-0.100020E-03
3.330000	-0.281450E-03
3.340000	-0.172821E-03
3.350000	0.812537E-05
3.360000	-0.556825E-05
3.370000	-0.119819E-03
3.380000	-0.141609E-03
3.390000	-0.375110E-04
3.400000	0.192072E-04
3.410000	0.181429E-04
3.420000	0.138737E-03
3.430000	0.203805E-03
3.440000	0.134033E-03
3.450000	0.447836E-06
3.460000	-0.126442E-03
3.470000	-0.125190E-03
3.480000	-0.425225E-04
3.490000	-0.108785E-04
3.500000	-0.659121E-05
3.510000	0.216407E-05
3.520000	0.428642E-04
3.530000	0.729009E-04
3.540000	0.119366E-03
3.550000	0.224480E-03
3.560000	0.217610E-03
3.570000	0.569673E-04
3.580000	-0.700909E-04
3.590000	-0.846677E-04
3.600000	0.675020E-05
3.610000	0.917780E-04
3.620000	-0.428784E-04
3.630000	-0.182290E-03
3.640000	-0.136253E-03
3.650000	-0.340764E-04
3.660000	-0.363891E-04
3.670000	-0.213359E-04
3.680000	0.103504E-03
3.690000	0.222848E-03
3.700000	0.161070E-03
3.710000	0.638166E-04
3.720000	0.812403E-05
3.730000	-0.952689E-04
3.740000	-0.145163E-03
3.750000	-0.650582E-04
3.760000	0.226721E-05
3.770000	-0.105843E-03
3.780000	-0.120107E-03
3.790000	0.361806E-04
3.800000	0.948131E-04
3.810000	-0.489161E-04
3.820000	-0.170284E-03
3.830000	-0.798214E-04
3.840000	0.757532E-04
3.850000	0.143969E-03
3.860000	0.115031E-03
3.870000	0.354843E-04
3.880000	-0.829991E-05
3.890000	0.479374E-04
3.900000	0.849471E-04
3.910000	0.972193E-06
3.920000	-0.683076E-04
3.930000	0.219084E-04
3.940000	0.134281E-03
3.950000	0.890649E-04
3.960000	0.264472E-04
3.970000	-0.997681E-05
3.980000	-0.511978E-04
3.990000	-0.621384E-04
4.000000	-0.586781E-04
4.010000	-0.263958E-04
4.020000	0.311464E-04
4.030000	0.153492E-03
4.040000	0.167087E-03
4.050000	0.103254E-04
4.060000	-0.710353E-04
4.070000	0.675101E-04
4.080000	0.261513E-03
4.090000	0.229838E-03
4.100000	-0.148586E-04
4.110000	-0.137125E-03
4.120000	-0.496151E-04
4.130000	0.123491E-03
4.140000	0.179320E-03
4.150000	0.599124E-04
4.160000	-0.648344E-04
4.170000	-0.102244E-03
4.180000	-0.414328E-04
4.190000	0.727908E-04
4.200000	0.143145E-03
4.210000	0.141086E-03
4.220000	0.883513E-04
4.230000	0.274925E-04
4.240000	0.166886E-04
4.250000	0.259852E-04
4.260000	0.670191E-04
4.270000	0.106999E-04
4.280000	-0.765056E-04
4.290000	0.104143E-04
4.300000	0.128501E-03
4.310000	0.108752E-03
4.320000	-0.132497E-04
4.330000	-0.923100E-04
4.340000	-0.366400E-04
4.350000	0.631971E-04
4.360000	0.459021E-04
4.370000	-0.272672E-04
4.380000	0.423984E-04
4.390000	0.218815E-03
4.400000	0.244060E-03
4.410000	0.522527E-05
4.420000	-0.217286E-03
4.430000	-0.191932E-03
4.440000	-0.137667E-03
4.450000	-0.284167E-03
4.460000	-0.199810E-03
4.470000	0.114466E-03
4.480000	0.184449E-03
4.490000	0.240626E-05
4.500000	-0.168661E-03
4.510000	-0.182236E-03
4.520000	-0.650781E-04
4.530000	0.485498E-04
4.540000	0.549641E-04
4.550000	0.582699E-05
4.560000	0.347852E-04
4.570000	0.328259E-04
4.580000	-0.697461E-04
4.590000	-0.893925E-04
4.600000	-0.309081E-04
4.610000	-0.470370E-04
4.620000	-0.156867E-03
4.630000	-0.222602E-03
4.640000	-0.927727E-04
4.650000	0.571650E-04
4.660000	0.103229E-03
4.670000	0.329226E-04
4.680000	-0.481185E-04
4.690000	-0.711539E-04
4.700000	-0.558349E-04
4.710000	-0.204504E-04
4.720000	-0.905979E-04
4.730000	-0.155193E-03
4.740000	-0.122274E-03
4.750000	-0.473452E-04
4.760000	-0.163851E-04
4.770000	-0.663320E-04
4.780000	-0.219311E-04
4.790000	0.843469E-04
4.800000	0.472698E-04
4.810000	0.249913E-05
4.820000	0.161572E-04
4.830000	0.650966E-05
4.840000	-0.188334E-04
4.850000	-0.788636E-04
4.860000	-0.875098E-04
4.870000	0.319395E-04
4.880000	0.981544E-04
4.890000	-0.991632E-04
4.900000	-0.356339E-03
4.910000	-0.289867E-03
4.920000	-0.896018E-04
4.930000	-0.391925E-04
4.940000	-0.720156E-04
4.950000	0.147346E-04
4.960000	0.153526E-03
4.970000	0.682139E-04
4.980000	-0.302920E-04
4.990000	0.740765E-04
5.000000	0.193838E-03
5.010000	0.932531E-04
5.020000	-0.617137E-04
5.030000	0.523905E-04
5.040000	0.274268E-03
5.050000	0.293950E-03
5.060000	0.112305E-03
5.070000	-0.308122E-04
5.080000	0.100490E-04
5.090000	0.755265E-04
5.100000	0.361267E-04
5.110000	-0.396982E-04
5.120000	-0.523195E-04
5.130000	-0.618376E-04
5.140000	-0.103081E-03
5.150000	-0.101578E-03
5.160000	-0.574944E-04
5.170000	-0.387499E-05
5.180000	0.363689E-04
5.190000	0.183891E-05
5.200000	-0.460576E-04
5.210000	-0.599737E-04
5.220000	-0.726075E-04
5.230000	-0.149221E-03
5.240000	-0.357746E-03
5.250000	-0.548043E-03
5.260000	-0.608594E-03
5.270000	-0.631731E-03
5.280000	-0.633577E-03
5.290000	-0.506101E-03
5.300000	-0.310760E-03
5.310000	-0.224950E-03
5.320000	-0.216604E-03
5.330000	-0.115100E-03
5.340000	0.887918E-04
5.350000	0.160073E-03
5.360000	0.275461E-04
5.370000	-0.621349E-04
5.380000	0.257009E-04
5.390000	0.196582E-03
5.400000	0.319466E-03
5.410000	0.472431E-03
5.420000	0.666958E-03
5.430000	0.617865E-03
5.440000	0.356680E-04
5.450000	-0.660562E-03
5.460000	-0.983757E-03
5.470000	-0.965230E-03
5.480000	-0.842155E-03
5.490000	-0.715069E-03
5.500000	-0.324156E-03
5.510000	0.200081E-03
5.520000	0.360549E-03
5.530000	-0.409421E-04
5.540000	-0.561229E-03
5.550000	-0.864409E-03
5.560000	-0.102043E-02
5.570000	-0.109718E-02
5.580000	-0.109166E-02
5.590000	-0.100408E-02
5.600000	-0.920093E-03
5.610000	-0.817773E-03
5.620000	-0.555959E-03
5.630000	-0.237025E-03
5.640000	-0.161847E-03
5.650000	-0.351823E-03
5.660000	-0.745920E-03
5.670000	-0.132787E-02
5.680000	-0.176762E-02
5.690000	-0.177792E-02
5.700000	-0.116967E-02
5.710000	-0.275540E-03
5.720000	0.287894E-03
5.730000	0.297258E-03
5.740000	0.206677E-04
5.750000	-0.110269E-03
5.760000	0.725663E-04
5.770000	0.231663E-03
5.780000	0.127907E-03
5.790000	-0.227064E-03
5.800000	-0.924492E-03
5.810000	-0.202426E-02
5.820000	-0.312765E-02
5.830000	-0.364614E-02
5.840000	-0.344217E-02
5.850000	-0.305642E-02
5.860000	-0.314937E-02
5.870000	-0.386619E-02
5.880000	-0.480017E-02
5.890000	-0.550252E-02
5.900000	-0.569503E-02
5.910000	-0.516346E-02
5.920000	-0.403190E-02
5.930000	-0.271159E-02
5.940000	-0.160295E-02
5.950000	-0.996470E-03
5.960000	-0.948060E-03
5.970000	-0.123206E-02
5.980000	-0.152590E-02
5.990000	-0.171953E-02
6.000000	-0.203162E-02
6.010000	-0.265328E-02
6.020000	-0.337741E-02
6.030000	-0.359261E-02
6.040000	-0.282950E-02
6.050000	-0.128273E-02
6.060000	0.396662E-03
6.070000	0.160044E-02
6.080000	0.206055E-02
6.090000	0.170080E-02
6.100000	0.663551E-03
6.110000	-0.409807E-03
6.120000	-0.101635E-02
6.130000	-0.105344E-02
6.140000	-0.573723E-03
6.150000	0.314167E-03
6.160000	0.146450E-02
6.170000	0.269435E-02
6.180000	0.382332E-02
6.190000	0.471321E-02
6.200000	0.545414E-02
6.210000	0.628143E-02
6.220000	0.715663E-02
6.230000	0.759359E-02
6.240000	0.728568E-02
6.250000	0.670476E-02
6.260000	0.646116E-02
6.270000	0.628849E-02
6.280000	0.554893E-02
6.290000	0.426673E-02
6.300000	0.277888E-02
6.310000	0.158155E-02
6.320000	0.132422E-02
6.330000	0.224301E-02
6.340000	0.428740E-02
6.350000	0.681686E-02
6.360000	0.870604E-02
6.370000	0.931810E-02
6.380000	0.874616E-02
6.390000	0.781962E-02
6.400000	0.705757E-02
6.410000	0.653541E-02
6.420000	0.624564E-02
6.430000	0.583970E-02
6.440000	0.500399E-02
6.450000	0.369479E-02
6.460000	0.224122E-02
6.470000	0.106390E-02
6.480000	0.458375E-03
6.490000	0.448843E-03
6.500000	0.679610E-03
6.510000	0.940356E-03
6.520000	0.142929E-02
6.530000	0.220471E-02
6.540000	0.279059E-02
6.550000	0.242762E-02
6.560000	0.762299E-03
6.570000	-0.175307E-02
6.580000	-0.426950E-02
6.590000	-0.591409E-02
6.600000	-0.600492E-02
6.610000	-0.437122E-02
6.620000	-0.163591E-02
6.630000	0.130201E-02
6.640000	0.374734E-02
6.650000	0.528012E-02
6.660000	0.561746E-02
6.670000	0.454704E-02
6.680000	0.218587E-02
6.690000	-0.796761E-03
6.700000	-0.330145E-02
6.710000	-0.432935E-02
6.720000	-0.361425E-02
6.730000	-0.163913E-02
6.740000	0.524930E-03
6.750000	0.158550E-02
6.760000	0.841874E-03
6.770000	-0.165082E-02
6.780000	-0.518870E-02
6.790000	-0.881308E-02
6.800000	-0.115919E-01
6.810000	-0.128553E-01
6.820000	-0.125971E-01
6.830000	-0.112462E-01
6.840000	-0.966540E-02
6.850000	-0.869528E-02
6.860000	-0.895806E-02
6.870000	-0.105385E-01
6.880000	-0.125838E-01
6.890000	-0.133638E-01
6.900000	-0.119104E-01
6.910000	-0.865554E-02
6.920000	-0.474423E-02
6.930000	-0.137988E-02
6.940000	0.877022E-03
6.950000	0.191878E-02
6.960000	0.184275E-02
6.970000	0.741908E-03
6.980000	-0.138458E-02
6.990000	-0.447619E-02
7.000000	-0.829286E-02
7.010000	-0.121882E-01
7.020000	-0.152600E-01
7.030000	-0.164647E-01
7.040000	-0.151446E-01
7.050000	-0.116497E-01
7.060000	-0.701487E-02
7.070000	-0.269102E-02
7.080000	-0.208360E-04
7.090000	0.509108E-03
7.100000	-0.617197E-03
7.110000	-0.228995E-02
7.120000	-0.345590E-02
7.130000	-0.352852E-02
7.140000	-0.263334E-02
7.150000	-0.101894E-02
7.160000	0.113909E-02
7.170000	0.318743E-02
7.180000	0.463813E-02
7.190000	0.581531E-02
7.200000	0.695721E-02
7.210000	0.798613E-02
7.220000	0.863313E-02
7.230000	0.854793E-02
7.240000	0.779949E-02
7.250000	0.709070E-02
7.260000	0.725118E-02
7.270000	0.862489E-02
7.280000	0.105163E-01
7.290000	0.118020E-01
7.300000	0.117533E-01
7.310000	0.996424E-02
7.320000	0.674852E-02
7.330000	0.366050E-02
7.340000	0.256058E-02
7.350000	0.464606E-02
7.360000	0.101549E-01
7.370000	0.181685E-01
7.380000	0.267059E-01
7.390000	0.336308E-01
7.400000	0.372945E-01
7.410000	0.369613E-01
7.420000	0.331796E-01
7.430000	0.274435E-01
7.440000	0.218351E-01
7.450000	0.182196E-01
7.460000	0.171356E-01
7.470000	0.180044E-01
7.480000	0.197144E-01
7.490000	0.211863E-01
7.500000	0.211941E-01
7.510000	0.186151E-01
7.520000	0.135123E-01
7.530000	0.734822E-02
7.540000	0.184520E-02
7.550000	-0.215133E-02
7.560000	-0.477121E-02
7.570000	-0.675491E-02
7.580000	-0.862446E-02
7.590000	-0.103210E-01
7.600000	-0.117884E-01
7.610000	-0.133901E-01
7.620000	-0.152095E-01
7.630000	-0.165602E-01
7.640000	-0.165975E-01
7.650000	-0.148526E-01
7.660000	-0.113065E-01
7.670000	-0.623231E-02
7.680000	-0.296220E-03
7.690000	0.538928E-02
7.700000	0.951264E-02
7.710000	0.112528E-01
7.720000	0.107409E-01
7.730000	0.868308E-02
7.740000	0.592811E-02
7.750000	0.326020E-02
7.760000	0.150337E-02
7.770000	0.110536E-02
7.780000	0.143418E-02
7.790000	0.133691E-02
7.800000	0.481809E-03
7.810000	-0.240302E-03
7.820000	0.425472E-03
7.830000	0.288942E-02
7.840000	0.666451E-02
7.850000	0.107858E-01
7.860000	0.137756E-01
7.870000	0.137510E-01
7.880000	0.957150E-02
7.890000	0.213359E-02
7.900000	-0.604344E-02
7.910000	-0.126496E-01
7.920000	-0.170880E-01
7.930000	-0.198953E-01
7.940000	-0.212936E-01
7.950000	-0.212098E-01
7.960000	-0.199356E-01
7.970000	-0.179736E-01
7.980000	-0.159036E-01
7.990000	-0.142492E-01
8.000000	-0.135704E-01
8.010000	-0.146629E-01
8.020000	-0.176705E-01
8.030000	-0.216296E-01
8.040000	-0.249376E-01
8.050000	-0.261746E-01
8.060000	-0.245982E-01
8.070000	-0.205131E-01
8.080000	-0.148580E-01
8.090000	-0.881383E-02
8.100000	-0.369312E-02
8.110000	-0.270039E-03
8.120000	0.207717E-02
8.130000	0.491682E-02
8.140000	0.905374E-02
8.150000	0.135729E-01
8.160000	0.167201E-01
8.170000	0.172025E-01
8.180000	0.145469E-01
8.190000	0.923490E-02
8.200000	0.270892E-02
8.210000	-0.306093E-02
8.220000	-0.663661E-02
8.230000	-0.778205E-02
8.240000	-0.704602E-02
8.250000	-0.551692E-02
8.260000	-0.447559E-02
8.270000	-0.469983E-02
8.280000	-0.634806E-02
8.290000	-0.928017E-02
8.300000	-0.134031E-01
8.310000	-0.185168E-01
8.320000	-0.240232E-01
8.330000	-0.289237E-01
8.340000	-0.321523E-01
8.350000	-0.329605E-01
8.360000	-0.312249E-01
8.370000	-0.275368E-01
8.380000	-0.230700E-01
8.390000	-0.188867E-01
8.400000	-0.150446E-01
8.410000	-0.111745E-01
8.420000	-0.740196E-02
8.430000	-0.399971E-02
8.440000	-0.122274E-02
8.450000	0.492837E-03
8.460000	0.941566E-03
8.470000	0.575622E-03
8.480000	0.980476E-04
8.490000	0.147012E-03
8.500000	0.105098E-02
8.510000	0.212760E-02
8.520000	0.246376E-02
8.530000	0.212407E-02
8.540000	0.209928E-02
8.550000	0.315747E-02
8.560000	0.465572E-02
8.570000	0.465696E-02
8.580000	0.164522E-02
8.590000	-0.423199E-02
8.600000	-0.113044E-01
8.610000	-0.172087E-01
8.620000	-0.198152E-01
8.630000	-0.179342E-01
8.640000	-0.125162E-01
8.650000	-0.649636E-02
8.660000	-0.276824E-02
8.670000	-0.262352E-02
8.680000	-0.539201E-02
8.690000	-0.905935E-02
8.700000	-0.118352E-01
8.710000	-0.127301E-01
8.720000	-0.113457E-01
8.730000	-0.739430E-02
8.740000	-0.127452E-02
8.750000	0.549280E-02
8.760000	0.110562E-01
8.770000	0.135370E-01
8.780000	0.123163E-01
8.790000	0.851593E-02
8.800000	0.442297E-02
8.810000	0.249531E-02
8.820000	0.416063E-02
8.830000	0.943359E-02
8.840000	0.170345E-01
8.850000	0.248871E-01
8.860000	0.306322E-01
8.870000	0.326049E-01
8.880000	0.307352E-01
8.890000	0.264488E-01
8.900000	0.216319E-01
8.910000	0.175955E-01
8.920000	0.149715E-01
8.930000	0.136226E-01
8.940000	0.131517E-01
8.950000	0.132234E-01
8.960000	0.134623E-01
8.970000	0.137367E-01
8.980000	0.138380E-01
8.990000	0.130531E-01
9.000000	0.109144E-01
9.010000	0.781005E-02
9.020000	0.450617E-02
9.030000	0.141001E-02
9.040000	-0.196055E-02
9.050000	-0.615992E-02
9.060000	-0.107102E-01
9.070000	-0.140880E-01
9.080000	-0.147423E-01
9.090000	-0.117842E-01
9.100000	-0.534744E-02
9.110000	0.347680E-02
9.120000	0.125761E-01
9.130000	0.194116E-01
9.140000	0.226151E-01
9.150000	0.230618E-01
9.160000	0.228122E-01
9.170000	0.229633E-01
9.180000	0.230525E-01
9.190000	0.218932E-01
9.200000	0.183439E-01
9.210000	0.120814E-01
9.220000	0.394207E-02
9.230000	-0.405215E-02
9.240000	-0.912915E-02
9.250000	-0.917160E-02
9.260000	-0.438903E-02
9.270000	0.233092E-02
9.280000	0.734102E-02
9.290000	0.790062E-02
9.300000	0.352080E-02
9.310000	-0.369107E-02
9.320000	-0.107436E-01
9.330000	-0.157438E-01
9.340000	-0.184106E-01
9.350000	-0.193600E-01
9.360000	-0.194808E-01
9.370000	-0.193530E-01
9.380000	-0.186755E-01
9.390000	-0.165680E-01
9.400000	-0.126219E-01
9.410000	-0.757125E-02
9.420000	-0.300686E-02
9.430000	-0.116641E-03
9.440000	0.977547E-03
9.450000	0.754571E-03
9.460000	0.246316E-03
9.470000	0.246666E-03
9.480000	0.812267E-03
9.490000	0.120182E-02
9.500000	0.335792E-03
9.510000	-0.175602E-02
9.520000	-0.309569E-02
9.530000	-0.140750E-02
9.540000	0.365996E-02
9.550000	0.979787E-02
9.560000	0.136900E-01
9.570000	0.134587E-01
9.580000	0.101545E-01
9.590000	0.656499E-02
9.600000	0.457245E-02
9.610000	0.432417E-02
9.620000	0.450787E-02
9.630000	0.326731E-02
9.640000	-0.166128E-03
9.650000	-0.481107E-02
9.660000	-0.905594E-02
9.670000	-0.117705E-01
9.680000	-0.128090E-01
9.690000	-0.133115E-01
9.700000	-0.145397E-01
9.710000	-0.167794E-01
9.720000	-0.194755E-01
9.730000	-0.217784E-01
9.740000	-0.228901E-01
9.750000	-0.222745E-01
9.760000	-0.199770E-01
9.770000	-0.170506E-01
9.780000	-0.152631E-01
9.790000	-0.153476E-01
9.800000	-0.163453E-01
9.810000	-0.167019E-01
9.820000	-0.153073E-01
9.830000	-0.120764E-01
9.840000	-0.810338E-02
9.850000	-0.457958E-02
9.860000	-0.157603E-02
9.870000	0.179290E-02
9.880000	0.682881E-02
9.890000	0.144460E-01
9.900000	0.240505E-01
9.910000	0.334803E-01
9.920000	0.396595E-01
9.930000	0.399142E-01
9.940000	0.336553E-01
9.950000	0.227886E-01
9.960000	0.104420E-01
9.970000	-0.860195E-03
9.980000	-0.102684E-01
9.990000	-0.182279E-01
10.000000	-0.250020E-01
10.010000	-0.295518E-01
10.020000	-0.300968E-01
10.030000	-0.257085E-01
10.040000	-0.171169E-01
10.050000	-0.680997E-02
10.060000	0.192407E-02
10.070000	0.674455E-02
10.080000	0.736366E-02
10.090000	0.542737E-02
10.100000	0.344567E-02
10.110000	0.277633E-02
10.120000	0.302462E-02
10.130000	0.330460E-02
10.140000	0.347793E-02
10.150000	0.455634E-02
10.160000	0.844139E-02
10.170000	0.164078E-01
10.180000	0.274678E-01
10.190000	0.384162E-01
10.200000	0.455059E-01
10.210000	0.462707E-01
10.220000	0.405259E-01
10.230000	0.304898E-01
10.240000	0.198815E-01
10.250000	0.123427E-01
10.260000	0.101582E-01
10.270000	0.132157E-01
10.280000	0.191435E-01
10.290000	0.248766E-01
10.300000	0.283907E-01
10.310000	0.291697E-01
10.320000	0.275642E-01
10.330000	0.240479E-01
10.340000	0.191707E-01
10.350000	0.137443E-01
10.360000	0.889978E-02
10.370000	0.595268E-02
10.380000	0.560398E-02
10.390000	0.767729E-02
10.400000	0.110834E-01
10.410000	0.137104E-01
10.420000	0.130294E-01
10.430000	0.760879E-02
10.440000	-0.160833E-02
10.450000	-0.117280E-01
10.460000	-0.195441E-01
10.470000	-0.233633E-01
10.480000	-0.232397E-01
10.490000	-0.200757E-01
10.500000	-0.149455E-01
10.510000	-0.867021E-02
10.520000	-0.197834E-02
10.530000	0.437101E-02
10.540000	0.940985E-02
10.550000	0.118220E-01
10.560000	0.105870E-01
10.570000	0.624120E-02
10.580000	0.662458E-03
10.590000	-0.335472E-02
10.600000	-0.314092E-02
10.610000	0.224826E-02
10.620000	0.111865E-01
10.630000	0.202254E-01
10.640000	0.261382E-01
10.650000	0.272974E-01
10.660000	0.235355E-01
10.670000	0.163378E-01
10.680000	0.866719E-02
10.690000	0.333946E-02
10.700000	0.123547E-02
10.710000	0.978621E-03
10.720000	0.175168E-03
10.730000	-0.249317E-02
10.740000	-0.660199E-02
10.750000	-0.111204E-01
10.760000	-0.156062E-01
10.770000	-0.205187E-01
10.780000	-0.262656E-01
10.790000	-0.320152E-01
10.800000	-0.359636E-01
10.810000	-0.361301E-01
10.820000	-0.312181E-01
10.830000	-0.216074E-01
10.840000	-0.989724E-02
10.850000	0.685258E-04
10.860000	0.488765E-02
10.870000	0.347516E-02
10.880000	-0.276896E-02
10.890000	-0.111005E-01
10.900000	-0.187011E-01
10.910000	-0.237059E-01
10.920000	-0.257480E-01
10.930000	-0.255681E-01
10.940000	-0.239726E-01
10.950000	-0.216003E-01
10.960000	-0.192521E-01
10.970000	-0.177508E-01
10.980000	-0.174807E-01
10.990000	-0.184274E-01
11.000000	-0.205079E-01
11.010000	-0.237208E-01
11.020000	-0.277465E-01
11.030000	-0.317630E-01
11.040000	-0.347259E-01
11.050000	-0.358773E-01
11.060000	-0.350917E-01
11.070000	-0.330914E-01
11.080000	-0.310547E-01
11.090000	-0.300615E-01
11.100000	-0.305550E-01
11.110000	-0.318777E-01
11.120000	-0.325332E-01
11.130000	-0.311257E-01
11.140000	-0.272683E-01
11.150000	-0.216523E-01
11.160000	-0.155439E-01
11.170000	-0.102555E-01
11.180000	-0.678989E-02
11.190000	-0.575729E-02
11.200000	-0.684078E-02
11.210000	-0.898284E-02
11.220000	-0.108882E-01
11.230000	-0.111804E-01
11.240000	-0.887587E-02
11.250000	-0.392374E-02
11.260000	0.244839E-02
11.270000	0.831555E-02
11.280000	0.118619E-01
11.290000	0.115785E-01
11.300000	0.684581E-02
11.310000	-0.124176E-02
11.320000	-0.997268E-02
11.330000	-0.160193E-01
11.340000	-0.167781E-01
11.350000	-0.117187E-01
11.360000	-0.274737E-02
11.370000	0.732766E-02
11.380000	0.163760E-01
11.390000	0.237606E-01
11.400000	0.296580E-01
11.410000	0.337153E-01
11.420000	0.348823E-01
11.430000	0.325622E-01
11.440000	0.276279E-01
11.450000	0.223272E-01
11.460000	0.194682E-01
11.470000	0.212370E-01
11.480000	0.284864E-01
11.490000	0.395486E-01
11.500000	0.505138E-01
11.510000	0.569049E-01
11.520000	0.556627E-01
11.530000	0.462987E-01
11.540000	0.306947E-01
11.550000	0.122896E-01
11.560000	-0.466978E-02
11.570000	-0.158250E-01
11.580000	-0.180349E-01
11.590000	-0.107051E-01
11.600000	0.407147E-02
11.610000	0.220222E-01
11.620000	0.381332E-01
11.630000	0.480139E-01
11.640000	0.494466E-01
11.650000	0.430211E-01
11.660000	0.311725E-01
11.670000	0.173336E-01
11.680000	0.472071E-02
11.690000	-0.465736E-02
11.700000	-0.104566E-01
11.710000	-0.135713E-01
11.720000	-0.153395E-01
11.730000	-0.168984E-01
11.740000	-0.183091E-01
11.750000	-0.189132E-01
11.760000	-0.186331E-01
11.770000	-0.184388E-01
11.780000	-0.199154E-01
11.790000	-0.244848E-01
11.800000	-0.323517E-01
11.810000	-0.424004E-01
11.820000	-0.524252E-01
11.830000	-0.594674E-01
11.840000	-0.611118E-01
11.850000	-0.568482E-01
11.860000	-0.481901E-01
11.870000	-0.376354E-01
11.880000	-0.272813E-01
11.890000	-0.187103E-01
11.900000	-0.126842E-01
11.910000	-0.839695E-02
11.920000	-0.418226E-02
11.930000	0.132974E-02
11.940000	0.866521E-02
11.950000	0.172448E-01
11.960000	0.258530E-01
11.970000	0.338635E-01
11.980000	0.414105E-01
11.990000	0.485253E-01
12.000000	0.547294E-01
12.010000	0.592661E-01
12.020000	0.617251E-01
12.030000	0.624285E-01
12.040000	0.621513E-01
12.050000	0.613999E-01
12.060000	0.600877E-01
12.070000	0.576592E-01
12.080000	0.536010E-01
12.090000	0.477232E-01
12.100000	0.402273E-01
12.110000	0.317315E-01
12.120000	0.228451E-01
12.130000	0.139796E-01
12.140000	0.539270E-02
12.150000	-0.332572E-02
12.160000	-0.130617E-01
12.170000	-0.242134E-01
12.180000	-0.357301E-01
12.190000	-0.451113E-01
12.200000	-0.497679E-01
12.210000	-0.483111E-01
12.220000	-0.413815E-01
12.230000	-0.315492E-01
12.240000	-0.218321E-01
12.250000	-0.141029E-01
12.260000	-0.819609E-02
12.270000	-0.199962E-02
12.280000	0.698909E-02
12.290000	0.201897E-01
12.300000	0.370627E-01
12.310000	0.550430E-01
12.320000	0.707596E-01
12.330000	0.815355E-01
12.340000	0.863766E-01
12.350000	0.862629E-01
12.360000	0.838655E-01
12.370000	0.820871E-01
12.380000	0.827175E-01
12.390000	0.861399E-01
12.400000	0.915246E-01
12.410000	0.974443E-01
12.420000	0.101966E+00
12.430000	0.103063E+00
12.440000	0.997444E-01
12.450000	0.923139E-01
12.460000	0.814628E-01
12.470000	0.682847E-01
12.480000	0.542470E-01
12.490000	0.411376E-01
12.500000	0.308087E-01
12.510000	0.246557E-01
12.520000	0.231680E-01
12.530000	0.254350E-01
12.540000	0.287957E-01
12.550000	0.295711E-01
12.560000	0.246415E-01
12.570000	0.132468E-01
12.580000	-0.260746E-02
12.590000	-0.194183E-01
12.600000	-0.339726E-01
12.610000	-0.444354E-01
12.620000	-0.500856E-01
12.630000	-0.509415E-01
12.640000	-0.481061E-01
12.650000	-0.440095E-01
12.660000	-0.419121E-01
12.670000	-0.446149E-01
12.680000	-0.532601E-01
12.690000	-0.676716E-01
12.700000	-0.866648E-01
12.710000	-0.108285E+00
12.720000	-0.129892E+00
12.730000	-0.147897E+00
12.740000	-0.158084E+00
12.750000	-0.156806E+00
12.760000	-0.142666E+00
12.770000	-0.117969E+00
12.780000	-0.882278E-01
12.790000	-0.604051E-01
12.800000	-0.408140E-01
12.810000	-0.330088E-01
12.820000	-0.368250E-01
12.830000	-0.483805E-01
12.840000	-0.613751E-01
12.850000	-0.703465E-01
12.860000	-0.733257E-01
12.870000	-0.716144E-01
12.880000	-0.686479E-01
12.890000	-0.675720E-01
12.900000	-0.692348E-01
12.910000	-0.713672E-01
12.920000	-0.695810E-01
12.930000	-0.599970E-01
12.940000	-0.408455E-01
12.950000	-0.130629E-01
12.960000	0.196358E-01
12.970000	0.516908E-01
12.980000	0.778246E-01
12.990000	0.948599E-01
13.000000	0.102123E+00
13.010000	0.100723E+00
13.020000	0.925461E-01
13.030000	0.800063E-01
13.040000	0.660944E-01
13.050000	0.536136E-01
13.060000	0.442586E-01
13.070000	0.384666E-01
13.080000	0.355689E-01
13.090000	0.339552E-01
13.100000	0.321544E-01
13.110000	0.293983E-01
13.120000	0.261237E-01
13.130000	0.242830E-01
13.140000	0.260148E-01
13.150000	0.316892E-01
13.160000	0.393139E-01
13.170000	0.459825E-01
13.180000	0.495454E-01
13.190000	0.488937E-01
13.200000	0.442069E-01
13.210000	0.372156E-01
13.220000	0.303305E-01
13.230000	0.254217E-01
13.240000	0.230045E-01
13.250000	0.221779E-01
13.260000	0.214076E-01
13.270000	0.188965E-01
13.280000	0.124393E-01
13.290000	-0.378365E-03
13.300000	-0.212056E-01
13.310000	-0.497913E-01
13.320000	-0.834810E-01
13.330000	-0.118247E+00
13.340000	-0.149930E+00
13.350000	-0.174964E+00
13.360000	-0.190913E+00
13.370000	-0.197174E+00
13.380000	-0.195486E+00
13.390000	-0.189610E+00
13.400000	-0.183766E+00
13.410000	-0.180726E+00
13.420000	-0.181330E+00
13.430000	-0.184970E+00
13.440000	-0.190537E+00
13.450000	-0.197075E+00
13.460000	-0.203659E+00
13.470000	-0.207897E+00
13.480000	-0.204506E+00
13.490000	-0.187885E+00
13.500000	-0.156112E+00
13.510000	-0.112707E+00
13.520000	-0.653070E-01
13.530000	-0.222547E-01
13.540000	0.104201E-01
13.550000	0.301240E-01
13.560000	0.381845E-01
13.570000	0.387412E-01
13.580000	0.368087E-01
13.590000	0.370263E-01
13.600000	0.429026E-01
13.610000	0.563129E-01
13.620000	0.769746E-01
13.630000	0.102669E+00
13.640000	0.130287E+00
13.650000	0.156617E+00
13.660000	0.178978E+00
13.670000	0.195779E+00
13.680000	0.206386E+00
13.690000	0.211357E+00
13.700000	0.211916E+00
13.710000	0.209138E+00
13.720000	0.203361E+00
13.730000	0.194217E+00
13.740000	0.181194E+00
13.750000	0.164588E+00
13.760000	0.146165E+00
13.770000	0.129089E+00
13.780000	0.116618E+00
13.790000	0.110898E+00
13.800000	0.112095E+00
13.810000	0.118118E+00
13.820000	0.125752E+00
13.830000	0.132232E+00
13.840000	0.134983E+00
13.850000	0.131992E+00
13.860000	0.122941E+00
13.870000	0.108742E+00
13.880000	0.909141E-01
13.890000	0.712485E-01
13.900000	0.516399E-01
13.910000	0.334711E-01
13.920000	0.174376E-01
13.930000	0.364735E-02
13.940000	-0.852210E-02
13.950000	-0.203084E-01
13.960000	-0.327889E-01
13.970000	-0.466511E-01
13.980000	-0.616843E-01
13.990000	-0.759992E-01
14.000000	-0.868660E-01
14.010000	-0.924190E-01
14.020000	-0.925083E-01
14.030000	-0.885183E-01
14.040000	-0.826465E-01
14.050000	-0.766894E-01
14.060000	-0.710972E-01
14.070000	-0.650919E-01
14.080000	-0.576501E-01
14.090000	-0.481718E-01
14.100000	-0.369303E-01
14.110000	-0.255583E-01
14.120000	-0.164730E-01
14.130000	-0.117902E-01
14.140000	-0.124349E-01
14.150000	-0.170675E-01
14.160000	-0.223675E-01
14.170000	-0.246664E-01
14.180000	-0.209065E-01
14.190000	-0.100023E-01
14.200000	0.634417E-02
14.210000	0.245694E-01
14.220000	0.407303E-01
14.230000	0.513743E-01
14.240000	0.537635E-01
14.250000	0.460495E-01
14.260000	0.277240E-01
14.270000	0.371318E-03
14.280000	-0.322009E-01
14.290000	-0.648317E-01
14.300000	-0.922956E-01
14.310000	-0.110624E+00
14.320000	-0.117895E+00
14.330000	-0.114521E+00
14.340000	-0.102885E+00
14.350000	-0.867168E-01
14.360000	-0.704693E-01
14.370000	-0.586304E-01
14.380000	-0.541482E-01
14.390000	-0.570504E-01
14.400000	-0.649490E-01
14.410000	-0.745049E-01
14.420000	-0.825918E-01
14.430000	-0.869415E-01
14.440000	-0.869184E-01
14.450000	-0.835030E-01
14.460000	-0.783495E-01
14.470000	-0.728115E-01
14.480000	-0.674574E-01
14.490000	-0.622776E-01
14.500000	-0.572814E-01
14.510000	-0.527687E-01
14.520000	-0.494829E-01
14.530000	-0.481421E-01
14.540000	-0.491550E-01
14.550000	-0.524680E-01
14.560000	-0.575827E-01
14.570000	-0.639644E-01
14.580000	-0.710419E-01
14.590000	-0.779436E-01
14.600000	-0.837347E-01
14.610000	-0.867933E-01
14.620000	-0.839260E-01
14.630000	-0.713354E-01
14.640000	-0.473182E-01
14.650000	-0.139194E-01
14.660000	0.233697E-01
14.670000	0.573611E-01
14.680000	0.817636E-01
14.690000	0.932284E-01
14.700000	0.918646E-01
14.710000	0.804413E-01
14.720000	0.635485E-01
14.730000	0.463024E-01
14.740000	0.328251E-01
14.750000	0.250612E-01
14.760000	0.230592E-01
14.770000	0.256674E-01
14.780000	0.309384E-01
14.790000	0.364524E-01
14.800000	0.398146E-01
14.810000	0.388822E-01
14.820000	0.324112E-01
14.830000	0.198920E-01
14.840000	0.160410E-02
14.850000	-0.208169E-01
14.860000	-0.446755E-01
14.870000	-0.672208E-01
14.880000	-0.857877E-01
14.890000	-0.982906E-01
14.900000	-0.103764E+00
14.910000	-0.102555E+00
14.920000	-0.962248E-01
14.930000	-0.873295E-01
14.940000	-0.788651E-01
14.950000	-0.728268E-01
14.960000	-0.691972E-01
14.970000	-0.662138E-01
14.980000	-0.612888E-01
14.990000	-0.523246E-01
15.000000	-0.385745E-01
15.010000	-0.206997E-01
15.020000	-0.277369E-03
15.030000	0.210337E-01
15.040000	0.418324E-01
15.050000	0.611986E-01
15.060000	0.791153E-01
15.070000	0.962498E-01
15.080000	0.113177E+00
15.090000	0.129487E+00
15.100000	0.144057E+00
15.110000	0.155654E+00
15.120000	0.163224E+00
15.130000	0.166073E+00
15.140000	0.163964E+00
15.150000	0.157212E+00
15.160000	0.147499E+00
15.170000	0.137360E+00
15.180000	0.129051E+00
15.190000	0.123615E+00
15.200000	0.120676E+00
15.210000	0.118724E+00
15.220000	0.115697E+00
15.230000	0.109058E+00
15.240000	0.969269E-01
15.250000	0.787663E-01
15.260000	0.552505E-01
15.270000	0.282750E-01
15.280000	0.311788E-03
15.290000	-0.264210E-01
15.300000	-0.502691E-01
15.310000	-0.699495E-01
15.320000	-0.842375E-01
15.330000	-0.919396E-01
15.340000	-0.922610E-01
15.350000	-0.856874E-01
15.360000	-0.740739E-01
15.370000	-0.599977E-01
15.380000	-0.462312E-01
15.390000	-0.350958E-01
15.400000	-0.271721E-01
15.410000	-0.208965E-01
15.420000	-0.135100E-01
15.430000	-0.231438E-02
15.440000	0.142793E-01
15.450000	0.359378E-01
15.460000	0.603044E-01
15.470000	0.838484E-01
15.480000	0.102890E+00
15.490000	0.114065E+00
15.500000	0.115293E+00
15.510000	0.107079E+00
15.520000	0.916032E-01
15.530000	0.718689E-01
15.540000	0.511449E-01
15.550000	0.321636E-01
15.560000	0.166959E-01
15.570000	0.566443E-02
15.580000	-0.677828E-03
15.590000	-0.265490E-02
15.600000	-0.961899E-03
15.610000	0.330561E-02
15.620000	0.824727E-02
15.630000	0.115366E-01
15.640000	0.110335E-01
15.650000	0.540449E-02
15.660000	-0.520382E-02
15.670000	-0.194606E-01
15.680000	-0.351302E-01
15.690000	-0.495173E-01
15.700000	-0.602565E-01
15.710000	-0.658767E-01
15.720000	-0.662397E-01
15.730000	-0.621341E-01
15.740000	-0.545154E-01
15.750000	-0.444162E-01
15.760000	-0.329703E-01
15.770000	-0.214394E-01
15.780000	-0.113993E-01
15.790000	-0.422865E-02
15.800000	-0.489555E-03
15.810000	0.202931E-03
15.820000	-0.760497E-03
15.830000	-0.157469E-02
15.840000	-0.305992E-03
15.850000	0.471359E-02
15.860000	0.137642E-01
15.870000	0.252908E-01
15.880000	0.363683E-01
15.890000	0.434911E-01
15.900000	0.434436E-01
15.910000	0.345298E-01
15.920000	0.177210E-01
15.930000	-0.355913E-02
15.940000	-0.247009E-01
15.950000	-0.418049E-01
15.960000	-0.531031E-01
15.970000	-0.584526E-01
15.980000	-0.583951E-01
15.990000	-0.541309E-01
16.000000	-0.473794E-01
16.010000	-0.398434E-01
16.020000	-0.331121E-01
16.030000	-0.284746E-01
16.040000	-0.269252E-01
16.050000	-0.288877E-01
16.060000	-0.336911E-01
16.070000	-0.393877E-01
16.080000	-0.435887E-01
16.090000	-0.439122E-01
16.100000	-0.379104E-01
16.110000	-0.239728E-01
16.120000	-0.223235E-02
16.130000	0.249848E-01
16.140000	0.537514E-01
16.150000	0.793259E-01
16.160000	0.973678E-01
16.170000	0.105318E+00
16.180000	0.103329E+00
16.190000	0.941423E-01
16.200000	0.818971E-01
16.210000	0.706583E-01
16.220000	0.636079E-01
16.230000	0.624640E-01
16.240000	0.669360E-01
16.250000	0.747199E-01
16.260000	0.823506E-01
16.270000	0.864427E-01
16.280000	0.846462E-01
16.290000	0.760982E-01
16.300000	0.613434E-01
16.310000	0.419108E-01
16.320000	0.197263E-01
16.330000	-0.276566E-02
16.340000	-0.228517E-01
16.350000	-0.380521E-01
16.360000	-0.464748E-01
16.370000	-0.471496E-01
16.380000	-0.411736E-01
16.390000	-0.318905E-01
16.400000	-0.236574E-01
16.410000	-0.202075E-01
16.420000	-0.232140E-01
16.430000	-0.315743E-01
16.440000	-0.420536E-01
16.450000	-0.504302E-01
16.460000	-0.529336E-01
16.470000	-0.483184E-01
16.480000	-0.381816E-01
16.490000	-0.251385E-01
16.500000	-0.119260E-01
16.510000	-0.523855E-03
16.520000	0.849741E-02
16.530000	0.161922E-01
16.540000	0.241452E-01
16.550000	0.330258E-01
16.560000	0.422050E-01
16.570000	0.499618E-01
16.580000	0.544214E-01
16.590000	0.548642E-01
16.600000	0.521207E-01
16.610000	0.480143E-01
16.620000	0.447364E-01
16.630000	0.443346E-01
16.640000	0.478754E-01
16.650000	0.550448E-01
16.660000	0.643953E-01
16.670000	0.738180E-01
16.680000	0.808893E-01
16.690000	0.831345E-01
16.700000	0.787653E-01
16.710000	0.673428E-01
16.720000	0.497535E-01
16.730000	0.280404E-01
16.740000	0.485710E-02
16.750000	-0.170786E-01
16.760000	-0.350304E-01
16.770000	-0.472058E-01
16.780000	-0.534842E-01
16.790000	-0.551026E-01
16.800000	-0.541756E-01
16.810000	-0.532890E-01
16.820000	-0.546682E-01
16.830000	-0.595135E-01
16.840000	-0.676386E-01
16.850000	-0.771457E-01
16.860000	-0.851461E-01
16.870000	-0.894130E-01
16.880000	-0.892431E-01
16.890000	-0.852943E-01
16.900000	-0.789005E-01
16.910000	-0.716379E-01
16.920000	-0.650482E-01
16.930000	-0.596951E-01
16.940000	-0.554222E-01
16.950000	-0.520069E-01
16.960000	-0.494727E-01
16.970000	-0.481186E-01
16.980000	-0.480754E-01
16.990000	-0.494135E-01
17.000000	-0.518756E-01
17.010000	-0.544278E-01
17.020000	-0.552583E-01
17.030000	-0.525910E-01
17.040000	-0.456439E-01
17.050000	-0.353217E-01
17.060000	-0.237780E-01
17.070000	-0.136961E-01
17.080000	-0.787460E-02
17.090000	-0.806587E-02
17.100000	-0.140456E-01
17.110000	-0.239582E-01
17.120000	-0.351446E-01
17.130000	-0.449794E-01
17.140000	-0.516510E-01
17.150000	-0.544180E-01
17.160000	-0.533343E-01
17.170000	-0.491975E-01
17.180000	-0.427021E-01
17.190000	-0.339020E-01
17.200000	-0.229636E-01
17.210000	-0.107385E-01
17.220000	0.127986E-02
17.230000	0.114582E-01
17.240000	0.184380E-01
17.250000	0.215899E-01
17.260000	0.213675E-01
17.270000	0.193174E-01
17.280000	0.176507E-01
17.290000	0.180778E-01
17.300000	0.211903E-01
17.310000	0.264328E-01
17.320000	0.321618E-01
17.330000	0.366457E-01
17.340000	0.386166E-01
17.350000	0.376201E-01
17.360000	0.342314E-01
17.370000	0.299540E-01
17.380000	0.263814E-01
17.390000	0.247879E-01
17.400000	0.259774E-01
17.410000	0.298655E-01
17.420000	0.353646E-01
17.430000	0.410239E-01
17.440000	0.454906E-01
17.450000	0.481804E-01
17.460000	0.493631E-01
17.470000	0.495271E-01
17.480000	0.490146E-01
17.490000	0.479899E-01
17.500000	0.463942E-01
17.510000	0.444706E-01
17.520000	0.432048E-01
17.530000	0.440905E-01
17.540000	0.481873E-01
17.550000	0.555860E-01
17.560000	0.653825E-01
17.570000	0.760167E-01
17.580000	0.853832E-01
17.590000	0.913692E-01
17.600000	0.925543E-01
17.610000	0.887430E-01
17.620000	0.810604E-01
17.630000	0.714014E-01
17.640000	0.617780E-01
17.650000	0.539269E-01
17.660000	0.490880E-01
17.670000	0.478306E-01
17.680000	0.501411E-01
17.690000	0.553691E-01
17.700000	0.625602E-01
17.710000	0.703187E-01
17.720000	0.770758E-01
17.730000	0.814458E-01
17.740000	0.822680E-01
17.750000	0.789621E-01
17.760000	0.711889E-01
17.770000	0.584322E-01
17.780000	0.404424E-01
17.790000	0.182987E-01
17.800000	-0.512636E-02
17.810000	-0.261434E-01
17.820000	-0.411282E-01
17.830000	-0.474554E-01
17.840000	-0.452039E-01
17.850000	-0.372744E-01
17.860000	-0.277966E-01
17.870000	-0.202772E-01
17.880000	-0.171960E-01
17.890000	-0.198285E-01
17.900000	-0.274693E-01
17.910000	-0.379449E-01
17.920000	-0.482475E-01
17.930000	-0.554030E-01
17.940000	-0.579029E-01
17.950000	-0.557085E-01
17.960000	-0.500845E-01
17.970000	-0.432021E-01
17.980000	-0.373706E-01
17.990000	-0.343716E-01
18.000000	-0.349208E-01
18.010000	-0.386877E-01
18.020000	-0.446788E-01
18.030000	-0.513956E-01
18.040000	-0.574446E-01
18.050000	-0.620437E-01
18.060000	-0.649661E-01
18.070000	-0.663885E-01
18.080000	-0.668193E-01
18.090000	-0.667495E-01
18.100000	-0.666344E-01
18.110000	-0.665802E-01
18.120000	-0.664720E-01
18.130000	-0.660638E-01
18.140000	-0.645998E-01
18.150000	-0.614247E-01
18.160000	-0.563847E-01
18.170000	-0.495831E-01
18.180000	-0.417134E-01
18.190000	-0.340685E-01
18.200000	-0.281542E-01
18.210000	-0.249581E-01
18.220000	-0.245332E-01
18.230000	-0.260865E-01
18.240000	-0.285613E-01
18.250000	-0.314180E-01
18.260000	-0.342675E-01
18.270000	-0.366517E-01
18.280000	-0.382543E-01
18.290000	-0.386216E-01
18.300000	-0.368907E-01
18.310000	-0.323334E-01
18.320000	-0.254042E-01
18.330000	-0.174745E-01
18.340000	-0.103530E-01
18.350000	-0.567955E-02
18.360000	-0.430545E-02
18.370000	-0.606521E-02
18.380000	-0.971661E-02
18.390000	-0.132698E-01
18.400000	-0.149151E-01
18.410000	-0.138163E-01
18.420000	-0.103891E-01
18.430000	-0.603515E-02
18.440000	-0.275284E-02
18.450000	-0.259995E-02
18.460000	-0.650204E-02
18.470000	-0.135546E-01
18.480000	-0.220333E-01
18.490000	-0.295432E-01
18.500000	-0.334432E-01
18.510000	-0.320068E-01
18.520000	-0.250619E-01
18.530000	-0.142334E-01
18.540000	-0.195852E-02
18.550000	0.972589E-02
18.560000	0.194635E-01
18.570000	0.268116E-01
18.580000	0.320838E-01
18.590000	0.360780E-01
18.600000	0.397833E-01
18.610000	0.439090E-01
18.620000	0.488097E-01
18.630000	0.543643E-01
18.640000	0.601039E-01
18.650000	0.655860E-01
18.660000	0.702652E-01
18.670000	0.730648E-01
18.680000	0.732137E-01
18.690000	0.706006E-01
18.700000	0.653301E-01
18.710000	0.580381E-01
18.720000	0.498522E-01
18.730000	0.418487E-01
18.740000	0.349780E-01
18.750000	0.297299E-01
18.760000	0.263525E-01
18.770000	0.247790E-01
18.780000	0.249602E-01
18.790000	0.264480E-01
18.800000	0.281846E-01
18.810000	0.289371E-01
18.820000	0.278160E-01
18.830000	0.246353E-01
18.840000	0.198729E-01
18.850000	0.142575E-01
18.860000	0.860895E-02
18.870000	0.411001E-02
18.880000	0.184887E-02
18.890000	0.255032E-02
18.900000	0.648415E-02
18.910000	0.130172E-01
18.920000	0.210735E-01
18.930000	0.297046E-01
18.940000	0.378992E-01
18.950000	0.442724E-01
18.960000	0.471950E-01
18.970000	0.453306E-01
18.980000	0.382959E-01
18.990000	0.270418E-01
19.000000	0.137460E-01
19.010000	0.895787E-03
19.020000	-0.950297E-02
19.030000	-0.160393E-01
19.040000	-0.182055E-01
19.050000	-0.170494E-01
19.060000	-0.144242E-01
19.070000	-0.120785E-01
19.080000	-0.112756E-01
19.090000	-0.126157E-01
19.100000	-0.156787E-01
19.110000	-0.192073E-01
19.120000	-0.221423E-01
19.130000	-0.243377E-01
19.140000	-0.261742E-01
19.150000	-0.280636E-01
19.160000	-0.306891E-01
19.170000	-0.346252E-01
19.180000	-0.397622E-01
19.190000	-0.454929E-01
19.200000	-0.506951E-01
19.210000	-0.540566E-01
19.220000	-0.549765E-01
19.230000	-0.538804E-01
19.240000	-0.522124E-01
19.250000	-0.517727E-01
19.260000	-0.539131E-01
19.270000	-0.588738E-01
19.280000	-0.658722E-01
19.290000	-0.731669E-01
19.300000	-0.784552E-01
19.310000	-0.798721E-01
19.320000	-0.765457E-01
19.330000	-0.689161E-01
19.340000	-0.584955E-01
19.350000	-0.472733E-01
19.360000	-0.372296E-01
19.370000	-0.302136E-01
19.380000	-0.273653E-01
19.390000	-0.283596E-01
19.400000	-0.317226E-01
19.410000	-0.353566E-01
19.420000	-0.372583E-01
19.430000	-0.363355E-01
19.440000	-0.326821E-01
19.450000	-0.271696E-01
19.460000	-0.208636E-01
19.470000	-0.146022E-01
19.480000	-0.865898E-02
19.490000	-0.263859E-02
19.500000	0.412201E-02
19.510000	0.115885E-01
19.520000	0.185658E-01
19.530000	0.233522E-01
19.540000	0.247769E-01
19.550000	0.226766E-01
19.560000	0.179690E-01
19.570000	0.123806E-01
19.580000	0.816359E-02
19.590000	0.717161E-02
19.600000	0.986666E-02
19.610000	0.155763E-01
19.620000	0.232817E-01
19.630000	0.316613E-01
19.640000	0.393065E-01
19.650000	0.448314E-01
19.660000	0.468971E-01
19.670000	0.446553E-01
19.680000	0.374954E-01
19.690000	0.256263E-01
19.700000	0.110611E-01
19.710000	-0.275042E-02
19.720000	-0.122415E-01
19.730000	-0.150980E-01
19.740000	-0.109930E-01
19.750000	-0.178326E-02
19.760000	0.890296E-02
19.770000	0.166523E-01
19.780000	0.181410E-01
19.790000	0.124577E-01
19.800000	0.103774E-02
19.810000	-0.130852E-01
19.820000	-0.264014E-01
19.830000	-0.357883E-01
19.840000	-0.394138E-01
19.850000	-0.374910E-01
19.860000	-0.318213E-01
19.870000	-0.244874E-01
19.880000	-0.171543E-01
19.890000	-0.107623E-01
19.900000	-0.571045E-02
19.910000	-0.193834E-02
19.920000	0.100187E-02
19.930000	0.381086E-02
19.940000	0.699994E-02
19.950000	0.108673E-01
19.960000	0.152090E-01
19.970000	0.191950E-01
19.980000	0.219425E-01
19.990000	0.230742E-01
20.000000	0.228736E-01
20.010000	0.222737E-01
20.020000	0.226663E-01
20.030000	0.249484E-01
20.040000	0.291137E-01
20.050000	0.342143E-01
20.060000	0.384010E-01
20.070000	0.396048E-01
20.080000	0.361968E-01
20.090000	0.277798E-01
20.100000	0.157561E-01
20.110000	0.323678E-02
20.120000	-0.617365E-02
20.130000	-0.987909E-02
20.140000	-0.686731E-02
20.150000	0.155849E-02
20.160000	0.121058E-01
20.170000	0.212559E-01
20.180000	0.264166E-01
20.190000	0.262703E-01
20.200000	0.210273E-01
20.210000	0.121520E-01
20.220000	0.166963E-02
20.230000	-0.838971E-02
20.240000	-0.165130E-01
20.250000	-0.223245E-01
20.260000	-0.260973E-01
20.270000	-0.283212E-01
20.280000	-0.295117E-01
20.290000	-0.297653E-01
20.300000	-0.289382E-01
20.310000	-0.271948E-01
20.320000	-0.249635E-01
20.330000	-0.226819E-01
20.340000	-0.202665E-01
20.350000	-0.173831E-01
20.360000	-0.140625E-01
20.370000	-0.106316E-01
20.380000	-0.769365E-02
20.390000	-0.585644E-02
20.400000	-0.592622E-02
20.410000	-0.828050E-02
20.420000	-0.120829E-01
20.430000	-0.157049E-01
20.440000	-0.175024E-01
20.450000	-0.168111E-01
20.460000	-0.143304E-01
20.470000	-0.115717E-01
20.480000	-0.100828E-01
20.490000	-0.108259E-01
20.500000	-0.138168E-01
20.510000	-0.179756E-01
20.520000	-0.216346E-01
20.530000	-0.234596E-01
20.540000	-0.230508E-01
20.550000	-0.208156E-01
20.560000	-0.176321E-01
20.570000	-0.139480E-01
20.580000	-0.951784E-02
20.590000	-0.388812E-02
20.600000	0.336400E-02
20.610000	0.118205E-01
20.620000	0.203183E-01
20.630000	0.273622E-01
20.640000	0.316873E-01
20.650000	0.328389E-01
20.660000	0.312933E-01
20.670000	0.283400E-01
20.680000	0.259671E-01
20.690000	0.261569E-01
20.700000	0.298710E-01
20.710000	0.367203E-01
20.720000	0.451737E-01
20.730000	0.533810E-01
20.740000	0.599215E-01
20.750000	0.642206E-01
20.760000	0.660178E-01
20.770000	0.653729E-01
20.780000	0.624965E-01
20.790000	0.575483E-01
20.800000	0.510353E-01
20.810000	0.436013E-01
20.820000	0.357315E-01
20.830000	0.277014E-01
20.840000	0.197588E-01
20.850000	0.123089E-01
20.860000	0.598468E-02
20.870000	0.154755E-02
20.880000	-0.720096E-03
20.890000	-0.156795E-02
20.900000	-0.209632E-02
20.910000	-0.323832E-02
20.920000	-0.565203E-02
20.930000	-0.967953E-02
20.940000	-0.149438E-01
20.950000	-0.204552E-01
20.960000	-0.251615E-01
20.970000	-0.281509E-01
20.980000	-0.291018E-01
20.990000	-0.286979E-01
21.000000	-0.278194E-01
21.010000	-0.268318E-01
21.020000	-0.257515E-01
21.030000	-0.238501E-01
21.040000	-0.204059E-01
21.050000	-0.155010E-01
21.060000	-0.958130E-02
21.070000	-0.327493E-02
21.080000	0.270548E-02
21.090000	0.774340E-02
21.100000	0.118911E-01
21.110000	0.155858E-01
21.120000	0.190670E-01
21.130000	0.226273E-01
21.140000	0.263897E-01
21.150000	0.300118E-01
21.160000	0.332364E-01
21.170000	0.361665E-01
21.180000	0.384319E-01
21.190000	0.394977E-01
21.200000	0.393250E-01
21.210000	0.380262E-01
21.220000	0.354737E-01
21.230000	0.317224E-01
21.240000	0.270399E-01
21.250000	0.213173E-01
21.260000	0.146170E-01
21.270000	0.771930E-02
21.280000	0.154391E-02
21.290000	-0.309111E-02
21.300000	-0.559244E-02
21.310000	-0.596558E-02
21.320000	-0.509245E-02
21.330000	-0.439968E-02
21.340000	-0.501415E-02
21.350000	-0.759397E-02
21.360000	-0.124232E-01
21.370000	-0.188968E-01
21.380000	-0.254255E-01
21.390000	-0.304941E-01
21.400000	-0.333349E-01
21.410000	-0.338682E-01
21.420000	-0.324694E-01
21.430000	-0.295462E-01
21.440000	-0.254539E-01
21.450000	-0.207343E-01
21.460000	-0.159896E-01
21.470000	-0.121096E-01
21.480000	-0.102406E-01
21.490000	-0.112169E-01
21.500000	-0.152758E-01
21.510000	-0.217459E-01
21.520000	-0.292217E-01
21.530000	-0.361809E-01
21.540000	-0.411830E-01
21.550000	-0.429819E-01
21.560000	-0.409213E-01
21.570000	-0.354092E-01
21.580000	-0.281242E-01
21.590000	-0.210732E-01
21.600000	-0.156892E-01
21.610000	-0.129189E-01
21.620000	-0.128284E-01
21.630000	-0.145253E-01
21.640000	-0.167824E-01
21.650000	-0.187834E-01
21.660000	-0.201039E-01
21.670000	-0.203519E-01
21.680000	-0.192068E-01
21.690000	-0.164856E-01
21.700000	-0.119876E-01
21.710000	-0.585757E-02
21.720000	0.137282E-02
21.730000	0.885130E-02
21.740000	0.151240E-01
21.750000	0.187430E-01
21.760000	0.193598E-01
21.770000	0.178179E-01
21.780000	0.154760E-01
21.790000	0.136686E-01
21.800000	0.133198E-01
21.810000	0.144989E-01
21.820000	0.162783E-01
21.830000	0.174749E-01
21.840000	0.174554E-01
21.850000	0.164175E-01
21.860000	0.153411E-01
21.870000	0.154042E-01
21.880000	0.172145E-01
21.890000	0.204957E-01
21.900000	0.243044E-01
21.910000	0.275049E-01
21.920000	0.288032E-01
21.930000	0.271605E-01
21.940000	0.227686E-01
21.950000	0.169456E-01
21.960000	0.117259E-01
21.970000	0.888098E-02
21.980000	0.934868E-02
21.990000	0.130476E-01
22.000000	0.186363E-01
22.010000	0.236592E-01
22.020000	0.258302E-01
22.030000	0.240656E-01
22.040000	0.184946E-01
22.050000	0.104164E-01
22.060000	0.188314E-02
22.070000	-0.496316E-02
22.080000	-0.896148E-02
22.090000	-0.100982E-01
22.100000	-0.892338E-02
22.110000	-0.625044E-02
22.120000	-0.304231E-02
22.130000	-0.135738E-03
22.140000	0.177355E-02
22.150000	0.243416E-02
22.160000	0.165716E-02
22.170000	-0.830481E-03
22.180000	-0.504664E-02
22.190000	-0.107395E-01
22.200000	-0.173945E-01
22.210000	-0.243506E-01
22.220000	-0.306638E-01
22.230000	-0.351587E-01
22.240000	-0.368168E-01
22.250000	-0.351137E-01
22.260000	-0.304956E-01
22.270000	-0.240621E-01
22.280000	-0.168508E-01
22.290000	-0.103244E-01
22.300000	-0.611913E-02
22.310000	-0.518966E-02
22.320000	-0.743772E-02
22.330000	-0.119252E-01
22.340000	-0.173194E-01
22.350000	-0.223487E-01
22.360000	-0.257327E-01
22.370000	-0.265365E-01
22.380000	-0.247463E-01
22.390000	-0.212341E-01
22.400000	-0.172691E-01
22.410000	-0.137734E-01
22.420000	-0.113667E-01
22.430000	-0.104653E-01
22.440000	-0.111217E-01
22.450000	-0.126258E-01
22.460000	-0.138235E-01
22.470000	-0.138851E-01
22.480000	-0.124926E-01
22.490000	-0.972228E-02
22.500000	-0.606297E-02
22.510000	-0.234775E-02
22.520000	0.292602E-03
22.530000	0.883941E-03
22.540000	-0.870345E-03
22.550000	-0.407530E-02
22.560000	-0.736477E-02
22.570000	-0.989467E-02
22.580000	-0.116354E-01
22.590000	-0.127466E-01
22.600000	-0.133188E-01
22.610000	-0.134314E-01
22.620000	-0.128148E-01
22.630000	-0.107031E-01
22.640000	-0.628178E-02
22.650000	0.268694E-03
22.660000	0.756093E-02
22.670000	0.138044E-01
22.680000	0.174698E-01
22.690000	0.177755E-01
22.700000	0.153056E-01
22.710000	0.118446E-01
22.720000	0.961831E-02
22.730000	0.102909E-01
22.740000	0.142498E-01
22.750000	0.206385E-01
22.760000	0.278087E-01
22.770000	0.339624E-01
22.780000	0.379661E-01
22.790000	0.392936E-01
22.800000	0.380666E-01
22.810000	0.350448E-01
22.820000	0.310152E-01
22.830000	0.262497E-01
22.840000	0.210709E-01
22.850000	0.162232E-01
22.860000	0.128310E-01
22.870000	0.119562E-01
22.880000	0.139334E-01
22.890000	0.181392E-01
22.900000	0.229622E-01
22.910000	0.263933E-01
22.920000	0.267358E-01
22.930000	0.230712E-01
22.940000	0.158171E-01
22.950000	0.681794E-02
22.960000	-0.179001E-02
22.970000	-0.823554E-02
22.980000	-0.114624E-01
22.990000	-0.114121E-01
23.000000	-0.856701E-02
23.010000	-0.381707E-02
23.020000	0.158669E-02
23.030000	0.634847E-02
23.040000	0.933519E-02
23.050000	0.985204E-02
23.060000	0.771124E-02
23.070000	0.329483E-02
23.080000	-0.254786E-02
23.090000	-0.860820E-02
23.100000	-0.132321E-01
23.110000	-0.144046E-01
23.120000	-0.111938E-01
23.130000	-0.429378E-02
23.140000	0.457943E-02
23.150000	0.130264E-01
23.160000	0.185244E-01
23.170000	0.193027E-01
23.180000	0.150303E-01
23.190000	0.727550E-02
23.200000	-0.106387E-02
23.210000	-0.732472E-02
23.220000	-0.102695E-01
23.230000	-0.104108E-01
23.240000	-0.944121E-02
23.250000	-0.902071E-02
23.260000	-0.101311E-01
23.270000	-0.127755E-01
23.280000	-0.161690E-01
23.290000	-0.194639E-01
23.300000	-0.221357E-01
23.310000	-0.242792E-01
23.320000	-0.267911E-01
23.330000	-0.304773E-01
23.340000	-0.354097E-01
23.350000	-0.408306E-01
23.360000	-0.450496E-01
23.370000	-0.468532E-01
23.380000	-0.458351E-01
23.390000	-0.420896E-01
23.400000	-0.363195E-01
23.410000	-0.298299E-01
23.420000	-0.240181E-01
23.430000	-0.197764E-01
23.440000	-0.173149E-01
23.450000	-0.160070E-01
23.460000	-0.150937E-01
23.470000	-0.141660E-01
23.480000	-0.132419E-01
23.490000	-0.124364E-01
23.500000	-0.118700E-01
23.510000	-0.116507E-01
23.520000	-0.115300E-01
23.530000	-0.108163E-01
23.540000	-0.892405E-02
23.550000	-0.594905E-02
23.560000	-0.273191E-02
23.570000	-0.220761E-03
23.580000	0.108342E-02
23.590000	0.626685E-03
23.600000	-0.170738E-02
23.610000	-0.500002E-02
23.620000	-0.801647E-02
23.630000	-0.991356E-02
23.640000	-0.103483E-01
23.650000	-0.969262E-02
23.660000	-0.874865E-02
23.670000	-0.812667E-02
23.680000	-0.814164E-02
23.690000	-0.879621E-02
23.700000	-0.958882E-02
23.710000	-0.973414E-02
23.720000	-0.865780E-02
23.730000	-0.613880E-02
23.740000	-0.219562E-02
23.750000	0.293156E-02
23.760000	0.885296E-02
23.770000	0.147067E-01
23.780000	0.193555E-01
23.790000	0.220688E-01
23.800000	0.228514E-01
23.810000	0.218284E-01
23.820000	0.193093E-01
23.830000	0.159899E-01
23.840000	0.129262E-01
23.850000	0.110386E-01
23.860000	0.108017E-01
23.870000	0.124753E-01
23.880000	0.161785E-01
23.890000	0.213213E-01
23.900000	0.265587E-01
23.910000	0.304322E-01
23.920000	0.319963E-01
23.930000	0.309377E-01
23.940000	0.276573E-01
23.950000	0.233513E-01
23.960000	0.195496E-01
23.970000	0.174373E-01
23.980000	0.173582E-01
23.990000	0.188186E-01
24.000000	0.208471E-01
24.010000	0.223889E-01
24.020000	0.228022E-01
24.030000	0.220564E-01
24.040000	0.207474E-01
24.050000	0.198198E-01
24.060000	0.199239E-01
24.070000	0.211256E-01
24.080000	0.229262E-01
24.090000	0.246459E-01
24.100000	0.258430E-01
24.110000	0.263010E-01
24.120000	0.258837E-01
24.130000	0.244964E-01
24.140000	0.222450E-01
24.150000	0.192310E-01
24.160000	0.155977E-01
24.170000	0.119169E-01
24.180000	0.894680E-02
24.190000	0.743188E-02
24.200000	0.752983E-02
24.210000	0.862159E-02
24.220000	0.973533E-02
24.230000	0.979789E-02
24.240000	0.797032E-02
24.250000	0.390017E-02
24.260000	-0.205742E-02
24.270000	-0.886130E-02
24.280000	-0.151860E-01
24.290000	-0.198956E-01
24.300000	-0.223110E-01
24.310000	-0.221141E-01
24.320000	-0.195764E-01
24.330000	-0.156740E-01
24.340000	-0.111859E-01
24.350000	-0.668143E-02
24.360000	-0.279605E-02
24.370000	-0.202712E-03
24.380000	0.761899E-03
24.390000	0.317196E-03
24.400000	-0.113918E-02
24.410000	-0.279358E-02
24.420000	-0.393151E-02
24.430000	-0.389712E-02
24.440000	-0.220179E-02
24.450000	0.960904E-03
24.460000	0.490533E-02
24.470000	0.884048E-02
24.480000	0.120998E-01
24.490000	0.140756E-01
24.500000	0.144036E-01
24.510000	0.131158E-01
24.520000	0.102974E-01
24.530000	0.607013E-02
24.540000	0.915043E-03
24.550000	-0.455832E-02
24.560000	-0.971530E-02
24.570000	-0.138942E-01
24.580000	-0.165206E-01
24.590000	-0.173895E-01
24.600000	-0.169315E-01
24.610000	-0.157859E-01
24.620000	-0.147332E-01
24.630000	-0.147408E-01
24.640000	-0.163326E-01
24.650000	-0.192103E-01
24.660000	-0.226322E-01
24.670000	-0.259150E-01
24.680000	-0.283694E-01
24.690000	-0.294764E-01
24.700000	-0.290175E-01
24.710000	-0.269923E-01
24.720000	-0.239247E-01
24.730000	-0.203010E-01
24.740000	-0.161074E-01
24.750000	-0.114517E-01
24.760000	-0.673110E-02
24.770000	-0.207653E-02
24.780000	0.222492E-02
24.790000	0.534443E-02
24.800000	0.640306E-02
24.810000	0.497913E-02
24.820000	0.146308E-02
24.830000	-0.343248E-02
24.840000	-0.868505E-02
24.850000	-0.130745E-01
24.860000	-0.156659E-01
24.870000	-0.159416E-01
24.880000	-0.135253E-01
24.890000	-0.854179E-02
24.900000	-0.185128E-02
24.910000	0.526241E-02
24.920000	0.114884E-01
24.930000	0.157020E-01
24.940000	0.171844E-01
24.950000	0.157622E-01
24.960000	0.117963E-01
24.970000	0.635422E-02
24.980000	0.893748E-03
24.990000	-0.333878E-02
25.000000	-0.532202E-02
25.010000	-0.441722E-02
25.020000	-0.721336E-03
25.030000	0.502322E-02
25.040000	0.115606E-01
25.050000	0.173882E-01
25.060000	0.212043E-01
25.070000	0.222388E-01
25.080000	0.203964E-01
25.090000	0.163419E-01
25.100000	0.115309E-01
25.110000	0.733978E-02
25.120000	0.466370E-02
25.130000	0.403189E-02
25.140000	0.501889E-02
25.150000	0.675699E-02
25.160000	0.860061E-02
25.170000	0.101729E-01
25.180000	0.112932E-01
25.190000	0.118371E-01
25.200000	0.119116E-01
25.210000	0.117133E-01
25.220000	0.113405E-01
25.230000	0.111677E-01
25.240000	0.117669E-01
25.250000	0.133167E-01
25.260000	0.159791E-01
25.270000	0.196929E-01
25.280000	0.237811E-01
25.290000	0.274783E-01
25.300000	0.301848E-01
25.310000	0.315507E-01
25.320000	0.316893E-01
25.330000	0.311684E-01
25.340000	0.306766E-01
25.350000	0.306487E-01
25.360000	0.313352E-01
25.370000	0.327431E-01
25.380000	0.343755E-01
25.390000	0.356287E-01
25.400000	0.361743E-01
25.410000	0.357347E-01
25.420000	0.343202E-01
25.430000	0.320163E-01
25.440000	0.288752E-01
25.450000	0.252955E-01
25.460000	0.219216E-01
25.470000	0.192470E-01
25.480000	0.173561E-01
25.490000	0.159906E-01
25.500000	0.149667E-01
25.510000	0.140539E-01
25.520000	0.126496E-01
25.530000	0.102976E-01
25.540000	0.701412E-02
25.550000	0.312848E-02
25.560000	-0.100568E-02
25.570000	-0.499944E-02
25.580000	-0.812383E-02
25.590000	-0.976904E-02
25.600000	-0.994988E-02
25.610000	-0.912325E-02
25.620000	-0.771160E-02
25.630000	-0.593390E-02
25.640000	-0.408326E-02
25.650000	-0.305892E-02
25.660000	-0.356708E-02
25.670000	-0.548330E-02
25.680000	-0.838649E-02
25.690000	-0.117646E-01
25.700000	-0.147686E-01
25.710000	-0.164942E-01
25.720000	-0.161552E-01
25.730000	-0.133323E-01
25.740000	-0.863072E-02
25.750000	-0.352465E-02
25.760000	0.392184E-03
25.770000	0.188469E-02
25.780000	0.418550E-03
25.790000	-0.379358E-02
25.800000	-0.994569E-02
25.810000	-0.168062E-01
25.820000	-0.229990E-01
25.830000	-0.270168E-01
25.840000	-0.278679E-01
25.850000	-0.256700E-01
25.860000	-0.213822E-01
25.870000	-0.161823E-01
25.880000	-0.112640E-01
25.890000	-0.793257E-02
25.900000	-0.693321E-02
25.910000	-0.793586E-02
25.920000	-0.986997E-02
25.930000	-0.118017E-01
25.940000	-0.130939E-01
25.950000	-0.130575E-01
25.960000	-0.113656E-01
25.970000	-0.832414E-02
25.980000	-0.431780E-02
25.990000	0.192878E-04
26.000000	0.395677E-02
26.010000	0.718112E-02
26.020000	0.944748E-02
26.030000	0.104153E-01
26.040000	0.994634E-02
26.050000	0.811915E-02
26.060000	0.544791E-02
26.070000	0.289333E-02
26.080000	0.101649E-02
26.090000	-0.247933E-03
26.100000	-0.116709E-02
26.110000	-0.211442E-02
26.120000	-0.361597E-02
26.130000	-0.599806E-02
26.140000	-0.912040E-02
26.150000	-0.124334E-01
26.160000	-0.152478E-01
26.170000	-0.170534E-01
26.180000	-0.177715E-01
26.190000	-0.176842E-01
26.200000	-0.174911E-01
26.210000	-0.178739E-01
26.220000	-0.189388E-01
26.230000	-0.202255E-01
26.240000	-0.212864E-01
26.250000	-0.219119E-01
26.260000	-0.222570E-01
26.270000	-0.226522E-01
26.280000	-0.230571E-01
26.290000	-0.233335E-01
26.300000	-0.237390E-01
26.310000	-0.244852E-01
26.320000	-0.253655E-01
26.330000	-0.261991E-01
26.340000	-0.270005E-01
26.350000	-0.274273E-01
26.360000	-0.269868E-01
26.370000	-0.255982E-01
26.380000	-0.234662E-01
26.390000	-0.209529E-01
26.400000	-0.183087E-01
26.410000	-0.157423E-01
26.420000	-0.135589E-01
26.430000	-0.117862E-01
26.440000	-0.102641E-01
26.450000	-0.887501E-02
26.460000	-0.754116E-02
26.470000	-0.632539E-02
26.480000	-0.540324E-02
26.490000	-0.479735E-02
26.500000	-0.432328E-02
26.510000	-0.360399E-02
26.520000	-0.236723E-02
26.530000	-0.865035E-03
26.540000	0.175249E-03
26.550000	0.222257E-04
26.560000	-0.161142E-02
26.570000	-0.461017E-02
26.580000	-0.849973E-02
26.590000	-0.125968E-01
26.600000	-0.159818E-01
26.610000	-0.179526E-01
26.620000	-0.184177E-01
26.630000	-0.177903E-01
26.640000	-0.162718E-01
26.650000	-0.140804E-01
26.660000	-0.117812E-01
26.670000	-0.986362E-02
26.680000	-0.868894E-02
26.690000	-0.845719E-02
26.700000	-0.911845E-02
26.710000	-0.106561E-01
26.720000	-0.130680E-01
26.730000	-0.161065E-01
26.740000	-0.191754E-01
26.750000	-0.215849E-01
26.760000	-0.228296E-01
26.770000	-0.228718E-01
26.780000	-0.218823E-01
26.790000	-0.200862E-01
26.800000	-0.180275E-01
26.810000	-0.162676E-01
26.820000	-0.151946E-01
26.830000	-0.149861E-01
26.840000	-0.156927E-01
26.850000	-0.169076E-01
26.860000	-0.179404E-01
26.870000	-0.180853E-01
26.880000	-0.170025E-01
26.890000	-0.148491E-01
26.900000	-0.121037E-01
26.910000	-0.941003E-02
26.920000	-0.748112E-02
26.930000	-0.698728E-02
26.940000	-0.800557E-02
26.950000	-0.100142E-01
26.960000	-0.123977E-01
26.970000	-0.143138E-01
26.980000	-0.148952E-01
26.990000	-0.137863E-01
27.000000	-0.113509E-01
27.010000	-0.860274E-02
27.020000	-0.683222E-02
27.030000	-0.678375E-02
27.040000	-0.850892E-02
27.050000	-0.115469E-01
27.060000	-0.150991E-01
27.070000	-0.183505E-01
27.080000	-0.203612E-01
27.090000	-0.204127E-01
27.100000	-0.184074E-01
27.110000	-0.146870E-01
27.120000	-0.975381E-02
27.130000	-0.430461E-02
27.140000	0.703854E-03
27.150000	0.440648E-02
27.160000	0.641873E-02
27.170000	0.696385E-02
27.180000	0.666753E-02
27.190000	0.642725E-02
27.200000	0.713180E-02
27.210000	0.934736E-02
27.220000	0.129399E-01
27.230000	0.172306E-01
27.240000	0.215405E-01
27.250000	0.255463E-01
27.260000	0.291239E-01
27.270000	0.322874E-01
27.280000	0.353927E-01
27.290000	0.388914E-01
27.300000	0.427845E-01
27.310000	0.464966E-01
27.320000	0.494313E-01
27.330000	0.512795E-01
27.340000	0.519131E-01
27.350000	0.513660E-01
27.360000	0.498684E-01
27.370000	0.477875E-01
27.380000	0.457026E-01
27.390000	0.440197E-01
27.400000	0.428547E-01
27.410000	0.421359E-01
27.420000	0.417244E-01
27.430000	0.413594E-01
27.440000	0.407171E-01
27.450000	0.398753E-01
27.460000	0.389100E-01
27.470000	0.380243E-01
27.480000	0.373177E-01
27.490000	0.366095E-01
27.500000	0.359587E-01
27.510000	0.355432E-01
27.520000	0.353521E-01
27.530000	0.351554E-01
27.540000	0.345092E-01
27.550000	0.330282E-01
27.560000	0.304351E-01
27.570000	0.266266E-01
27.580000	0.217559E-01
27.590000	0.164016E-01
27.600000	0.115576E-01
27.610000	0.818646E-02
27.620000	0.710493E-02
27.630000	0.862540E-02
27.640000	0.120012E-01
27.650000	0.159392E-01
27.660000	0.191392E-01
27.670000	0.205430E-01
27.680000	0.195932E-01
27.690000	0.164522E-01
27.700000	0.119143E-01
27.710000	0.720162E-02
27.720000	0.354331E-02
27.730000	0.163843E-02
27.740000	0.180002E-02
27.750000	0.406435E-02
27.760000	0.781315E-02
27.770000	0.118540E-01
27.780000	0.148562E-01
27.790000	0.160392E-01
27.800000	0.154180E-01
27.810000	0.134157E-01
27.820000	0.104380E-01
27.830000	0.711997E-02
27.840000	0.460970E-02
27.850000	0.334688E-02
27.860000	0.297215E-02
27.870000	0.312616E-02
27.880000	0.358727E-02
27.890000	0.402790E-02
27.900000	0.381514E-02
27.910000	0.241515E-02
27.920000	-0.172684E-03
27.930000	-0.353022E-02
27.940000	-0.710903E-02
27.950000	-0.104688E-01
27.960000	-0.127975E-01
27.970000	-0.136010E-01
27.980000	-0.134596E-01
27.990000	-0.132030E-01
28.000000	-0.133355E-01
28.010000	-0.140501E-01
28.020000	-0.152419E-01
28.030000	-0.168198E-01
28.040000	-0.184803E-01
28.050000	-0.197876E-01
28.060000	-0.205418E-01
28.070000	-0.207808E-01
28.080000	-0.205453E-01
28.090000	-0.198980E-01
28.100000	-0.189792E-01
28.110000	-0.177829E-01
28.120000	-0.162821E-01
28.130000	-0.145250E-01
28.140000	-0.125645E-01
28.150000	-0.105848E-01
28.160000	-0.910828E-02
28.170000	-0.846159E-02
28.180000	-0.852661E-02
28.190000	-0.915528E-02
28.200000	-0.102721E-01
28.210000	-0.118154E-01
28.220000	-0.134269E-01
28.230000	-0.146150E-01
28.240000	-0.151404E-01
28.250000	-0.150277E-01
28.260000	-0.142903E-01
28.270000	-0.127738E-01
28.280000	-0.107514E-01
28.290000	-0.872880E-02
28.300000	-0.714276E-02
28.310000	-0.609703E-02
28.320000	-0.551354E-02
28.330000	-0.516902E-02
28.340000	-0.465320E-02
28.350000	-0.338452E-02
28.360000	-0.828587E-03
28.370000	0.292811E-02
28.380000	0.689309E-02
28.390000	0.100487E-01
28.400000	0.115689E-01
28.410000	0.108836E-01
28.420000	0.801570E-02
28.430000	0.381638E-02
28.440000	-0.590800E-03
28.450000	-0.455800E-02
28.460000	-0.778953E-02
28.470000	-0.100624E-01
28.480000	-0.112262E-01
28.490000	-0.113797E-01
28.500000	-0.108304E-01
28.510000	-0.997337E-02
28.520000	-0.923168E-02
28.530000	-0.896510E-02
28.540000	-0.918383E-02
28.550000	-0.975389E-02
28.560000	-0.104023E-01
28.570000	-0.108452E-01
28.580000	-0.109791E-01
28.590000	-0.107086E-01
28.600000	-0.994640E-02
28.610000	-0.884352E-02
28.620000	-0.773934E-02
28.630000	-0.681043E-02
28.640000	-0.588536E-02
28.650000	-0.456094E-02
28.660000	-0.247694E-02
28.670000	0.298993E-03
28.680000	0.333977E-02
28.690000	0.612887E-02
28.700000	0.800328E-02
28.710000	0.842800E-02
28.720000	0.710252E-02
28.730000	0.420708E-02
28.740000	0.528347E-03
28.750000	-0.302276E-02
28.760000	-0.534898E-02
28.770000	-0.541573E-02
28.780000	-0.299190E-02
28.790000	0.132927E-02
28.800000	0.649447E-02
28.810000	0.112932E-01
28.820000	0.147557E-01
28.830000	0.162531E-01
28.840000	0.154568E-01
28.850000	0.129934E-01
28.860000	0.983193E-02
28.870000	0.679250E-02
28.880000	0.459733E-02
28.890000	0.395067E-02
28.900000	0.517183E-02
28.910000	0.790826E-02
28.920000	0.112912E-01
28.930000	0.143171E-01
28.940000	0.162609E-01
28.950000	0.167846E-01
28.960000	0.157600E-01
28.970000	0.133135E-01
28.980000	0.993836E-02
28.990000	0.647502E-02
29.000000	0.347592E-02
29.010000	0.998854E-03
29.020000	-0.108459E-02
29.030000	-0.273219E-02
29.040000	-0.395702E-02
29.050000	-0.489798E-02
29.060000	-0.549619E-02
29.070000	-0.548784E-02
29.080000	-0.490935E-02
29.090000	-0.409159E-02
29.100000	-0.341628E-02
29.110000	-0.324618E-02
29.120000	-0.404217E-02
29.130000	-0.593481E-02
29.140000	-0.857542E-02
29.150000	-0.113422E-01
29.160000	-0.135029E-01
29.170000	-0.144339E-01
29.180000	-0.136831E-01
29.190000	-0.113822E-01
29.200000	-0.807131E-02
29.210000	-0.458408E-02
29.220000	-0.184404E-02
29.230000	-0.574104E-03
29.240000	-0.102831E-02
29.250000	-0.291200E-02
29.260000	-0.571423E-02
29.270000	-0.875706E-02
29.280000	-0.110793E-01
29.290000	-0.121122E-01
29.300000	-0.118751E-01
29.310000	-0.107348E-01
29.320000	-0.896214E-02
29.330000	-0.676625E-02
29.340000	-0.461100E-02
29.350000	-0.309622E-02
29.360000	-0.254025E-02
29.370000	-0.296582E-02
29.380000	-0.445468E-02
29.390000	-0.668047E-02
29.400000	-0.883003E-02
29.410000	-0.102159E-01
29.420000	-0.101993E-01
29.430000	-0.861506E-02
29.440000	-0.594514E-02
29.450000	-0.272527E-02
29.460000	0.537504E-03
29.470000	0.364845E-02
29.480000	0.642271E-02
29.490000	0.861530E-02
29.500000	0.103200E-01
29.510000	0.115185E-01
29.520000	0.120092E-01
29.530000	0.116846E-01
29.540000	0.105003E-01
29.550000	0.867343E-02
29.560000	0.648872E-02
29.570000	0.441771E-02
29.580000	0.327271E-02
29.590000	0.329816E-02
29.600000	0.404059E-02
29.610000	0.497456E-02
29.620000	0.577831E-02
29.630000	0.629936E-02
29.640000	0.663559E-02
29.650000	0.689242E-02
29.660000	0.710920E-02
29.670000	0.753252E-02
29.680000	0.840122E-02
29.690000	0.957675E-02
29.700000	0.107108E-01
29.710000	0.117571E-01
29.720000	0.126442E-01
29.730000	0.131533E-01
29.740000	0.131187E-01
29.750000	0.127434E-01
29.760000	0.121429E-01
29.770000	0.112140E-01
29.780000	0.984549E-02
29.790000	0.801825E-02
29.800000	0.581964E-02
29.810000	0.328302E-02
29.820000	0.558667E-03
29.830000	-0.184764E-02
29.840000	-0.340574E-02
29.850000	-0.392228E-02
29.860000	-0.341611E-02
29.870000	-0.213948E-02
29.880000	-0.683234E-03
29.890000	0.302956E-03
29.900000	0.199544E-03
29.910000	-0.128212E-02
29.920000	-0.367087E-02
29.930000	-0.614653E-02
29.940000	-0.806887E-02
29.950000	-0.902722E-02
29.960000	-0.882126E-02
29.970000	-0.736116E-02
29.980000	-0.488239E-02
29.990000	-0.199463E-02
30.000000	0.800552E-03
30.010000	0.299712E-02
30.020000	0.418332E-02
30.030000	0.416052E-02
30.040000	0.309257E-02
30.050000	0.136048E-02
30.060000	-0.654898E-03
30.070000	-0.246263E-02
30.080000	-0.392952E-02
30.090000	-0.516222E-02
30.100000	-0.600684E-02
30.110000	-0.614323E-02
30.120000	-0.561943E-02
30.130000	-0.461659E-02
30.140000	-0.342827E-02
30.150000	-0.269802E-02
30.160000	-0.270151E-02
30.170000	-0.335192E-02
30.180000	-0.436078E-02
30.190000	-0.517947E-02
30.200000	-0.504426E-02
30.210000	-0.355001E-02
30.220000	-0.101620E-02
30.230000	0.198165E-02
30.240000	0.496852E-02
30.250000	0.727631E-02
30.260000	0.834824E-02
30.270000	0.811228E-02
30.280000	0.653174E-02
30.290000	0.359266E-02
30.300000	-0.261506E-03
30.310000	-0.434497E-02
30.320000	-0.804017E-02
30.330000	-0.106723E-01
30.340000	-0.118042E-01
30.350000	-0.115435E-01
30.360000	-0.104123E-01
30.370000	-0.932848E-02
30.380000	-0.918134E-02
30.390000	-0.104507E-01
30.400000	-0.131750E-01
30.410000	-0.167009E-01
30.420000	-0.202297E-01
30.430000	-0.230472E-01
30.440000	-0.241880E-01
30.450000	-0.232785E-01
30.460000	-0.208796E-01
30.470000	-0.176623E-01
30.480000	-0.140633E-01
30.490000	-0.106180E-01
30.500000	-0.783644E-02
30.510000	-0.600994E-02
30.520000	-0.472960E-02
30.530000	-0.387800E-02
30.540000	-0.368107E-02
30.550000	-0.379009E-02
30.560000	-0.350251E-02
30.570000	-0.275240E-02
30.580000	-0.172329E-02
30.590000	-0.552084E-03
30.600000	0.410625E-03
30.610000	0.919728E-03
30.620000	0.105618E-02
30.630000	0.106893E-02
30.640000	0.112733E-02
30.650000	0.127624E-02
30.660000	0.157674E-02
30.670000	0.190751E-02
30.680000	0.197786E-02
30.690000	0.149115E-02
30.700000	0.502298E-03
30.710000	-0.619979E-03
30.720000	-0.168500E-02
30.730000	-0.270341E-02
30.740000	-0.388732E-02
30.750000	-0.519200E-02
30.760000	-0.641704E-02
30.770000	-0.763375E-02
30.780000	-0.861558E-02
30.790000	-0.932276E-02
30.800000	-0.100321E-01
30.810000	-0.105249E-01
30.820000	-0.105902E-01
30.830000	-0.100125E-01
30.840000	-0.872445E-02
30.850000	-0.717866E-02
30.860000	-0.587960E-02
30.870000	-0.487917E-02
30.880000	-0.391252E-02
30.890000	-0.287018E-02
30.900000	-0.192374E-02
30.910000	-0.111548E-02
30.920000	-0.519026E-03
30.930000	-0.276692E-03
30.940000	-0.432813E-03
30.950000	-0.779219E-03
30.960000	-0.838206E-03
30.970000	-0.537201E-03
30.980000	0.229961E-05
30.990000	0.916496E-03
31.000000	0.215202E-02
31.010000	0.349059E-02
31.020000	0.464285E-02
31.030000	0.537858E-02
31.040000	0.591824E-02
31.050000	0.614881E-02
31.060000	0.578153E-02
31.070000	0.494033E-02
31.080000	0.402341E-02
31.090000	0.345134E-02
31.100000	0.359523E-02
31.110000	0.479364E-02
31.120000	0.693677E-02
31.130000	0.961507E-02
31.140000	0.123790E-01
31.150000	0.145167E-01
31.160000	0.154572E-01
31.170000	0.149167E-01
31.180000	0.131027E-01
31.190000	0.104670E-01
31.200000	0.736795E-02
31.210000	0.422580E-02
31.220000	0.177645E-02
31.230000	0.576376E-03
31.240000	0.495214E-03
31.250000	0.124546E-02
31.260000	0.260189E-02
31.270000	0.420356E-02
31.280000	0.557707E-02
31.290000	0.637316E-02
31.300000	0.645046E-02
31.310000	0.568620E-02
31.320000	0.396351E-02
31.330000	0.120281E-02
31.340000	-0.203965E-02
31.350000	-0.484504E-02
31.360000	-0.663137E-02
31.370000	-0.721575E-02
31.380000	-0.661059E-02
31.390000	-0.506758E-02
31.400000	-0.310905E-02
31.410000	-0.153495E-02
31.420000	-0.987578E-03
31.430000	-0.163003E-02
31.440000	-0.319877E-02
31.450000	-0.525988E-02
31.460000	-0.729816E-02
31.470000	-0.868843E-02
31.480000	-0.913505E-02
31.490000	-0.877775E-02
31.500000	-0.773979E-02
31.510000	-0.606715E-02
31.520000	-0.407465E-02
31.530000	-0.233257E-02
31.540000	-0.119107E-02
31.550000	-0.970002E-03
31.560000	-0.208790E-02
31.570000	-0.414151E-02
31.580000	-0.637972E-02
31.590000	-0.832355E-02
31.600000	-0.956743E-02
31.610000	-0.956505E-02
31.620000	-0.814217E-02
31.630000	-0.566450E-02
31.640000	-0.267419E-02
31.650000	0.205815E-03
31.660000	0.234029E-02
31.670000	0.350452E-02
31.680000	0.379968E-02
31.690000	0.333043E-02
31.700000	0.233232E-02
31.710000	0.125850E-02
31.720000	0.395343E-03
31.730000	0.940792E-04
31.740000	0.550515E-03
31.750000	0.158579E-02
31.760000	0.312477E-02
31.770000	0.546654E-02
31.780000	0.836295E-02
31.790000	0.111873E-01
31.800000	0.137219E-01
31.810000	0.157604E-01
31.820000	0.169675E-01
31.830000	0.170281E-01
31.840000	0.158684E-01
31.850000	0.140003E-01
31.860000	0.122996E-01
31.870000	0.113027E-01
31.880000	0.110920E-01
31.890000	0.115980E-01
31.900000	0.125135E-01
31.910000	0.133020E-01
31.920000	0.134583E-01
31.930000	0.126229E-01
31.940000	0.107645E-01
31.950000	0.819989E-02
31.960000	0.535759E-02
31.970000	0.262009E-02
31.980000	0.205371E-03
31.990000	-0.180132E-02
32.000000	-0.348066E-02
32.010000	-0.512645E-02
32.020000	-0.679651E-02
32.030000	-0.824223E-02
32.040000	-0.946428E-02
32.050000	-0.106224E-01
32.060000	-0.116006E-01
32.070000	-0.119296E-01
32.080000	-0.114576E-01
32.090000	-0.105271E-01
32.100000	-0.948808E-02
32.110000	-0.845943E-02
32.120000	-0.750203E-02
32.130000	-0.677218E-02
32.140000	-0.623602E-02
32.150000	-0.580764E-02
32.160000	-0.540578E-02
32.170000	-0.496067E-02
32.180000	-0.446288E-02
32.190000	-0.376496E-02
32.200000	-0.285955E-02
32.210000	-0.196705E-02
32.220000	-0.133488E-02
32.230000	-0.104633E-02
32.240000	-0.101445E-02
32.250000	-0.110878E-02
32.260000	-0.126265E-02
32.270000	-0.148203E-02
32.280000	-0.145442E-02
32.290000	-0.105151E-02
32.300000	-0.494189E-03
32.310000	0.307499E-04
32.320000	0.406817E-03
32.330000	0.536994E-03
32.340000	0.348315E-03
32.350000	-0.316440E-03
32.360000	-0.156928E-02
32.370000	-0.314522E-02
32.380000	-0.453249E-02
32.390000	-0.548850E-02
32.400000	-0.587398E-02
32.410000	-0.560568E-02
32.420000	-0.458412E-02
32.430000	-0.282163E-02
32.440000	-0.668039E-03
32.450000	0.134972E-02
32.460000	0.282247E-02
32.470000	0.335821E-02
32.480000	0.269260E-02
32.490000	0.837712E-03
32.500000	-0.172481E-02
32.510000	-0.417040E-02
32.520000	-0.577752E-02
32.530000	-0.621845E-02
32.540000	-0.552181E-02
32.550000	-0.375822E-02
32.560000	-0.138900E-02
32.570000	0.574193E-03
32.580000	0.160946E-02
32.590000	0.168518E-02
32.600000	0.947724E-03
32.610000	-0.191819E-03
32.620000	-0.114717E-02
32.630000	-0.145340E-02
32.640000	-0.112687E-02
32.650000	-0.285051E-03
32.660000	0.925868E-03
32.670000	0.204264E-02
32.680000	0.244938E-02
32.690000	0.187626E-02
32.700000	0.719332E-03
32.710000	-0.545119E-03
32.720000	-0.165367E-02
32.730000	-0.227750E-02
32.740000	-0.212972E-02
32.750000	-0.109137E-02
32.760000	0.753323E-03
32.770000	0.294304E-02
32.780000	0.486049E-02
32.790000	0.608773E-02
32.800000	0.644443E-02
32.810000	0.573565E-02
32.820000	0.392131E-02
32.830000	0.143169E-02
32.840000	-0.116764E-02
32.850000	-0.336728E-02
32.860000	-0.463658E-02
32.870000	-0.492914E-02
32.880000	-0.473553E-02
32.890000	-0.454854E-02
32.900000	-0.459694E-02
32.910000	-0.498611E-02
32.920000	-0.573448E-02
32.930000	-0.679084E-02
32.940000	-0.792425E-02
32.950000	-0.882971E-02
32.960000	-0.926506E-02
32.970000	-0.891982E-02
32.980000	-0.772129E-02
32.990000	-0.582193E-02
33.000000	-0.351931E-02
33.010000	-0.115751E-02
33.020000	0.112194E-02
33.030000	0.293494E-02
33.040000	0.374412E-02
33.050000	0.322727E-02
33.060000	0.192206E-02
33.070000	0.491767E-03
33.080000	-0.840390E-03
33.090000	-0.174226E-02
33.100000	-0.172567E-02
33.110000	-0.596203E-03
33.120000	0.133119E-02
33.130000	0.343555E-02
33.140000	0.515181E-02
33.150000	0.599999E-02
33.160000	0.560258E-02
33.170000	0.389348E-02
33.180000	0.125884E-02
33.190000	-0.174269E-02
33.200000	-0.448341E-02
33.210000	-0.659899E-02
33.220000	-0.790393E-02
33.230000	-0.830992E-02
33.240000	-0.807343E-02
33.250000	-0.756858E-02
33.260000	-0.665284E-02
33.270000	-0.545783E-02
33.280000	-0.454331E-02
33.290000	-0.418269E-02
33.300000	-0.429724E-02
33.310000	-0.477989E-02
33.320000	-0.532081E-02
33.330000	-0.552755E-02
33.340000	-0.504180E-02
33.350000	-0.340692E-02
33.360000	-0.830493E-03
33.370000	0.215363E-02
33.380000	0.524831E-02
33.390000	0.829564E-02
33.400000	0.111536E-01
33.410000	0.138256E-01
33.420000	0.162898E-01
33.430000	0.186300E-01
33.440000	0.208329E-01
33.450000	0.225875E-01
33.460000	0.233870E-01
33.470000	0.230954E-01
33.480000	0.219923E-01
33.490000	0.203243E-01
33.500000	0.184574E-01
33.510000	0.167458E-01
33.520000	0.153310E-01
33.530000	0.144052E-01
33.540000	0.140459E-01
33.550000	0.139506E-01
33.560000	0.141168E-01
33.570000	0.144125E-01
33.580000	0.141774E-01
33.590000	0.129621E-01
33.600000	0.109106E-01
33.610000	0.843813E-02
33.620000	0.612108E-02
33.630000	0.458893E-02
33.640000	0.421618E-02
33.650000	0.502548E-02
33.660000	0.668490E-02
33.670000	0.849267E-02
33.680000	0.987941E-02
33.690000	0.105343E-01
33.700000	0.103748E-01
33.710000	0.954580E-02
33.720000	0.832601E-02
33.730000	0.698444E-02
33.740000	0.572527E-02
33.750000	0.479283E-02
33.760000	0.440163E-02
33.770000	0.445604E-02
33.780000	0.470606E-02
33.790000	0.512934E-02
33.800000	0.564481E-02
33.810000	0.616800E-02
33.820000	0.659594E-02
33.830000	0.662955E-02
33.840000	0.624870E-02
33.850000	0.554473E-02
33.860000	0.459137E-02
33.870000	0.359852E-02
33.880000	0.275501E-02
33.890000	0.218295E-02
33.900000	0.199085E-02
33.910000	0.215089E-02
33.920000	0.248722E-02
33.930000	0.287976E-02
33.940000	0.311206E-02
33.950000	0.291610E-02
33.960000	0.224292E-02
33.970000	0.108579E-02
33.980000	-0.583860E-03
33.990000	-0.216520E-02
34.000000	-0.315065E-02
34.010000	-0.350990E-02
34.020000	-0.334072E-02
34.030000	-0.266818E-02
34.040000	-0.165899E-02
34.050000	-0.750059E-03
34.060000	-0.608142E-03
34.070000	-0.179374E-02
34.080000	-0.416644E-02
34.090000	-0.721067E-02
34.100000	-0.101987E-01
34.110000	-0.125218E-01
34.120000	-0.138540E-01
34.130000	-0.137290E-01
34.140000	-0.119844E-01
34.150000	-0.912126E-02
34.160000	-0.576649E-02
34.170000	-0.242594E-02
34.180000	0.249478E-03
34.190000	0.178219E-02
34.200000	0.203691E-02
34.210000	0.133488E-02
34.220000	-0.950239E-04
34.230000	-0.181375E-02
34.240000	-0.310280E-02
34.250000	-0.353383E-02
34.260000	-0.319714E-02
34.270000	-0.223218E-02
34.280000	-0.977210E-03
34.290000	0.200480E-03
34.300000	0.124526E-02
34.310000	0.199113E-02
34.320000	0.237716E-02
34.330000	0.265542E-02
34.340000	0.300010E-02
34.350000	0.337911E-02
34.360000	0.353846E-02
34.370000	0.321867E-02
34.380000	0.251486E-02
34.390000	0.153790E-02
34.400000	0.213775E-03
34.410000	-0.127646E-02
34.420000	-0.258017E-02
34.430000	-0.363309E-02
34.440000	-0.457205E-02
34.450000	-0.546815E-02
34.460000	-0.628220E-02
34.470000	-0.700771E-02
34.480000	-0.798226E-02
34.490000	-0.957969E-02
34.500000	-0.115453E-01
34.510000	-0.134729E-01
34.520000	-0.150451E-01
34.530000	-0.159780E-01
34.540000	-0.162587E-01
34.550000	-0.159977E-01
34.560000	-0.152529E-01
34.570000	-0.140039E-01
34.580000	-0.122038E-01
34.590000	-0.982331E-02
34.600000	-0.693036E-02
34.610000	-0.394159E-02
34.620000	-0.123535E-02
34.630000	0.102014E-02
34.640000	0.268543E-02
34.650000	0.368274E-02
34.660000	0.421344E-02
34.670000	0.470251E-02
34.680000	0.539549E-02
34.690000	0.638693E-02
34.700000	0.740766E-02
34.710000	0.790441E-02
34.720000	0.755231E-02
34.730000	0.642049E-02
34.740000	0.490200E-02
34.750000	0.344659E-02
34.760000	0.207777E-02
34.770000	0.654318E-03
34.780000	-0.678710E-03
34.790000	-0.178457E-02
34.800000	-0.266144E-02
34.810000	-0.337744E-02
34.820000	-0.403606E-02
34.830000	-0.460173E-02
34.840000	-0.517639E-02
34.850000	-0.596147E-02
34.860000	-0.703730E-02
34.870000	-0.824451E-02
34.880000	-0.951676E-02
34.890000	-0.107515E-01
34.900000	-0.114392E-01
34.910000	-0.111859E-01
34.920000	-0.101876E-01
34.930000	-0.887154E-02
34.940000	-0.741005E-02
34.950000	-0.604960E-02
34.960000	-0.520283E-02
34.970000	-0.497882E-02
34.980000	-0.541157E-02
34.990000	-0.642806E-02
35.000000	-0.758684E-02
35.010000	-0.828210E-02
35.020000	-0.797315E-02
35.030000	-0.645109E-02
35.040000	-0.396385E-02
35.050000	-0.108782E-02
35.060000	0.153776E-02
35.070000	0.355787E-02
35.080000	0.491047E-02
35.090000	0.562625E-02
35.100000	0.577401E-02
35.110000	0.555699E-02
35.120000	0.534561E-02
35.130000	0.539329E-02
35.140000	0.570839E-02
35.150000	0.602205E-02
35.160000	0.580747E-02
35.170000	0.477996E-02
35.180000	0.297855E-02
35.190000	0.621675E-03
35.200000	-0.196728E-02
35.210000	-0.429405E-02
35.220000	-0.578169E-02
35.230000	-0.640792E-02
35.240000	-0.652817E-02
35.250000	-0.659778E-02
35.260000	-0.699608E-02
35.270000	-0.765134E-02
35.280000	-0.815041E-02
35.290000	-0.801148E-02
35.300000	-0.705746E-02
35.310000	-0.547602E-02
35.320000	-0.358067E-02
35.330000	-0.172873E-02
35.340000	-0.251348E-03
35.350000	0.560107E-03
35.360000	0.632972E-03
35.370000	0.393153E-03
35.380000	0.226644E-03
35.390000	0.155454E-03
35.400000	0.283814E-04
35.410000	-0.166263E-03
35.420000	-0.143127E-03
35.430000	0.225333E-03
35.440000	0.705669E-03
35.450000	0.103554E-02
35.460000	0.110066E-02
35.470000	0.852477E-03
35.480000	0.584117E-04
35.490000	-0.159965E-02
35.500000	-0.382763E-02
35.510000	-0.592934E-02
35.520000	-0.743680E-02
35.530000	-0.809663E-02
35.540000	-0.796193E-02
35.550000	-0.726190E-02
35.560000	-0.617489E-02
35.570000	-0.518797E-02
35.580000	-0.473147E-02
35.590000	-0.483560E-02
35.600000	-0.532930E-02
35.610000	-0.605592E-02
35.620000	-0.666368E-02
35.630000	-0.677815E-02
35.640000	-0.615591E-02
35.650000	-0.472639E-02
35.660000	-0.268895E-02
35.670000	-0.204043E-03
35.680000	0.249229E-02
35.690000	0.498988E-02
35.700000	0.707516E-02
35.710000	0.859903E-02
35.720000	0.942267E-02
35.730000	0.978305E-02
35.740000	0.100533E-01
35.750000	0.102879E-01
35.760000	0.102207E-01
35.770000	0.993343E-02
35.780000	0.968956E-02
35.790000	0.944601E-02
35.800000	0.896387E-02
35.810000	0.810094E-02
35.820000	0.706623E-02
35.830000	0.612333E-02
35.840000	0.542511E-02
35.850000	0.495296E-02
35.860000	0.445034E-02
35.870000	0.392264E-02
35.880000	0.341988E-02
35.890000	0.287083E-02
35.900000	0.229053E-02
35.910000	0.159345E-02
35.920000	0.896106E-03
35.930000	0.622162E-03
35.940000	0.753004E-03
35.950000	0.927782E-03
35.960000	0.785602E-03
35.970000	0.273083E-03
35.980000	-0.400064E-03
35.990000	-0.107841E-02
36.000000	-0.140665E-02
36.010000	-0.147489E-02
36.020000	-0.147520E-02
36.030000	-0.124331E-02
36.040000	-0.586652E-03
36.050000	0.357520E-03
36.060000	0.140855E-02
36.070000	0.252707E-02
36.080000	0.367186E-02
36.090000	0.469467E-02
36.100000	0.558968E-02
36.110000	0.648322E-02
36.120000	0.724069E-02
36.130000	0.780999E-02
36.140000	0.824024E-02
36.150000	0.848579E-02
36.160000	0.840574E-02
36.170000	0.789580E-02
36.180000	0.708515E-02
36.190000	0.631877E-02
36.200000	0.572250E-02
36.210000	0.524972E-02
36.220000	0.469765E-02
36.230000	0.402370E-02
36.240000	0.338584E-02
36.250000	0.277457E-02
36.260000	0.200510E-02
36.270000	0.101045E-02
36.280000	-0.186483E-03
36.290000	-0.163892E-02
36.300000	-0.330905E-02
36.310000	-0.506520E-02
36.320000	-0.671146E-02
36.330000	-0.809324E-02
36.340000	-0.898698E-02
36.350000	-0.913178E-02
36.360000	-0.849789E-02
36.370000	-0.731538E-02
36.380000	-0.592382E-02
36.390000	-0.441964E-02
36.400000	-0.280683E-02
36.410000	-0.112146E-02
36.420000	0.341843E-03
36.430000	0.117523E-02
36.440000	0.145918E-02
36.450000	0.132828E-02
36.460000	0.880367E-03
36.470000	0.260494E-03
36.480000	-0.259323E-03
36.490000	-0.387883E-03
36.500000	-0.100346E-03
36.510000	0.585420E-03
36.520000	0.155808E-02
36.530000	0.264996E-02
36.540000	0.369722E-02
36.550000	0.473777E-02
36.560000	0.572472E-02
36.570000	0.633953E-02
36.580000	0.643500E-02
36.590000	0.617999E-02
36.600000	0.569773E-02
36.610000	0.500200E-02
36.620000	0.425516E-02
36.630000	0.368486E-02
36.640000	0.346492E-02
36.650000	0.380481E-02
36.660000	0.485106E-02
36.670000	0.625242E-02
36.680000	0.753395E-02
36.690000	0.843669E-02
36.700000	0.887749E-02
36.710000	0.886389E-02
36.720000	0.841949E-02
36.730000	0.759548E-02
36.740000	0.679769E-02
36.750000	0.656627E-02
36.760000	0.697912E-02
36.770000	0.764777E-02
36.780000	0.843413E-02
36.790000	0.937926E-02
36.800000	0.103301E-01
36.810000	0.110216E-01
36.820000	0.113127E-01
36.830000	0.112165E-01
36.840000	0.108207E-01
36.850000	0.101650E-01
36.860000	0.927906E-02
36.870000	0.835351E-02
36.880000	0.756389E-02
36.890000	0.643970E-02
36.900000	0.517690E-02
36.910000	0.385598E-02
36.920000	0.250422E-02
36.930000	0.103487E-02
36.940000	-0.342970E-03
36.950000	-0.138650E-02
36.960000	-0.196346E-02
36.970000	-0.212134E-02
36.980000	-0.204192E-02
36.990000	-0.169477E-02
37.000000	-0.919758E-03
37.010000	0.213017E-03
37.020000	0.139981E-02
37.030000	0.243993E-02
37.040000	0.336222E-02
37.050000	0.410183E-02
37.060000	0.441383E-02
37.070000	0.433325E-02
37.080000	0.424712E-02
37.090000	0.427094E-02
37.100000	0.434646E-02
37.110000	0.448967E-02
37.120000	0.468278E-02
37.130000	0.485233E-02
37.140000	0.476723E-02
37.150000	0.431196E-02
37.160000	0.345844E-02
37.170000	0.227709E-02
37.180000	0.851966E-03
37.190000	-0.843711E-03
37.200000	-0.270493E-02
37.210000	-0.438506E-02
37.220000	-0.585108E-02
37.230000	-0.715608E-02
37.240000	-0.806923E-02
37.250000	-0.827654E-02
37.260000	-0.787108E-02
37.270000	-0.718251E-02
37.280000	-0.641850E-02
37.290000	-0.582079E-02
37.300000	-0.548992E-02
37.310000	-0.542913E-02
37.320000	-0.574231E-02
37.330000	-0.623764E-02
37.340000	-0.661737E-02
37.350000	-0.669281E-02
37.360000	-0.632859E-02
37.370000	-0.551443E-02
37.380000	-0.430517E-02
37.390000	-0.289542E-02
37.400000	-0.120165E-02
37.410000	0.727439E-03
37.420000	0.235319E-02
37.430000	0.334817E-02
37.440000	0.369951E-02
37.450000	0.340021E-02
37.460000	0.251177E-02
37.470000	0.129311E-02
37.480000	-0.163923E-03
37.490000	-0.186637E-02
37.500000	-0.359779E-02
37.510000	-0.509850E-02
37.520000	-0.635647E-02
37.530000	-0.759770E-02
37.540000	-0.899182E-02
37.550000	-0.105298E-01
37.560000	-0.121014E-01
37.570000	-0.135931E-01
37.580000	-0.149275E-01
37.590000	-0.161281E-01
37.600000	-0.171311E-01
37.610000	-0.177999E-01
37.620000	-0.180523E-01
37.630000	-0.177367E-01
37.640000	-0.166604E-01
37.650000	-0.148461E-01
37.660000	-0.125920E-01
37.670000	-0.102973E-01
37.680000	-0.839015E-02
37.690000	-0.718573E-02
37.700000	-0.686972E-02
37.710000	-0.738557E-02
37.720000	-0.846014E-02
37.730000	-0.967530E-02
37.740000	-0.106673E-01
37.750000	-0.112414E-01
37.760000	-0.111156E-01
37.770000	-0.999583E-02
37.780000	-0.798091E-02
37.790000	-0.555884E-02
37.800000	-0.328844E-02
37.810000	-0.137168E-02
37.820000	-0.722832E-04
37.830000	0.209551E-03
37.840000	-0.383872E-03
37.850000	-0.143955E-02
37.860000	-0.247301E-02
37.870000	-0.305241E-02
37.880000	-0.313217E-02
37.890000	-0.284140E-02
37.900000	-0.229183E-02
37.910000	-0.161998E-02
37.920000	-0.115630E-02
37.930000	-0.106568E-02
37.940000	-0.125231E-02
37.950000	-0.161260E-02
37.960000	-0.192184E-02
37.970000	-0.207507E-02
37.980000	-0.188157E-02
37.990000	-0.111023E-02
38.000000	0.185884E-03
38.010000	0.182073E-02
38.020000	0.361206E-02
38.030000	0.539810E-02
38.040000	0.709505E-02
38.050000	0.852228E-02
38.060000	0.944376E-02
38.070000	0.980351E-02
38.080000	0.983420E-02
38.090000	0.969494E-02
38.100000	0.951379E-02
38.110000	0.931677E-02
38.120000	0.896393E-02
38.130000	0.856050E-02
38.140000	0.821906E-02
38.150000	0.785851E-02
38.160000	0.743698E-02
38.170000	0.698767E-02
38.180000	0.649814E-02
38.190000	0.593438E-02
38.200000	0.531218E-02
38.210000	0.478065E-02
38.220000	0.435909E-02
38.230000	0.383437E-02
38.240000	0.320333E-02
38.250000	0.265958E-02
38.260000	0.218153E-02
38.270000	0.165338E-02
38.280000	0.106035E-02
38.290000	0.490941E-03
38.300000	-0.146071E-03
38.310000	-0.968566E-03
38.320000	-0.187827E-02
38.330000	-0.268386E-02
38.340000	-0.328711E-02
38.350000	-0.365909E-02
38.360000	-0.380516E-02
38.370000	-0.374888E-02
38.380000	-0.358680E-02
38.390000	-0.346979E-02
38.400000	-0.353977E-02
38.410000	-0.394721E-02
38.420000	-0.457734E-02
38.430000	-0.519873E-02
38.440000	-0.569134E-02
38.450000	-0.603087E-02
38.460000	-0.623173E-02
38.470000	-0.636148E-02
38.480000	-0.658552E-02
38.490000	-0.673264E-02
38.500000	-0.656626E-02
38.510000	-0.633085E-02
38.520000	-0.627487E-02
38.530000	-0.638445E-02
38.540000	-0.655430E-02
38.550000	-0.675174E-02
38.560000	-0.688195E-02
38.570000	-0.672885E-02
38.580000	-0.609566E-02
38.590000	-0.493105E-02
38.600000	-0.342718E-02
38.610000	-0.177083E-02
38.620000	-0.135851E-03
38.630000	0.130810E-02
38.640000	0.251236E-02
38.650000	0.346836E-02
38.660000	0.414130E-02
38.670000	0.448747E-02
38.680000	0.453995E-02
38.690000	0.442692E-02
38.700000	0.431607E-02
38.710000	0.427666E-02
38.720000	0.428693E-02
38.730000	0.427336E-02
38.740000	0.420601E-02
38.750000	0.409410E-02
38.760000	0.385421E-02
38.770000	0.327860E-02
38.780000	0.233250E-02
38.790000	0.133779E-02
38.800000	0.471958E-03
38.810000	-0.301261E-03
38.820000	-0.994106E-03
38.830000	-0.154201E-02
38.840000	-0.182316E-02
38.850000	-0.177570E-02
38.860000	-0.152682E-02
38.870000	-0.122406E-02
38.880000	-0.893629E-03
38.890000	-0.543137E-03
38.900000	-0.203573E-03
38.910000	0.619975E-04
38.920000	0.220744E-03
38.930000	0.292985E-03
38.940000	0.264564E-03
38.950000	0.194319E-03
38.960000	0.204206E-03
38.970000	0.369790E-03
38.980000	0.645624E-03
38.990000	0.938573E-03
39.000000	0.129772E-02
39.010000	0.168171E-02
39.020000	0.191025E-02
39.030000	0.191023E-02
39.040000	0.172575E-02
39.050000	0.156080E-02
39.060000	0.146860E-02
39.070000	0.137810E-02
39.080000	0.137991E-02
39.090000	0.150548E-02
39.100000	0.165248E-02
39.110000	0.179093E-02
39.120000	0.199286E-02
39.130000	0.223739E-02
39.140000	0.249156E-02
39.150000	0.279601E-02
39.160000	0.308063E-02
39.170000	0.327096E-02
39.180000	0.337791E-02
39.190000	0.344383E-02
39.200000	0.347720E-02
39.210000	0.337433E-02
39.220000	0.306277E-02
39.230000	0.262194E-02
39.240000	0.216933E-02
39.250000	0.176916E-02
39.260000	0.155854E-02
39.270000	0.151231E-02
39.280000	0.149368E-02
39.290000	0.145594E-02
39.300000	0.139372E-02
39.310000	0.133594E-02
39.320000	0.129472E-02
39.330000	0.126066E-02
39.340000	0.124420E-02
39.350000	0.130929E-02
39.360000	0.147149E-02
39.370000	0.162587E-02
39.380000	0.174146E-02
39.390000	0.186251E-02
39.400000	0.197486E-02
39.410000	0.201131E-02
39.420000	0.193429E-02
39.430000	0.178506E-02
39.440000	0.162917E-02
39.450000	0.149663E-02
39.460000	0.138616E-02
39.470000	0.131879E-02
39.480000	0.133176E-02
39.490000	0.143732E-02
39.500000	0.156740E-02
39.510000	0.164074E-02
39.520000	0.162743E-02
39.530000	0.151868E-02
39.540000	0.130919E-02
39.550000	0.104892E-02
39.560000	0.781325E-03
39.570000	0.586976E-03
39.580000	0.518234E-03
39.590000	0.525741E-03
39.600000	0.511927E-03
39.610000	0.418334E-03
39.620000	0.235344E-03
39.630000	-0.306160E-04
39.640000	-0.335159E-03
39.650000	-0.597967E-03
39.660000	-0.764208E-03
39.670000	-0.816260E-03
39.680000	-0.786294E-03
39.690000	-0.723770E-03
39.700000	-0.643065E-03
39.710000	-0.562591E-03
39.720000	-0.554040E-03
39.730000	-0.652992E-03
39.740000	-0.806909E-03
39.750000	-0.948367E-03
39.760000	-0.108627E-02
39.770000	-0.125088E-02
39.780000	-0.137678E-02
39.790000	-0.142711E-02
39.800000	-0.146725E-02
39.810000	-0.152781E-02
39.820000	-0.157357E-02
39.830000	-0.159184E-02
39.840000	-0.160215E-02
39.850000	-0.161662E-02
39.860000	-0.161629E-02
39.870000	-0.158078E-02
39.880000	-0.149979E-02
39.890000	-0.137748E-02
39.900000	-0.120671E-02
39.910000	-0.995381E-03
39.920000	-0.782963E-03
39.930000	-0.601427E-03
39.940000	-0.458029E-03
39.950000	-0.340463E-03
39.960000	-0.233467E-03
39.970000	-0.135755E-03
39.980000	-0.454144E-04
39.990000	0.497579E-04
40.000000	0.154549E-03
40.010000	0.257829E-03
40.020000	0.338998E-03
40.030000	0.392526E-03
40.040000	0.420299E-03
40.050000	0.421346E-03
40.060000	0.403336E-03
40.070000	0.382355E-03
40.080000	0.375191E-03
40.090000	0.393707E-03
40.100000	0.428098E-03
40.110000	0.458142E-03
40.120000	0.469245E-03
40.130000	0.452504E-03
40.140000	0.415466E-03
40.150000	0.369316E-03
40.160000	0.327406E-03
40.170000	0.308862E-03
40.180000	0.324279E-03
40.190000	0.363832E-03
40.200000	0.410851E-03
40.210000	0.448200E-03
40.220000	0.463815E-03
40.230000	0.448524E-03
40.240000	0.396871E-03
40.250000	0.319494E-03
40.260000	0.237143E-03
40.270000	0.165159E-03
40.280000	0.106804E-03
40.290000	0.629769E-04
40.300000	0.350446E-04
40.310000	0.177329E-04
40.320000	0.578791E-05
40.330000	-0.379676E-05
40.340000	-0.127256E-04
40.350000	-0.230694E-04
40.360000	-0.362362E-04
40.370000	-0.550899E-04
40.380000	-0.798003E-04
40.390000	-0.103598E-03
40.400000	-0.120816E-03
40.410000	-0.130401E-03
40.420000	-0.132169E-03
40.430000	-0.126371E-03
40.440000	-0.116232E-03
40.450000	-0.105060E-03
40.460000	-0.951137E-04
40.470000	-0.875520E-04
40.480000	-0.826944E-04
40.490000	-0.805178E-04
40.500000	-0.805925E-04
40.510000	-0.822135E-04
40.520000	-0.849508E-04
40.530000	-0.878217E-04
40.540000	-0.901086E-04
40.550000	-0.916104E-04
40.560000	-0.921880E-04
40.570000	-0.920474E-04
40.580000	-0.917270E-04
40.590000	-0.917955E-04
40.600000	-0.924326E-04
40.610000	-0.939225E-04
40.620000	-0.962882E-04
40.630000	-0.989750E-04
40.640000	-0.101426E-03
40.650000	-0.103252E-03
40.660000	-0.104030E-03
40.670000	-0.103598E-03
40.680000	-0.102116E-03
40.690000	-0.997873E-04
40.700000	-0.968519E-04
40.710000	-0.934822E-04
40.720000	-0.898738E-04
40.730000	-0.861895E-04
40.740000	-0.825166E-04
40.750000	-0.788967E-04
40.760000	-0.752910E-04
40.770000	-0.716955E-04
40.780000	-0.681242E-04
40.790000	-0.645766E-04
40.800000	-0.610207E-04
40.810000	-0.574172E-04
40.820000	-0.537874E-04
40.830000	-0.501743E-04
40.840000	-0.466008E-04
40.850000	-0.430720E-04
40.860000	-0.395875E-04
40.870000	-0.361418E-04
40.880000	-0.327220E-04
40.890000	-0.293131E-04
40.900000	-0.259072E-04
40.910000	-0.225050E-04
40.920000	-0.191093E-04
40.930000	-0.157219E-04
40.940000	-0.123440E-04
40.950000	-0.897556E-05
40.960000	-0.561691E-05
