0.000000	0.000000
0.020000	-0.392241E-02
0.040000	-0.338878E-02
0.060000	-0.102738E-02
0.080000	-0.850876E-03
0.100000	-0.525730E-02
0.120000	-0.213721E-02
0.140000	0.251281E-02
0.160000	0.126310E-02
0.180000	-0.547687E-03
0.200000	-0.392015E-02
0.220000	-0.603502E-02
0.240000	-0.592227E-02
0.260000	-0.688059E-02
0.280000	-0.102972E-01
0.300000	-0.161791E-01
0.320000	-0.168582E-01
0.340000	-0.127851E-01
0.360000	-0.770123E-02
0.380000	-0.686880E-02
0.400000	-0.100695E-01
0.420000	-0.938613E-02
0.440000	-0.742781E-02
0.460000	-0.557868E-02
0.480000	-0.243830E-02
0.500000	0.156901E-02
0.520000	0.563441E-02
0.540000	0.885009E-02
0.560000	0.405666E-02
0.580000	-0.595106E-02
0.600000	-0.498161E-02
0.620000	0.232301E-02
0.640000	0.416036E-02
0.660000	-0.824102E-03
0.680000	-0.213867E-02
0.700000	0.364795E-02
0.720000	0.603790E-02
0.740000	0.927746E-02
0.760000	0.120743E-01
0.780000	0.101678E-01
0.800000	0.690979E-02
0.820000	0.116118E-01
0.840000	0.152754E-01
0.860000	0.453955E-02
0.880000	-0.306289E-02
0.900000	-0.277160E-02
0.920000	-0.709893E-02
0.940000	-0.122944E-01
0.960000	-0.137574E-03
0.980000	0.865008E-02
1.000000	0.214278E-02
1.020000	0.159018E-02
1.040000	0.137616E-02
1.060000	0.921362E-03
1.080000	0.226477E-02
1.100000	0.531866E-02
1.120000	0.288388E-02
1.140000	-0.418074E-02
1.160000	-0.409828E-02
1.180000	-0.144548E-02
1.200000	-0.490763E-02
1.220000	-0.147152E-01
1.240000	-0.236570E-01
1.260000	-0.186941E-01
1.280000	-0.436458E-02
1.300000	0.317777E-02
1.320000	0.434404E-02
1.340000	0.224219E-02
1.360000	0.101645E-02
1.380000	0.824749E-02
1.400000	0.146798E-01
1.420000	0.158101E-01
1.440000	0.137192E-01
1.460000	0.860495E-02
1.480000	0.668632E-02
1.500000	0.622316E-02
1.520000	0.618122E-02
1.540000	0.161654E-02
1.560000	-0.153855E-02
1.580000	-0.167960E-02
1.600000	-0.844558E-03
1.620000	-0.479847E-02
1.640000	-0.512021E-02
1.660000	0.330959E-02
1.680000	0.112457E-01
1.700000	0.134105E-01
1.720000	0.897592E-02
1.740000	0.648438E-02
1.760000	0.653666E-02
1.780000	0.648179E-02
1.800000	0.963681E-02
1.820000	0.101459E-01
1.840000	0.330379E-02
1.860000	-0.436558E-02
1.880000	-0.329259E-02
1.900000	0.860664E-02
1.920000	0.134780E-01
1.940000	0.107136E-01
1.960000	0.951792E-02
1.980000	0.877608E-02
2.000000	0.176629E-02
2.020000	-0.698163E-02
2.040000	0.114936E-02
2.060000	0.273292E-02
2.080000	-0.114160E-01
2.100000	-0.189504E-01
2.120000	-0.150067E-01
2.140000	0.518054E-03
2.160000	0.123146E-01
2.180000	0.120986E-01
2.200000	0.175364E-01
2.220000	0.247418E-01
2.240000	0.187759E-01
2.260000	0.128202E-01
2.280000	0.609733E-03
2.300000	-0.156155E-01
2.320000	-0.136694E-01
2.340000	-0.104413E-01
2.360000	-0.175907E-01
2.380000	-0.249890E-01
2.400000	-0.222312E-01
2.420000	-0.103618E-01
2.440000	-0.100634E-01
2.460000	-0.199292E-01
2.480000	-0.211262E-01
2.500000	-0.128851E-01
2.520000	-0.573042E-02
2.540000	0.191079E-02
2.560000	0.121907E-01
2.580000	0.164628E-01
2.600000	0.150799E-01
2.620000	0.197058E-01
2.640000	0.147926E-01
2.660000	-0.476884E-02
2.680000	-0.120098E-01
2.700000	-0.160448E-01
2.720000	-0.207563E-01
2.740000	-0.195711E-01
2.760000	-0.289940E-01
2.780000	-0.300019E-01
2.800000	-0.321483E-02
2.820000	0.278643E-01
2.840000	0.428448E-01
2.860000	0.491593E-01
2.880000	0.442843E-01
2.900000	0.311534E-01
2.920000	0.268292E-01
2.940000	0.293889E-01
2.960000	0.285682E-01
2.980000	0.160308E-01
3.000000	0.126132E-01
3.020000	0.197637E-01
3.040000	0.858377E-02
3.060000	-0.223179E-01
3.080000	-0.439305E-01
3.100000	-0.351950E-01
3.120000	-0.420118E-02
3.140000	0.178197E-01
3.160000	0.279810E-01
3.180000	0.304228E-01
3.200000	0.173923E-01
3.220000	0.972078E-02
3.240000	0.110548E-01
3.260000	0.155681E-01
3.280000	0.186238E-01
3.300000	0.176526E-01
3.320000	0.643327E-02
3.340000	-0.139120E-01
3.360000	-0.309974E-01
3.380000	-0.448524E-01
3.400000	-0.477293E-01
3.420000	-0.439945E-01
3.440000	-0.246294E-01
3.460000	0.449308E-02
3.480000	0.125984E-01
3.500000	0.150916E-01
3.520000	0.880367E-02
3.540000	-0.528633E-02
3.560000	-0.559516E-02
3.580000	-0.549805E-02
3.600000	-0.144963E-01
3.620000	-0.245861E-01
3.640000	-0.325573E-01
3.660000	-0.295064E-01
3.680000	-0.188811E-01
3.700000	-0.111811E-01
3.720000	0.354252E-02
3.740000	0.935743E-02
3.760000	0.154773E-01
3.780000	0.234096E-01
3.800000	0.294764E-01
3.820000	0.184519E-01
3.840000	-0.587434E-02
3.860000	-0.101005E-01
3.880000	0.161685E-02
3.900000	0.974890E-02
3.920000	0.251256E-02
3.940000	-0.428724E-02
3.960000	0.245035E-02
3.980000	0.141043E-01
4.000000	0.269220E-01
4.020000	0.469777E-01
4.040000	0.620608E-01
4.060000	0.759841E-01
4.080000	0.867219E-01
4.100000	0.107168E+00
4.120000	0.131297E+00
4.140000	0.141795E+00
4.160000	0.100909E+00
4.180000	0.272067E-01
4.200000	-0.387199E-01
4.220000	-0.947740E-01
4.240000	-0.978748E-01
4.260000	-0.744393E-01
4.280000	-0.792405E-01
4.300000	-0.115383E+00
4.320000	-0.160196E+00
4.340000	-0.212815E+00
4.360000	-0.231000E+00
4.380000	-0.222195E+00
4.400000	-0.752250E-01
4.420000	0.133311E-01
4.440000	-0.117978E-02
4.460000	0.245606E-01
4.480000	0.102094E+00
4.500000	0.176318E+00
4.520000	0.218356E+00
4.540000	0.237742E+00
4.560000	0.230039E+00
4.580000	0.190580E+00
4.600000	0.530424E-01
4.620000	-0.185123E-01
4.640000	-0.945764E-01
4.660000	-0.139340E+00
4.680000	-0.848818E-01
4.700000	-0.208929E-01
4.720000	-0.121829E-01
4.740000	-0.278091E-01
4.760000	0.136132E-01
4.780000	0.627620E-01
4.800000	0.851399E-01
4.820000	0.183442E-01
4.840000	-0.930521E-01
4.860000	-0.154610E+00
4.880000	-0.201792E+00
4.900000	-0.190086E+00
4.920000	-0.114281E+00
4.940000	-0.327481E-01
4.960000	0.215616E-01
4.980000	0.649471E-01
5.000000	0.928714E-01
5.020000	0.134901E+00
5.040000	0.199561E+00
5.060000	0.243941E+00
5.080000	0.241126E+00
5.100000	0.237729E+00
5.120000	0.226728E+00
5.140000	0.208671E+00
5.160000	0.145046E+00
5.180000	0.654115E-01
5.200000	0.132969E-03
5.220000	-0.147708E-01
5.240000	0.552147E-02
5.260000	0.398683E-01
5.280000	0.130484E+00
5.300000	0.142751E+00
5.320000	0.121859E+00
5.340000	0.115070E+00
5.360000	0.753464E-01
5.380000	-0.625031E-02
5.400000	-0.123494E+00
5.420000	-0.190166E+00
5.440000	-0.135175E+00
5.460000	-0.743205E-01
5.480000	-0.123780E+00
5.500000	-0.218385E+00
5.520000	-0.281684E+00
5.540000	-0.324758E+00
5.560000	-0.346015E+00
5.580000	-0.363435E+00
5.600000	-0.385420E+00
5.620000	-0.347475E+00
5.640000	-0.247501E+00
5.660000	-0.121271E+00
5.680000	0.141311E-01
5.700000	0.396533E-01
5.720000	0.115602E-01
5.740000	0.107184E-01
5.760000	0.102683E-01
5.780000	0.747004E-01
5.800000	0.114101E+00
5.820000	0.706920E-01
5.840000	-0.611903E-01
5.860000	-0.171996E+00
5.880000	-0.175093E+00
5.900000	-0.113563E+00
5.920000	0.123120E-01
5.940000	0.885769E-01
5.960000	0.120739E+00
5.980000	0.128416E+00
6.000000	0.146593E+00
6.020000	0.176246E+00
6.040000	0.200087E+00
6.060000	0.125692E+00
6.080000	-0.436309E-01
6.100000	-0.118109E+00
6.120000	-0.143831E+00
6.140000	-0.243827E-01
6.160000	0.162156E+00
6.180000	0.218312E+00
6.200000	0.220857E+00
6.220000	0.189341E+00
6.240000	0.125112E+00
6.260000	0.566826E-01
6.280000	0.108092E-01
6.300000	-0.671616E-01
6.320000	-0.133014E+00
6.340000	-0.183803E+00
6.360000	-0.161752E+00
6.380000	-0.124255E-01
6.400000	0.570222E-01
6.420000	0.115716E+00
6.440000	0.152410E+00
6.460000	0.154686E+00
6.480000	0.126918E+00
6.500000	0.244416E-01
6.520000	-0.547677E-01
6.540000	-0.100698E+00
6.560000	-0.125386E+00
6.580000	-0.876931E-01
6.600000	0.271321E-01
6.620000	0.847903E-01
6.640000	0.888975E-01
6.660000	0.545037E-01
6.680000	0.112788E-01
6.700000	-0.513848E-03
6.720000	0.192849E-01
6.740000	0.704334E-01
6.760000	0.940418E-01
6.780000	0.325741E-01
6.800000	-0.603892E-01
6.820000	-0.121852E+00
6.840000	-0.173412E+00
6.860000	-0.210140E+00
6.880000	-0.221875E+00
6.900000	-0.192901E+00
6.920000	-0.162263E+00
6.940000	-0.152374E+00
6.960000	-0.141834E+00
6.980000	-0.812977E-01
7.000000	-0.771669E-02
7.020000	0.423462E-01
7.040000	0.643734E-01
7.060000	0.229432E-01
7.080000	-0.522642E-01
7.100000	-0.638247E-01
7.120000	-0.209651E-01
7.140000	0.246025E-01
7.160000	0.712911E-01
7.180000	0.108765E+00
7.200000	0.923227E-01
7.220000	0.218591E-01
7.240000	-0.103514E-01
7.260000	-0.146017E-01
7.280000	-0.163214E-01
7.300000	0.335541E-02
7.320000	0.312677E-01
7.340000	0.386514E-01
7.360000	0.407975E-01
7.380000	0.726377E-01
7.400000	0.101520E+00
7.420000	0.117340E+00
7.440000	0.106928E+00
7.460000	0.249359E-01
7.480000	-0.450607E-01
7.500000	-0.914505E-01
7.520000	-0.138714E+00
7.540000	-0.161099E+00
7.560000	-0.166397E+00
7.580000	-0.112946E+00
7.600000	-0.659069E-02
7.620000	0.792267E-01
7.640000	0.162872E+00
7.660000	0.221063E+00
7.680000	0.237541E+00
7.700000	0.230580E+00
7.720000	0.174867E+00
7.740000	0.106833E+00
7.760000	0.428572E-01
7.780000	-0.871950E-02
7.800000	-0.294790E-01
7.820000	-0.402394E-01
7.840000	-0.466036E-01
7.860000	-0.442693E-01
7.880000	-0.216493E-01
7.900000	-0.146164E-03
7.920000	-0.191166E-01
7.940000	-0.609851E-01
7.960000	-0.866132E-01
7.980000	-0.793146E-01
8.000000	-0.659940E-01
8.020000	-0.374591E-01
8.040000	0.230293E-02
8.060000	0.148320E-01
8.080000	0.649895E-02
8.100000	-0.136396E-01
8.120000	-0.464373E-01
8.140000	-0.800715E-01
8.160000	-0.985291E-01
8.180000	-0.113162E+00
8.200000	-0.117481E+00
8.220000	-0.107479E+00
8.240000	-0.826864E-01
8.260000	-0.682052E-01
8.280000	-0.776991E-01
8.300000	-0.837903E-01
8.320000	-0.726344E-01
8.340000	-0.421179E-01
8.360000	-0.115105E-01
8.380000	0.149515E-01
8.400000	0.447764E-01
8.420000	0.636547E-01
8.440000	0.749166E-01
8.460000	0.719690E-01
8.480000	0.475258E-01
8.500000	-0.104043E-02
8.520000	-0.503543E-01
8.540000	-0.939195E-01
8.560000	-0.130419E+00
8.580000	-0.159282E+00
8.600000	-0.172559E+00
8.620000	-0.178854E+00
8.640000	-0.153042E+00
8.660000	-0.342005E-01
8.680000	0.555677E-01
8.700000	0.118844E+00
8.720000	0.197156E+00
8.740000	0.236058E+00
8.760000	0.234358E+00
8.780000	0.165362E+00
8.800000	0.748534E-01
8.820000	0.372142E-01
8.840000	0.262889E-01
8.860000	0.291682E-01
8.880000	0.410143E-01
8.900000	0.510398E-01
8.920000	0.545943E-01
8.940000	0.537251E-01
8.960000	0.499396E-01
8.980000	0.376382E-01
9.000000	0.159223E-02
9.020000	-0.440234E-01
9.040000	-0.688607E-01
9.060000	-0.899147E-01
9.080000	-0.740897E-01
9.100000	-0.154032E-01
9.120000	0.351364E-01
9.140000	0.725304E-01
9.160000	0.914409E-01
9.180000	0.802481E-01
9.200000	0.402801E-01
9.220000	-0.226485E-03
9.240000	-0.270069E-01
9.260000	-0.358905E-01
9.280000	-0.187803E-01
9.300000	0.202476E-01
9.320000	0.661635E-01
9.340000	0.101993E+00
9.360000	0.130869E+00
9.380000	0.147696E+00
9.400000	0.150377E+00
9.420000	0.111963E+00
9.440000	0.520187E-01
9.460000	0.984125E-02
9.480000	-0.134978E-01
9.500000	-0.249866E-01
9.520000	-0.259785E-01
9.540000	-0.227272E-01
9.560000	-0.131999E-01
9.580000	-0.406117E-02
9.600000	-0.640666E-02
9.620000	-0.141622E-01
9.640000	-0.282449E-01
9.660000	-0.418492E-01
9.680000	-0.501790E-01
9.700000	-0.468238E-01
9.720000	-0.324791E-01
9.740000	-0.159556E-01
9.760000	-0.175076E-01
9.780000	-0.343005E-01
9.800000	-0.518563E-01
9.820000	-0.626424E-01
9.840000	-0.608365E-01
9.860000	-0.444733E-01
9.880000	-0.334028E-01
9.900000	-0.299814E-01
9.920000	-0.292609E-01
9.940000	-0.214524E-01
9.960000	-0.105880E-01
9.980000	-0.102011E-01
10.000000	-0.263952E-01
10.020000	-0.363368E-01
10.040000	-0.230000E-01
10.060000	0.287773E-02
10.080000	0.246795E-01
10.100000	0.473667E-01
10.120000	0.593388E-01
10.140000	0.752337E-01
10.160000	0.906472E-01
10.180000	0.108124E+00
10.200000	0.104583E+00
10.220000	0.137585E-01
10.240000	-0.202389E-01
10.260000	-0.367463E-01
10.280000	-0.452049E-01
10.300000	-0.323965E-01
10.320000	-0.241516E-01
10.340000	-0.148316E-01
10.360000	-0.143509E-01
10.380000	0.287505E-02
10.400000	0.265056E-01
10.420000	0.511225E-01
10.440000	0.659760E-01
10.460000	0.771289E-01
10.480000	0.773831E-01
10.500000	0.718967E-01
10.520000	0.484093E-01
10.540000	0.167722E-01
10.560000	-0.572474E-02
10.580000	-0.215723E-01
10.600000	-0.274065E-01
10.620000	-0.194728E-01
10.640000	-0.588929E-02
10.660000	0.106665E-01
10.680000	0.268296E-01
10.700000	0.308771E-01
10.720000	0.246991E-01
10.740000	0.524171E-02
10.760000	-0.246288E-01
10.780000	-0.466413E-01
10.800000	-0.560578E-01
10.820000	-0.578702E-01
10.840000	-0.589421E-01
10.860000	-0.557841E-01
10.880000	-0.413357E-01
10.900000	-0.227339E-01
10.920000	-0.121582E-02
10.940000	0.135131E-01
10.960000	0.211499E-01
10.980000	0.269956E-01
11.000000	0.269029E-01
11.020000	0.151393E-01
11.040000	0.771699E-03
11.060000	-0.152779E-01
11.080000	-0.368121E-01
11.100000	-0.551944E-01
11.120000	-0.711156E-01
11.140000	-0.804944E-01
11.160000	-0.783227E-01
11.180000	-0.682747E-01
11.200000	-0.390496E-01
11.220000	0.131429E-01
11.240000	0.437572E-01
11.260000	0.561074E-01
11.280000	0.561666E-01
11.300000	0.445244E-01
11.320000	0.273680E-01
11.340000	-0.891128E-02
11.360000	-0.373611E-01
11.380000	-0.529874E-01
11.400000	-0.566543E-01
11.420000	-0.503700E-01
11.440000	-0.685989E-02
11.460000	0.290125E-01
11.480000	0.327662E-01
11.500000	0.203038E-01
11.520000	-0.183113E-01
11.540000	-0.436675E-01
11.560000	-0.507493E-01
11.580000	-0.445671E-01
11.600000	-0.282440E-01
11.620000	-0.116711E-01
11.640000	-0.206264E-02
11.660000	0.853721E-02
11.680000	0.126305E-01
11.700000	0.972553E-02
11.720000	0.383401E-02
11.740000	0.953534E-03
11.760000	0.501212E-02
11.780000	0.142758E-01
11.800000	0.257467E-01
11.820000	0.355366E-01
11.840000	0.432662E-01
11.860000	0.486069E-01
11.880000	0.468882E-01
11.900000	0.434375E-01
11.920000	0.493342E-01
11.940000	0.578338E-01
11.960000	0.641119E-01
11.980000	0.714488E-01
12.000000	0.754400E-01
12.020000	0.671219E-01
12.040000	0.415168E-01
12.060000	0.191768E-01
12.080000	0.664914E-02
12.100000	0.832193E-02
12.120000	0.191441E-01
12.140000	0.268920E-01
12.160000	0.342778E-01
12.180000	0.412322E-01
12.200000	0.408283E-01
12.220000	0.344145E-01
12.240000	0.326203E-01
12.260000	0.361271E-01
12.280000	0.409894E-01
12.300000	0.302406E-01
12.320000	0.394093E-02
12.340000	-0.209471E-01
12.360000	-0.375098E-01
12.380000	-0.501834E-01
12.400000	-0.540604E-01
12.420000	-0.523835E-01
12.440000	-0.404873E-01
12.460000	-0.323711E-01
12.480000	-0.312593E-01
12.500000	-0.291061E-01
12.520000	-0.265439E-01
12.540000	-0.210940E-01
12.560000	-0.169783E-01
12.580000	-0.101514E-01
12.600000	-0.177928E-02
12.620000	0.622161E-02
12.640000	0.676323E-02
12.660000	-0.849188E-02
12.680000	-0.289969E-01
12.700000	-0.428791E-01
12.720000	-0.502098E-01
12.740000	-0.552711E-01
12.760000	-0.570367E-01
12.780000	-0.509493E-01
12.800000	-0.415327E-01
12.820000	-0.273536E-01
12.840000	-0.165334E-01
12.860000	-0.938016E-02
12.880000	-0.461266E-02
12.900000	-0.204529E-02
12.920000	-0.865125E-03
12.940000	-0.107642E-01
12.960000	-0.241894E-01
12.980000	-0.385530E-01
13.000000	-0.497434E-01
13.020000	-0.453278E-01
13.040000	-0.236680E-01
13.060000	0.992541E-03
13.080000	0.130061E-01
13.100000	0.224606E-01
13.120000	0.308165E-01
13.140000	0.381319E-01
13.160000	0.431524E-01
13.180000	0.432086E-01
13.200000	0.348763E-01
13.220000	0.228648E-01
13.240000	0.160564E-01
13.260000	0.119173E-01
13.280000	0.134178E-01
13.300000	0.164054E-01
13.320000	0.216320E-01
13.340000	0.246156E-01
13.360000	0.270249E-01
13.380000	0.287630E-01
13.400000	0.256175E-01
13.420000	0.198658E-01
13.440000	0.207084E-01
13.460000	0.261277E-01
13.480000	0.330761E-01
13.500000	0.402978E-01
13.520000	0.375082E-01
13.540000	0.334721E-01
13.560000	0.344035E-01
13.580000	0.369577E-01
13.600000	0.368854E-01
13.620000	0.277168E-01
13.640000	0.672325E-02
13.660000	-0.119528E-01
13.680000	-0.206594E-01
13.700000	-0.275371E-01
13.720000	-0.339059E-01
13.740000	-0.400767E-01
13.760000	-0.486017E-01
13.780000	-0.555304E-01
13.800000	-0.555854E-01
13.820000	-0.472559E-01
13.840000	-0.372128E-01
13.860000	-0.308846E-01
13.880000	-0.317218E-01
13.900000	-0.291808E-01
13.920000	-0.284585E-01
13.940000	-0.343008E-01
13.960000	-0.300391E-01
13.980000	-0.145900E-01
14.000000	0.543487E-02
14.020000	0.242918E-01
14.040000	0.390555E-01
14.060000	0.437008E-01
14.080000	0.360734E-01
14.100000	0.153493E-01
14.120000	-0.122874E-01
14.140000	-0.262632E-01
14.160000	-0.280673E-01
14.180000	-0.238932E-01
14.200000	-0.175731E-01
14.220000	-0.739528E-02
14.240000	0.136333E-01
14.260000	0.295782E-01
14.280000	0.345173E-01
14.300000	0.332303E-01
14.320000	0.230061E-01
14.340000	0.532061E-02
14.360000	-0.731283E-02
14.380000	-0.765118E-02
14.400000	-0.633917E-02
14.420000	-0.939785E-02
14.440000	-0.160775E-01
14.460000	-0.266087E-01
14.480000	-0.339208E-01
14.500000	-0.282095E-01
14.520000	-0.228562E-01
14.540000	-0.202029E-01
14.560000	-0.866429E-02
14.580000	0.369029E-02
14.600000	0.165355E-01
14.620000	0.302375E-01
14.640000	0.374105E-01
14.660000	0.251790E-01
14.680000	0.805257E-02
14.700000	-0.327416E-02
14.720000	-0.108055E-01
14.740000	-0.112937E-01
14.760000	-0.135148E-01
14.780000	-0.206922E-01
14.800000	-0.195167E-01
14.820000	0.445073E-03
14.840000	0.345012E-01
14.860000	0.636992E-01
14.880000	0.753990E-01
14.900000	0.701015E-01
14.920000	0.450293E-01
14.940000	0.171440E-01
14.960000	0.298278E-02
14.980000	-0.599684E-02
15.000000	-0.161178E-01
15.020000	-0.327260E-01
15.040000	-0.480052E-01
15.060000	-0.504313E-01
15.080000	-0.271095E-01
15.100000	0.702121E-02
15.120000	0.162792E-01
15.140000	0.570029E-02
15.160000	-0.135405E-01
15.180000	-0.307769E-01
15.200000	-0.344658E-01
15.220000	-0.330688E-01
15.240000	-0.338731E-01
15.260000	-0.321253E-01
15.280000	-0.248930E-01
15.300000	-0.180115E-01
15.320000	-0.919199E-02
15.340000	0.180723E-02
15.360000	0.238513E-02
15.380000	-0.475531E-02
15.400000	-0.137052E-01
15.420000	-0.197430E-01
15.440000	-0.173546E-01
15.460000	-0.104139E-01
15.480000	-0.111926E-01
15.500000	-0.162634E-01
15.520000	-0.148389E-01
15.540000	-0.122821E-01
15.560000	-0.194725E-01
15.580000	-0.262518E-01
15.600000	-0.256534E-01
15.620000	-0.165859E-01
15.640000	-0.132096E-02
15.660000	0.935504E-02
15.680000	0.171006E-01
15.700000	0.180274E-01
15.720000	0.135901E-01
15.740000	0.906610E-02
15.760000	0.102235E-01
15.780000	0.166441E-01
15.800000	0.156299E-01
15.820000	0.110203E-01
15.840000	0.123888E-01
15.860000	0.165716E-01
15.880000	0.154513E-01
15.900000	0.350994E-02
15.920000	-0.230134E-01
15.940000	-0.418755E-01
15.960000	-0.401856E-01
15.980000	-0.203978E-01
16.000000	0.103479E-01
16.020000	0.337566E-01
16.040000	0.494767E-01
16.060000	0.502078E-01
16.080000	0.358471E-01
16.100000	0.173359E-01
16.120000	0.993972E-02
16.140000	0.545665E-02
16.160000	-0.429981E-02
16.180000	-0.229445E-01
16.200000	-0.389036E-01
16.220000	-0.431010E-01
16.240000	-0.211324E-01
16.260000	0.154630E-01
16.280000	0.319594E-01
16.300000	0.438494E-01
16.320000	0.517931E-01
16.340000	0.584373E-01
16.360000	0.626314E-01
16.380000	0.594428E-01
16.400000	0.324617E-01
16.420000	-0.125954E-02
16.440000	-0.124031E-01
16.460000	-0.808854E-02
16.480000	0.483279E-02
16.500000	0.203653E-01
16.520000	0.287956E-01
16.540000	0.364721E-01
16.560000	0.513621E-01
16.580000	0.532562E-01
16.600000	0.185487E-01
16.620000	-0.369617E-01
16.640000	-0.677810E-01
16.660000	-0.795926E-01
16.680000	-0.498922E-01
16.700000	0.153267E-01
16.720000	0.588216E-01
16.740000	0.841646E-01
16.760000	0.869503E-01
16.780000	0.573428E-01
16.800000	0.927439E-02
16.820000	-0.194191E-01
16.840000	-0.281492E-01
16.860000	-0.216323E-01
16.880000	-0.354757E-02
16.900000	0.102766E-01
16.920000	0.208297E-01
16.940000	0.194773E-01
16.960000	0.169888E-02
16.980000	-0.185000E-01
17.000000	-0.289752E-01
17.020000	-0.319330E-01
17.040000	-0.268665E-01
17.060000	-0.218581E-01
17.080000	-0.231013E-01
17.100000	-0.290691E-01
17.120000	-0.304204E-01
17.140000	-0.262555E-01
17.160000	-0.176760E-01
17.180000	-0.107652E-01
17.200000	-0.510501E-02
17.220000	0.665178E-02
17.240000	0.255435E-01
17.260000	0.356010E-01
17.280000	0.259337E-01
17.300000	0.100230E-01
17.320000	-0.127390E-01
17.340000	-0.339618E-01
17.360000	-0.465728E-01
17.380000	-0.442529E-01
17.400000	-0.277347E-01
17.420000	-0.119264E-01
17.440000	-0.634663E-02
17.460000	-0.775386E-02
17.480000	-0.132615E-01
17.500000	-0.157305E-01
17.520000	-0.500073E-02
17.540000	0.968972E-02
17.560000	0.233796E-01
17.580000	0.323060E-01
17.600000	0.351634E-01
17.620000	0.313664E-01
17.640000	0.220380E-01
17.660000	0.949956E-02
17.680000	0.528641E-02
17.700000	0.157786E-01
17.720000	0.261902E-01
17.740000	0.151849E-01
17.760000	-0.713319E-02
17.780000	-0.163514E-01
17.800000	-0.529700E-03
17.820000	0.258725E-01
17.840000	0.393758E-01
17.860000	0.284991E-01
17.880000	-0.451030E-03
17.900000	-0.174304E-01
17.920000	-0.266588E-01
17.940000	-0.312523E-01
17.960000	-0.308906E-01
17.980000	-0.305330E-01
18.000000	-0.308088E-01
18.020000	-0.314987E-01
18.040000	-0.297509E-01
18.060000	-0.241729E-01
18.080000	-0.861621E-02
18.100000	0.115488E-01
18.120000	0.206805E-01
18.140000	0.139982E-01
18.160000	0.183636E-02
18.180000	-0.740517E-02
18.200000	-0.153074E-01
18.220000	-0.191919E-01
18.240000	-0.181916E-01
18.260000	-0.123911E-01
18.280000	-0.240564E-02
18.300000	0.129441E-01
18.320000	0.288374E-01
18.340000	0.404397E-01
18.360000	0.488534E-01
18.380000	0.456177E-01
18.400000	0.272881E-01
18.420000	0.354736E-02
18.440000	-0.342557E-02
18.460000	-0.388478E-02
18.480000	-0.180723E-02
18.500000	0.505616E-02
18.520000	0.166248E-01
18.540000	0.276274E-01
18.560000	0.289481E-01
18.580000	0.203912E-01
18.600000	0.351821E-02
18.620000	-0.767439E-02
18.640000	-0.180204E-01
18.660000	-0.273678E-01
18.680000	-0.331768E-01
18.700000	-0.337909E-01
18.720000	-0.264725E-01
18.740000	-0.224732E-01
18.760000	-0.274845E-01
18.780000	-0.328936E-01
18.800000	-0.310240E-01
18.820000	-0.224601E-01
18.840000	-0.116023E-01
18.860000	-0.206939E-02
18.880000	-0.127381E-02
18.900000	-0.709292E-02
18.920000	-0.102794E-01
18.940000	-0.266203E-02
18.960000	0.234286E-01
18.980000	0.458135E-01
19.000000	0.529668E-01
19.020000	0.508504E-01
19.040000	0.430474E-01
19.060000	0.225455E-01
19.080000	-0.252198E-02
19.100000	-0.228138E-01
19.120000	-0.389062E-01
19.140000	-0.485859E-01
19.160000	-0.535930E-01
19.180000	-0.530258E-01
19.200000	-0.524718E-01
19.220000	-0.446248E-01
19.240000	-0.320970E-01
19.260000	-0.132779E-01
19.280000	0.147417E-01
19.300000	0.339128E-01
19.320000	0.376706E-01
19.340000	0.307011E-01
19.360000	0.273833E-01
19.380000	0.242541E-01
19.400000	0.141227E-01
19.420000	0.408508E-02
19.440000	0.607023E-02
19.460000	0.913659E-02
19.480000	0.208252E-02
19.500000	-0.202681E-02
19.520000	-0.482542E-02
19.540000	-0.112206E-01
19.560000	-0.143374E-01
19.580000	-0.607891E-03
19.600000	0.170272E-01
19.620000	0.218592E-01
19.640000	0.275246E-01
19.660000	0.502087E-01
19.680000	0.645329E-01
19.700000	0.745884E-01
19.720000	0.577149E-01
19.740000	-0.736274E-02
19.760000	-0.583134E-01
19.780000	-0.873371E-01
19.800000	-0.941289E-01
19.820000	-0.609112E-01
19.840000	-0.134798E-01
19.860000	-0.137503E-02
19.880000	-0.155393E-01
19.900000	-0.373700E-01
19.920000	-0.340290E-01
19.940000	-0.185371E-02
19.960000	0.235315E-01
19.980000	0.461382E-01
20.000000	0.583032E-01
20.020000	0.596940E-01
20.040000	0.425972E-01
20.060000	0.473938E-02
20.080000	-0.250808E-01
20.100000	-0.394113E-01
20.120000	-0.581441E-01
20.140000	-0.477151E-01
20.160000	0.125715E-01
20.180000	0.634466E-01
20.200000	0.885025E-01
20.220000	0.984011E-01
20.240000	0.587206E-01
20.260000	-0.136876E-01
20.280000	-0.665515E-01
20.300000	-0.959667E-01
20.320000	-0.103175E+00
20.340000	-0.719251E-01
20.360000	-0.213608E-02
20.380000	0.434157E-01
20.400000	0.539560E-01
20.420000	0.385271E-01
20.440000	0.256055E-02
20.460000	-0.174277E-01
20.480000	-0.150657E-01
20.500000	-0.262617E-02
20.520000	-0.852209E-02
20.540000	-0.369549E-01
20.560000	-0.585252E-01
20.580000	-0.595720E-01
20.600000	-0.476923E-01
20.620000	-0.370775E-01
20.640000	-0.384905E-01
20.660000	-0.386886E-01
20.680000	-0.363317E-01
20.700000	-0.195172E-01
20.720000	0.673836E-02
20.740000	0.201878E-01
20.760000	0.184281E-01
20.780000	0.183473E-01
20.800000	0.322558E-01
20.820000	0.465917E-01
20.840000	0.541007E-01
20.860000	0.435986E-01
20.880000	0.157688E-01
20.900000	-0.143000E-01
20.920000	-0.370747E-01
20.940000	-0.491547E-01
20.960000	-0.444445E-01
20.980000	-0.341274E-01
21.000000	-0.186765E-01
21.020000	0.592065E-02
21.040000	0.183258E-01
21.060000	0.878356E-02
21.080000	-0.102753E-01
21.100000	-0.233823E-01
21.120000	-0.236395E-01
21.140000	-0.187313E-01
21.160000	-0.137354E-01
21.180000	-0.711161E-02
21.200000	0.348511E-02
21.220000	0.150111E-01
21.240000	0.206139E-01
21.260000	0.170194E-01
21.280000	0.981099E-02
21.300000	0.578605E-02
21.320000	0.351144E-02
21.340000	0.189983E-02
21.360000	-0.426785E-03
21.380000	-0.783401E-02
21.400000	-0.244416E-01
21.420000	-0.429373E-01
21.440000	-0.401526E-01
21.460000	0.339120E-02
21.480000	0.420248E-01
21.500000	0.428123E-01
21.520000	0.349641E-02
21.540000	-0.314212E-01
21.560000	-0.228296E-01
21.580000	0.107743E-01
21.600000	0.314182E-01
21.620000	0.274189E-01
21.640000	0.184756E-01
21.660000	0.170549E-01
21.680000	0.267277E-01
21.700000	0.264932E-01
21.720000	0.103008E-01
21.740000	-0.966249E-02
21.760000	-0.912379E-02
21.780000	0.142782E-01
21.800000	0.377057E-01
21.820000	0.405986E-01
21.840000	0.300459E-01
21.860000	0.910648E-02
21.880000	-0.125714E-01
21.900000	-0.241655E-01
21.920000	-0.298263E-01
21.940000	-0.330401E-01
21.960000	-0.246759E-01
21.980000	-0.141564E-02
22.000000	0.157247E-01
22.020000	0.186054E-01
22.040000	0.639928E-02
22.060000	-0.954410E-02
22.080000	-0.626760E-02
22.100000	0.177535E-02
22.120000	-0.334580E-02
22.140000	-0.141942E-01
22.160000	-0.201681E-01
22.180000	-0.161603E-01
22.200000	-0.242857E-03
22.220000	0.234643E-01
22.240000	0.385371E-01
22.260000	0.400205E-01
22.280000	0.353390E-01
22.300000	0.350099E-01
22.320000	0.317105E-01
22.340000	0.214833E-01
22.360000	-0.174379E-02
22.380000	-0.288989E-01
22.400000	-0.447096E-01
22.420000	-0.425621E-01
22.440000	-0.211285E-01
22.460000	-0.479486E-02
22.480000	-0.919578E-02
22.500000	-0.241833E-01
22.520000	-0.273214E-01
22.540000	-0.132695E-01
22.560000	-0.254484E-02
22.580000	0.145906E-02
22.600000	0.466533E-02
22.620000	0.801135E-02
22.640000	0.131740E-01
22.660000	0.149043E-01
22.680000	0.102821E-01
22.700000	-0.836939E-04
22.720000	-0.627465E-02
22.740000	-0.588966E-02
22.760000	-0.327291E-02
22.780000	-0.353663E-02
22.800000	-0.143292E-02
22.820000	0.597173E-02
22.840000	0.807442E-02
22.860000	0.536884E-02
22.880000	-0.751689E-03
22.900000	-0.796566E-02
22.920000	-0.869956E-02
22.940000	-0.426002E-02
22.960000	-0.170645E-02
22.980000	-0.197420E-02
23.000000	-0.289883E-02
23.020000	-0.607384E-03
23.040000	0.382096E-02
23.060000	0.747819E-02
23.080000	0.922089E-02
23.100000	0.661839E-02
23.120000	0.307239E-02
23.140000	0.158885E-02
23.160000	0.223302E-02
23.180000	0.569138E-02
23.200000	0.102830E-01
23.220000	0.163882E-01
23.240000	0.211818E-01
23.260000	0.231907E-01
23.280000	0.212564E-01
23.300000	0.132755E-01
23.320000	0.679906E-02
23.340000	0.508912E-02
23.360000	0.649324E-02
23.380000	0.726802E-02
23.400000	0.573047E-02
23.420000	0.109722E-02
23.440000	-0.606562E-02
23.460000	-0.145636E-01
23.480000	-0.196467E-01
23.500000	-0.185985E-01
23.520000	-0.148147E-01
23.540000	-0.104189E-01
23.560000	-0.629542E-02
23.580000	-0.392532E-02
23.600000	-0.347485E-02
23.620000	-0.360578E-02
23.640000	-0.276668E-02
23.660000	-0.163178E-02
23.680000	0.731201E-03
23.700000	0.358583E-02
23.720000	0.555408E-02
23.740000	0.722041E-02
23.760000	0.965583E-02
23.780000	0.155633E-01
23.800000	0.195644E-01
23.820000	0.177067E-01
23.840000	0.101257E-01
23.860000	0.508966E-02
23.880000	0.624296E-02
23.900000	0.925980E-02
23.920000	0.634024E-02
23.940000	-0.341433E-02
23.960000	-0.119735E-01
23.980000	-0.188649E-01
24.000000	-0.240305E-01
24.020000	-0.254149E-01
24.040000	-0.189239E-01
24.060000	-0.751962E-02
24.080000	-0.348887E-02
24.100000	-0.817097E-02
24.120000	-0.126103E-01
24.140000	-0.995450E-02
24.160000	0.232704E-02
24.180000	0.142240E-01
24.200000	0.207324E-01
24.220000	0.266083E-01
24.240000	0.326801E-01
24.260000	0.330481E-01
24.280000	0.197602E-01
24.300000	0.232818E-02
24.320000	-0.618909E-02
24.340000	-0.526319E-02
24.360000	0.206423E-02
24.380000	0.954261E-02
24.400000	0.119914E-01
24.420000	0.155050E-01
24.440000	0.195735E-01
24.460000	0.204393E-01
24.480000	0.165844E-01
24.500000	0.704720E-02
24.520000	-0.678525E-03
24.540000	-0.366635E-02
24.560000	-0.322289E-02
24.580000	-0.518765E-02
24.600000	-0.782255E-02
24.620000	-0.753311E-02
24.640000	-0.734159E-02
24.660000	-0.111597E-01
24.680000	-0.194127E-01
24.700000	-0.236215E-01
24.720000	-0.180535E-01
24.740000	-0.731521E-02
24.760000	-0.144330E-02
24.780000	-0.214631E-02
24.800000	-0.294010E-02
24.820000	-0.305354E-02
24.840000	-0.266515E-02
24.860000	-0.611705E-02
24.880000	-0.143354E-01
24.900000	-0.188328E-01
24.920000	-0.147388E-01
24.940000	-0.469402E-02
24.960000	0.315873E-02
24.980000	0.486905E-02
25.000000	-0.574823E-05
25.020000	-0.470409E-02
25.040000	-0.741445E-02
25.060000	-0.589793E-02
25.080000	0.523773E-03
25.100000	0.561335E-02
25.120000	0.573452E-02
25.140000	0.158086E-02
25.160000	-0.269643E-03
25.180000	0.285542E-02
25.200000	0.693214E-02
25.220000	0.611490E-02
25.240000	0.367178E-02
25.260000	0.164992E-02
25.280000	-0.105636E-02
25.300000	-0.573736E-02
25.320000	-0.720230E-02
25.340000	-0.302970E-02
25.360000	0.382448E-02
25.380000	0.986368E-02
25.400000	0.118790E-01
25.420000	0.891769E-02
25.440000	0.136742E-02
25.460000	-0.344312E-02
25.480000	-0.835057E-02
25.500000	-0.171208E-01
25.520000	-0.257614E-01
25.540000	-0.324518E-01
25.560000	-0.340208E-01
25.580000	-0.265699E-01
25.600000	-0.137508E-01
25.620000	-0.520140E-02
25.640000	0.351241E-03
25.660000	0.638226E-02
25.680000	0.106589E-01
25.700000	0.127843E-01
25.720000	0.118885E-01
25.740000	0.991458E-02
25.760000	0.843840E-02
25.780000	0.583613E-02
25.800000	0.119488E-02
25.820000	0.482669E-03
25.840000	0.258056E-02
25.860000	0.137364E-02
25.880000	-0.102871E-02
25.900000	-0.168993E-02
25.920000	0.121273E-02
25.940000	0.526492E-02
25.960000	0.760760E-02
25.980000	0.749717E-02
26.000000	0.603932E-02
26.020000	0.373589E-02
26.040000	0.141919E-02
26.060000	-0.847527E-03
26.080000	-0.153937E-02
26.100000	0.139268E-03
26.120000	0.211166E-02
26.140000	0.410547E-02
26.160000	0.495484E-02
26.180000	0.309611E-02
26.200000	-0.105865E-02
26.220000	-0.357836E-02
26.240000	-0.728126E-02
26.260000	-0.106761E-01
26.280000	-0.128990E-01
26.300000	-0.108196E-01
26.320000	-0.564133E-02
26.340000	-0.189315E-02
26.360000	0.824821E-03
26.380000	0.256359E-02
26.400000	0.270402E-02
26.420000	0.149192E-02
26.440000	0.551446E-02
26.460000	0.128969E-01
26.480000	0.200386E-01
26.500000	0.232288E-01
26.520000	0.201378E-01
26.540000	0.998234E-02
26.560000	-0.216623E-02
26.580000	-0.106846E-01
26.600000	-0.142723E-01
26.620000	-0.133047E-01
26.640000	-0.994727E-02
26.660000	-0.931322E-02
26.680000	-0.107732E-01
26.700000	-0.132410E-01
26.720000	-0.160791E-01
26.740000	-0.163936E-01
26.760000	-0.125344E-01
26.780000	-0.616384E-02
26.800000	0.516165E-04
26.820000	0.748291E-02
26.840000	0.170307E-01
26.860000	0.267090E-01
26.880000	0.300634E-01
26.900000	0.269142E-01
26.920000	0.153949E-01
26.940000	-0.749020E-04
26.960000	-0.122073E-01
26.980000	-0.167151E-01
27.000000	-0.126437E-01
27.020000	-0.383243E-02
27.040000	0.456270E-02
27.060000	0.917056E-02
27.080000	0.113355E-01
27.100000	0.121816E-01
27.120000	0.109316E-01
27.140000	0.926951E-02
27.160000	0.547152E-02
27.180000	-0.866270E-03
27.200000	-0.685931E-02
27.220000	-0.109868E-01
27.240000	-0.111454E-01
27.260000	-0.102096E-01
27.280000	-0.999599E-02
27.300000	-0.111247E-01
27.320000	-0.124798E-01
27.340000	-0.114278E-01
27.360000	-0.966171E-02
27.380000	-0.956439E-02
27.400000	-0.972514E-02
27.420000	-0.779999E-02
27.440000	-0.295154E-02
27.460000	0.403279E-02
27.480000	0.100563E-01
27.500000	0.105330E-01
27.520000	0.842604E-02
27.540000	0.463506E-02
27.560000	0.194364E-02
27.580000	0.214186E-02
27.600000	0.326420E-02
27.620000	0.366641E-02
27.640000	0.158593E-02
27.660000	-0.196846E-02
27.680000	-0.413566E-02
27.700000	-0.226060E-02
27.720000	0.456043E-02
27.740000	0.117843E-01
27.760000	0.152720E-01
27.780000	0.137259E-01
27.800000	0.912497E-02
27.820000	0.203315E-02
27.840000	-0.839407E-02
27.860000	-0.187489E-01
27.880000	-0.259815E-01
27.900000	-0.274032E-01
27.920000	-0.260749E-01
27.940000	-0.191122E-01
27.960000	-0.695669E-02
27.980000	0.279570E-02
28.000000	0.785608E-02
28.020000	0.108632E-01
28.040000	0.134929E-01
28.060000	0.142866E-01
28.080000	0.129556E-01
28.100000	0.102323E-01
28.120000	0.836378E-02
28.140000	0.855155E-02
28.160000	0.846901E-02
28.180000	0.887504E-02
28.200000	0.124461E-01
28.220000	0.153889E-01
28.240000	0.150289E-01
28.260000	0.144546E-01
28.280000	0.162539E-01
28.300000	0.179145E-01
28.320000	0.159357E-01
28.340000	0.105817E-01
28.360000	0.530827E-02
28.380000	0.202384E-02
28.400000	-0.162085E-04
28.420000	-0.296305E-02
28.440000	-0.691460E-02
28.460000	-0.917194E-02
28.480000	-0.981973E-02
28.500000	-0.793283E-02
28.520000	-0.365303E-02
28.540000	0.256987E-02
28.560000	0.758303E-02
28.580000	0.102471E-01
28.600000	0.128928E-01
28.620000	0.132344E-01
28.640000	0.118184E-01
28.660000	0.771985E-02
28.680000	0.418636E-02
28.700000	0.386484E-02
28.720000	0.217242E-02
28.740000	0.117155E-02
28.760000	0.178737E-02
28.780000	0.166776E-02
28.800000	-0.190971E-03
28.820000	-0.433043E-02
28.840000	-0.853824E-02
28.860000	-0.980541E-02
28.880000	-0.879697E-02
28.900000	-0.938688E-02
28.920000	-0.117353E-01
28.940000	-0.150384E-01
28.960000	-0.158538E-01
28.980000	-0.125535E-01
29.000000	-0.980909E-02
29.020000	-0.753288E-02
29.040000	-0.492621E-02
29.060000	-0.424327E-02
29.080000	-0.447121E-02
29.100000	-0.648008E-02
29.120000	-0.798202E-02
29.140000	-0.753068E-02
29.160000	-0.809936E-02
29.180000	-0.904442E-02
29.200000	-0.106851E-01
29.220000	-0.820814E-02
29.240000	-0.656655E-03
29.260000	0.560554E-02
29.280000	0.928610E-02
29.300000	0.101117E-01
29.320000	0.893699E-02
29.340000	0.689122E-02
29.360000	0.441194E-02
29.380000	0.395213E-04
29.400000	-0.260299E-02
29.420000	-0.230282E-02
29.440000	0.228950E-02
29.460000	0.970617E-02
29.480000	0.156959E-01
29.500000	0.196353E-01
29.520000	0.180862E-01
29.540000	0.151579E-01
29.560000	0.117003E-01
29.580000	0.100114E-01
29.600000	0.721364E-02
29.620000	0.233511E-02
29.640000	-0.283005E-02
29.660000	-0.874698E-02
29.680000	-0.132726E-01
29.700000	-0.153024E-01
29.720000	-0.136153E-01
29.740000	-0.122403E-01
29.760000	-0.100656E-01
29.780000	-0.103655E-01
29.800000	-0.127635E-01
29.820000	-0.128849E-01
29.840000	-0.114468E-01
29.860000	-0.836649E-02
29.880000	-0.695286E-02
29.900000	-0.688769E-02
29.920000	-0.701532E-02
29.940000	-0.567315E-02
29.960000	0.186589E-03
29.980000	0.504773E-02
30.000000	0.728234E-02
30.020000	0.791350E-02
30.040000	0.578351E-02
30.060000	0.135747E-02
30.080000	-0.338887E-02
30.100000	-0.568314E-02
30.120000	-0.347821E-02
30.140000	-0.509326E-03
30.160000	0.133754E-02
30.180000	0.239593E-02
30.200000	0.394900E-02
30.220000	0.448817E-02
30.240000	0.360952E-02
30.260000	0.244219E-02
30.280000	0.150129E-02
30.300000	0.162218E-02
30.320000	0.177671E-02
30.340000	0.372336E-02
30.360000	0.528342E-02
30.380000	0.707295E-02
30.400000	0.579940E-02
30.420000	0.221043E-02
30.440000	-0.745137E-03
30.460000	-0.796786E-03
30.480000	0.365688E-02
30.500000	0.833289E-02
30.520000	0.106731E-01
30.540000	0.101287E-01
30.560000	0.734741E-02
30.580000	0.448248E-02
30.600000	0.618943E-03
30.620000	-0.344045E-02
30.640000	-0.711023E-02
30.660000	-0.939386E-02
30.680000	-0.103913E-01
30.700000	-0.123710E-01
30.720000	-0.128921E-01
30.740000	-0.123219E-01
30.760000	-0.674547E-02
30.780000	-0.470986E-04
30.800000	0.527119E-02
30.820000	0.101978E-01
30.840000	0.125172E-01
30.860000	0.118093E-01
30.880000	0.956212E-02
30.900000	0.739656E-02
30.920000	0.533296E-02
30.940000	0.673225E-02
30.960000	0.109936E-01
30.980000	0.145022E-01
31.000000	0.136727E-01
31.020000	0.915900E-02
31.040000	0.251445E-02
31.060000	-0.393530E-02
31.080000	-0.853072E-02
31.100000	-0.112463E-01
31.120000	-0.130919E-01
31.140000	-0.115010E-01
31.160000	-0.896369E-02
31.180000	-0.627235E-02
31.200000	-0.838250E-03
31.220000	0.246810E-02
31.240000	0.631591E-03
31.260000	-0.390081E-02
31.280000	-0.789059E-02
31.300000	-0.121027E-01
31.320000	-0.133447E-01
31.340000	-0.114655E-01
31.360000	-0.785024E-02
31.380000	-0.648209E-02
31.400000	-0.571576E-02
31.420000	-0.425892E-02
31.440000	-0.205444E-02
31.460000	-0.318173E-03
31.480000	-0.102891E-02
31.500000	-0.747209E-03
31.520000	-0.188538E-02
31.540000	-0.402929E-02
31.560000	-0.633439E-02
31.580000	-0.512256E-02
31.600000	0.125657E-02
31.620000	0.906673E-02
31.640000	0.110363E-01
31.660000	0.594141E-02
31.680000	0.665909E-03
31.700000	-0.669358E-03
31.720000	0.159391E-02
31.740000	0.735473E-02
31.760000	0.143436E-01
31.780000	0.198616E-01
31.800000	0.231152E-01
31.820000	0.232730E-01
31.840000	0.142417E-01
31.860000	0.103031E-02
31.880000	-0.895888E-02
31.900000	-0.141969E-01
31.920000	-0.125041E-01
31.940000	-0.747290E-02
31.960000	-0.119933E-02
31.980000	0.348505E-02
32.000000	0.607636E-02
32.020000	0.654400E-02
32.040000	0.667604E-02
32.060000	0.647042E-02
32.080000	0.544980E-02
32.100000	0.534919E-02
32.120000	0.824530E-02
32.140000	0.121216E-01
32.160000	0.133122E-01
32.180000	0.111215E-01
32.200000	0.944282E-02
32.220000	0.952460E-02
32.240000	0.652494E-02
32.260000	0.283165E-02
32.280000	-0.126253E-03
32.300000	-0.201115E-02
32.320000	-0.358293E-02
32.340000	-0.574022E-02
32.360000	-0.632369E-02
32.380000	-0.462137E-02
32.400000	-0.198883E-02
32.420000	0.963967E-03
32.440000	0.844251E-04
32.460000	-0.364126E-02
32.480000	-0.985690E-02
32.500000	-0.152495E-01
32.520000	-0.189905E-01
32.540000	-0.210141E-01
32.560000	-0.201200E-01
32.580000	-0.163041E-01
32.600000	-0.110937E-01
32.620000	-0.563481E-02
32.640000	-0.141203E-02
32.660000	0.936862E-04
32.680000	0.129621E-02
32.700000	0.230779E-02
32.720000	0.281963E-02
32.740000	0.346567E-02
32.760000	0.485340E-02
32.780000	0.495546E-02
32.800000	0.631137E-02
32.820000	0.101573E-01
32.840000	0.130752E-01
32.860000	0.141141E-01
32.880000	0.141850E-01
32.900000	0.128682E-01
32.920000	0.124290E-01
32.940000	0.124533E-01
32.960000	0.106050E-01
32.980000	0.604909E-02
33.000000	0.632607E-03
33.020000	-0.376688E-02
33.040000	-0.660816E-02
33.060000	-0.728008E-02
33.080000	-0.692396E-02
33.100000	-0.706346E-02
33.120000	-0.607307E-02
33.140000	-0.912506E-03
33.160000	0.365273E-02
33.180000	0.745147E-02
33.200000	0.856918E-02
33.220000	0.822470E-02
33.240000	0.798253E-02
33.260000	0.884697E-02
33.280000	0.102093E-01
33.300000	0.982497E-02
33.320000	0.781473E-02
33.340000	0.461808E-02
33.360000	0.255764E-02
33.380000	0.135546E-02
33.400000	0.404375E-03
33.420000	0.499976E-03
33.440000	0.111515E-02
33.460000	0.118609E-02
33.480000	0.102258E-02
33.500000	-0.146373E-02
33.520000	-0.344010E-02
33.540000	-0.409074E-02
33.560000	-0.581887E-02
33.580000	-0.617453E-02
33.600000	-0.719231E-02
33.620000	-0.814043E-02
33.640000	-0.623300E-02
33.660000	-0.404298E-02
33.680000	-0.297513E-02
33.700000	-0.242991E-02
33.720000	-0.322581E-02
33.740000	-0.502819E-02
33.760000	-0.631716E-02
33.780000	-0.625999E-02
33.800000	-0.539988E-02
33.820000	-0.436410E-02
33.840000	-0.189979E-02
33.860000	0.615939E-03
33.880000	0.272640E-02
33.900000	0.427925E-02
33.920000	0.528262E-02
33.940000	0.493436E-02
33.960000	0.232624E-02
33.980000	-0.159624E-02
34.000000	-0.562873E-02
34.020000	-0.754264E-02
34.040000	-0.801823E-02
34.060000	-0.750008E-02
34.080000	-0.686903E-02
34.100000	-0.557861E-02
34.120000	-0.384198E-02
34.140000	-0.234766E-02
34.160000	-0.178941E-02
34.180000	-0.132658E-02
34.200000	-0.231424E-03
34.220000	0.455662E-03
34.240000	0.852995E-03
34.260000	0.573408E-03
34.280000	0.482803E-03
34.300000	0.154209E-03
34.320000	-0.108763E-02
34.340000	-0.160800E-02
34.360000	-0.134295E-02
34.380000	-0.799251E-03
34.400000	-0.600671E-03
34.420000	-0.120173E-02
34.440000	-0.183198E-02
34.460000	-0.260623E-02
34.480000	-0.322882E-02
34.500000	-0.395053E-02
34.520000	-0.320205E-02
34.540000	-0.267703E-02
34.560000	-0.275169E-02
34.580000	-0.365751E-02
34.600000	-0.497649E-02
34.620000	-0.531016E-02
34.640000	-0.572988E-02
34.660000	-0.558352E-02
34.680000	-0.518681E-02
34.700000	-0.497151E-02
34.720000	-0.426090E-02
34.740000	-0.360631E-02
34.760000	-0.333463E-02
34.780000	-0.302865E-02
34.800000	-0.227920E-02
34.820000	-0.118515E-02
34.840000	-0.307630E-03
34.860000	0.125399E-03
34.880000	0.568007E-04
34.900000	0.834521E-04
34.920000	0.584148E-04
34.940000	-0.181655E-03
34.960000	-0.883831E-03
34.980000	-0.139535E-02
35.000000	-0.144903E-02
35.020000	-0.117750E-02
35.040000	-0.647701E-03
35.060000	-0.511133E-03
35.080000	-0.532159E-03
35.100000	-0.358900E-03
35.120000	-0.370174E-03
35.140000	-0.460928E-03
35.160000	-0.327796E-03
35.180000	-0.415535E-03
35.200000	-0.424914E-03
35.220000	-0.236544E-03
35.240000	0.940549E-04
35.260000	0.339532E-03
35.280000	0.401508E-03
35.300000	0.471180E-03
35.320000	0.378895E-03
35.340000	0.255087E-03
35.360000	0.353048E-03
35.380000	0.524440E-03
35.400000	0.778571E-03
35.420000	0.939830E-03
35.440000	0.101518E-02
35.460000	0.110868E-02
35.480000	0.118401E-02
35.500000	0.128116E-02
35.520000	0.135617E-02
35.540000	0.146755E-02
35.560000	0.152704E-02
35.580000	0.155418E-02
35.600000	0.156615E-02
35.620000	0.157527E-02
35.640000	0.162615E-02
35.660000	0.169043E-02
35.680000	0.173590E-02
35.700000	0.172579E-02
35.720000	0.168961E-02
35.740000	0.164543E-02
35.760000	0.162209E-02
35.780000	0.159189E-02
35.800000	0.154811E-02
35.820000	0.151553E-02
35.840000	0.149108E-02
35.860000	0.148463E-02
35.880000	0.148776E-02
35.900000	0.149948E-02
35.920000	0.151041E-02
35.940000	0.151436E-02
35.960000	0.151737E-02
35.980000	0.151991E-02
36.000000	0.152017E-02
