0.000000	0.000000
0.020000	0.165581E-02
0.040000	0.545308E-02
0.060000	0.724172E-02
0.080000	0.341193E-02
0.100000	0.656528E-03
0.120000	0.264466E-02
0.140000	0.100915E-01
0.160000	0.996052E-02
0.180000	-0.312358E-02
0.200000	-0.652544E-02
0.220000	0.363525E-02
0.240000	0.848829E-02
0.260000	0.531388E-02
0.280000	-0.331865E-02
0.300000	-0.943125E-03
0.320000	0.496808E-02
0.340000	-0.327794E-02
0.360000	-0.199686E-02
0.380000	-0.764378E-02
0.400000	-0.376711E-02
0.420000	0.285762E-02
0.440000	0.387893E-02
0.460000	0.538906E-02
0.480000	-0.346897E-02
0.500000	0.134409E-01
0.520000	0.155627E-01
0.540000	-0.848985E-02
0.560000	-0.571001E-02
0.580000	0.336619E-02
0.600000	-0.379353E-02
0.620000	-0.271955E-02
0.640000	-0.130867E-02
0.660000	0.867225E-02
0.680000	0.712997E-02
0.700000	-0.363774E-03
0.720000	-0.511458E-02
0.740000	-0.185184E-01
0.760000	0.450811E-02
0.780000	0.147893E-01
0.800000	0.451598E-03
0.820000	0.178758E-02
0.840000	0.350871E-02
0.860000	0.647092E-02
0.880000	0.708947E-03
0.900000	-0.194332E-02
0.920000	-0.562965E-02
0.940000	-0.493033E-02
0.960000	-0.102358E-01
0.980000	-0.940453E-02
1.000000	-0.418580E-02
1.020000	0.150566E-01
1.040000	0.114478E-01
1.060000	-0.893616E-02
1.080000	-0.298208E-02
1.100000	-0.104981E-01
1.120000	-0.755429E-02
1.140000	0.109004E-01
1.160000	0.156405E-01
1.180000	-0.202812E-02
1.200000	-0.559022E-03
1.220000	0.115668E-01
1.240000	0.198038E-02
1.260000	0.834900E-02
1.280000	0.101612E-01
1.300000	0.396692E-02
1.320000	-0.110665E-01
1.340000	-0.949645E-02
1.360000	-0.266506E-01
1.380000	-0.189290E-01
1.400000	0.709134E-02
1.420000	0.105201E-02
1.440000	0.221856E-01
1.460000	-0.614008E-02
1.480000	-0.269966E-01
1.500000	0.154616E-01
1.520000	0.530073E-02
1.540000	-0.126817E-01
1.560000	-0.983225E-02
1.580000	-0.129582E-01
1.600000	0.129733E-01
1.620000	0.217539E-01
1.640000	0.207196E-01
1.660000	-0.221141E-01
1.680000	-0.294210E-01
1.700000	0.307160E-03
1.720000	-0.294288E-02
1.740000	0.960798E-02
1.760000	-0.395208E-02
1.780000	-0.462522E-03
1.800000	-0.919983E-02
1.820000	-0.445391E-02
1.840000	0.148073E-02
1.860000	-0.388855E-02
1.880000	0.236389E-01
1.900000	0.142714E-01
1.920000	0.120060E-01
1.940000	-0.208643E-01
1.960000	-0.535165E-01
1.980000	0.122916E-01
2.000000	0.554292E-01
2.020000	0.327525E-01
2.040000	0.686393E-02
2.060000	-0.834194E-02
2.080000	-0.338618E-01
2.100000	-0.450016E-01
2.120000	-0.952314E-02
2.140000	0.385281E-01
2.160000	0.113327E-01
2.180000	-0.412036E-01
2.200000	0.871912E-02
2.220000	0.303519E-01
2.240000	-0.758862E-02
2.260000	-0.216535E-01
2.280000	-0.214583E-01
2.300000	-0.257517E-01
2.320000	-0.209676E-02
2.340000	0.150296E-01
2.360000	0.877542E-02
2.380000	0.431968E-02
2.400000	-0.417992E-01
2.420000	-0.500119E-01
2.440000	-0.219039E-02
2.460000	0.362655E-01
2.480000	0.310524E-01
2.500000	-0.372119E-01
2.520000	-0.352099E-01
2.540000	0.668809E-02
2.560000	-0.439526E-02
2.580000	0.309057E-03
2.600000	-0.838112E-02
2.620000	0.228631E-01
2.640000	0.344342E-01
2.660000	0.206377E-01
2.680000	0.698609E-02
2.700000	-0.236899E-01
2.720000	0.164439E-01
2.740000	0.225201E-01
2.760000	0.192036E-01
2.780000	-0.212062E-01
2.800000	-0.590679E-01
2.820000	-0.155334E-02
2.840000	0.483371E-02
2.860000	-0.414843E-01
2.880000	-0.242008E-01
2.900000	0.298535E-02
2.920000	0.285065E-02
2.940000	0.724956E-02
2.960000	0.259735E-01
2.980000	-0.174858E-01
3.000000	-0.443692E-01
3.020000	0.249529E-02
3.040000	0.347708E-01
3.060000	0.190131E-01
3.080000	-0.301554E-01
3.100000	-0.462751E-01
3.120000	0.119807E-01
3.140000	0.491941E-01
3.160000	0.229151E-02
3.180000	0.362114E-02
3.200000	-0.227941E-01
3.220000	-0.519664E-01
3.240000	0.782854E-02
3.260000	0.973509E-02
3.280000	-0.624228E-02
3.300000	-0.869637E-02
3.320000	0.503073E-02
3.340000	0.454661E-01
3.360000	0.219648E-01
3.380000	0.199830E-01
3.400000	-0.403904E-01
3.420000	-0.280444E-01
3.440000	0.224892E-01
3.460000	-0.115778E-01
3.480000	-0.151095E-01
3.500000	-0.257812E-01
3.520000	-0.330837E-01
3.540000	-0.175606E-01
3.560000	0.428279E-01
3.580000	0.415736E-02
3.600000	-0.448073E-01
3.620000	-0.314659E-01
3.640000	-0.151704E-01
3.660000	0.113147E-01
3.680000	0.161290E-01
3.700000	0.190667E-01
3.720000	0.232072E-01
3.740000	0.126597E-01
3.760000	0.141292E-01
3.780000	-0.303202E-02
3.800000	-0.205027E-01
3.820000	-0.321732E-02
3.840000	0.172752E-01
3.860000	0.204741E-01
3.880000	0.387374E-02
3.900000	-0.157288E-01
3.920000	-0.561782E-02
3.940000	-0.849618E-02
3.960000	-0.403355E-02
3.980000	0.189503E-01
4.000000	0.284347E-01
4.020000	-0.132687E-02
4.040000	-0.430802E-02
4.060000	0.408975E-02
4.080000	0.153076E-01
4.100000	-0.124870E-01
4.120000	-0.198116E-01
4.140000	0.324994E-01
4.160000	0.398406E-01
4.180000	-0.126098E-01
4.200000	-0.475964E-01
4.220000	-0.240898E-01
4.240000	0.157469E-01
4.260000	0.152109E-01
4.280000	0.372522E-02
4.300000	0.236075E-03
4.320000	-0.343807E-01
4.340000	-0.305634E-02
4.360000	0.439597E-01
4.380000	0.366281E-01
4.400000	0.194496E-01
4.420000	0.366643E-01
4.440000	0.158237E-01
4.460000	-0.906584E-02
4.480000	-0.251696E-01
4.500000	-0.241572E-01
4.520000	0.109523E-01
4.540000	0.742065E-02
4.560000	0.365062E-01
4.580000	0.374780E-01
4.600000	-0.104884E-01
4.620000	-0.176636E-01
4.640000	-0.119147E-02
4.660000	0.174672E-01
4.680000	0.687096E-02
4.700000	-0.519299E-02
4.720000	-0.141969E-01
4.740000	-0.913769E-02
4.760000	-0.103803E-02
4.780000	-0.825605E-02
4.800000	0.181202E-01
4.820000	0.343932E-01
4.840000	0.401921E-01
4.860000	0.277375E-01
4.880000	0.198145E-01
4.900000	0.975511E-02
4.920000	-0.107433E-01
4.940000	-0.220615E-01
4.960000	0.800723E-02
4.980000	0.286220E-01
5.000000	0.407293E-01
5.020000	0.517436E-01
5.040000	0.371250E-01
5.060000	0.125444E-01
5.080000	-0.108971E-01
5.100000	-0.399916E-01
5.120000	-0.156537E-01
5.140000	0.330632E-01
5.160000	0.333539E-01
5.180000	0.332394E-02
5.200000	0.243112E-01
5.220000	0.363240E-01
5.240000	-0.159436E-01
5.260000	-0.324494E-01
5.280000	-0.860231E-02
5.300000	-0.154831E-01
5.320000	-0.256356E-01
5.340000	-0.128312E-01
5.360000	0.162033E-01
5.380000	0.332067E-01
5.400000	0.391628E-01
5.420000	0.318630E-01
5.440000	0.257847E-02
5.460000	-0.495865E-01
5.480000	-0.910056E-01
5.500000	-0.817078E-01
5.520000	-0.281292E-01
5.540000	0.452261E-01
5.560000	0.235839E-01
5.580000	0.822478E-02
5.600000	0.152549E-01
5.620000	0.264028E-01
5.640000	0.126440E-01
5.660000	-0.109824E+00
5.680000	-0.155635E+00
5.700000	-0.464817E-01
5.720000	0.485997E-01
5.740000	0.905425E-01
5.760000	0.879156E-01
5.780000	-0.809926E-01
5.800000	-0.247291E+00
5.820000	-0.283313E+00
5.840000	-0.202265E+00
5.860000	-0.151798E+00
5.880000	-0.139787E+00
5.900000	-0.722556E-01
5.920000	-0.219150E-01
5.940000	0.215273E-01
5.960000	0.172766E+00
5.980000	0.196588E+00
6.000000	0.887519E-01
6.020000	0.309372E-01
6.040000	-0.198989E-01
6.060000	0.450844E-01
6.080000	0.137469E+00
6.100000	0.246743E+00
6.120000	0.305546E+00
6.140000	0.197006E+00
6.160000	0.348553E-01
6.180000	-0.488972E-01
6.200000	-0.110161E+00
6.220000	-0.341944E+00
6.240000	-0.438439E+00
6.260000	-0.409687E+00
6.280000	-0.356956E+00
6.300000	-0.128534E+00
6.320000	-0.339209E-01
6.340000	-0.150417E-01
6.360000	0.639297E-01
6.380000	0.169492E+00
6.400000	0.288551E+00
6.420000	0.320567E+00
6.440000	0.317637E+00
6.460000	0.308979E+00
6.480000	0.193667E+00
6.500000	-0.364101E-01
6.520000	-0.253269E+00
6.540000	-0.404230E+00
6.560000	-0.367685E+00
6.580000	-0.609333E-01
6.600000	0.210463E+00
6.620000	0.203862E+00
6.640000	0.164662E+00
6.660000	0.456249E-01
6.680000	-0.799628E-01
6.700000	0.671986E-01
6.720000	0.130765E+00
6.740000	0.838867E-01
6.760000	0.945057E-01
6.780000	0.147779E+00
6.800000	0.117264E+00
6.820000	0.176931E+00
6.840000	0.197929E+00
6.860000	0.168625E+00
6.880000	0.881980E-01
6.900000	-0.882143E-01
6.920000	-0.256978E+00
6.940000	-0.374085E+00
6.960000	-0.274991E+00
6.980000	-0.772059E-01
7.000000	0.876463E-01
7.020000	0.414051E-01
7.040000	0.484371E-01
7.060000	0.110753E+00
7.080000	-0.104376E-01
7.100000	0.426955E-01
7.120000	0.874035E-01
7.140000	0.103296E-01
7.160000	-0.603791E-01
7.180000	0.124778E+00
7.200000	0.157002E+00
7.220000	0.214887E-02
7.240000	0.815025E-02
7.260000	-0.977362E-01
7.280000	-0.152215E+00
7.300000	-0.111495E+00
7.320000	-0.867813E-01
7.340000	0.331763E-01
7.360000	0.628773E-01
7.380000	0.442961E-01
7.400000	0.419764E-01
7.420000	-0.141904E-01
7.440000	0.464739E-01
7.460000	-0.896342E-02
7.480000	-0.497675E-01
7.500000	0.168175E-01
7.520000	0.142934E-01
7.540000	0.260215E-01
7.560000	0.376147E-01
7.580000	0.438232E-01
7.600000	0.248517E-01
7.620000	0.394758E-01
7.640000	0.142608E+00
7.660000	0.156178E+00
7.680000	0.698463E-01
7.700000	0.525581E-01
7.720000	-0.301362E-01
7.740000	-0.124175E+00
7.760000	-0.863802E-01
7.780000	0.540670E-01
7.800000	0.778746E-01
7.820000	0.271928E-01
7.840000	0.102946E+00
7.860000	0.723235E-01
7.880000	-0.426578E-01
7.900000	-0.242346E-02
7.920000	-0.229097E-01
7.940000	-0.137221E+00
7.960000	-0.122968E+00
7.980000	-0.260530E-01
8.000000	0.203317E-01
8.020000	0.530707E-01
8.040000	0.744957E-01
8.060000	-0.255001E-01
8.080000	-0.129595E+00
8.100000	-0.670445E-01
8.120000	-0.441590E-01
8.140000	-0.309992E-01
8.160000	0.932311E-02
8.180000	-0.328480E-01
8.200000	0.348185E-01
8.220000	0.103213E+00
8.240000	0.883992E-01
8.260000	-0.434658E-01
8.280000	-0.139114E+00
8.300000	-0.113777E+00
8.320000	-0.993848E-01
8.340000	-0.921498E-01
8.360000	-0.744033E-01
8.380000	0.327812E-01
8.400000	0.492978E-01
8.420000	-0.526038E-01
8.440000	-0.840600E-01
8.460000	0.609614E-01
8.480000	0.146047E+00
8.500000	-0.122047E-01
8.520000	-0.532878E-01
8.540000	0.140786E-02
8.560000	0.620406E-02
8.580000	0.202023E-01
8.600000	-0.504863E-01
8.620000	-0.794230E-01
8.640000	-0.251219E-01
8.660000	-0.519518E-01
8.680000	-0.129378E+00
8.700000	-0.136941E+00
8.720000	-0.101210E+00
8.740000	0.191570E+00
8.760000	0.270452E+00
8.780000	0.274652E-01
8.800000	-0.739445E-01
8.820000	-0.985576E-01
8.840000	-0.588496E-01
8.860000	0.764720E-01
8.880000	0.846117E-01
8.900000	0.759865E-01
8.920000	0.239946E+00
8.940000	0.240397E+00
8.960000	0.671775E-01
8.980000	-0.116673E+00
9.000000	-0.140041E+00
9.020000	-0.113873E-01
9.040000	0.187638E+00
9.060000	0.367602E-01
9.080000	-0.278822E+00
9.100000	-0.116444E+00
9.120000	-0.648093E-01
9.140000	-0.409868E-01
9.160000	-0.576065E-02
9.180000	0.158352E+00
9.200000	0.315178E+00
9.220000	0.274557E+00
9.240000	0.289620E+00
9.260000	0.203271E+00
9.280000	0.114608E+00
9.300000	0.568421E-02
9.320000	-0.241289E-01
9.340000	-0.202558E-01
9.360000	-0.566077E-01
9.380000	-0.120509E+00
9.400000	-0.265599E+00
9.420000	-0.311991E+00
9.440000	-0.256707E+00
9.460000	0.887192E-01
9.480000	0.219303E+00
9.500000	0.172954E+00
9.520000	0.327925E+00
9.540000	0.339070E+00
9.560000	0.770965E-01
9.580000	-0.234025E+00
9.600000	-0.239156E+00
9.620000	0.366611E-01
9.640000	-0.759812E-01
9.660000	-0.189889E+00
9.680000	0.142482E+00
9.700000	0.587868E-01
9.720000	0.128387E+00
9.740000	-0.471178E-02
9.760000	-0.289084E+00
9.780000	-0.135387E-01
9.800000	-0.212845E+00
9.820000	-0.266655E+00
9.840000	0.127264E+00
9.860000	0.213925E+00
9.880000	0.191586E+00
9.900000	0.122155E+00
9.920000	-0.213745E+00
9.940000	-0.348859E+00
9.960000	-0.132730E+00
9.980000	0.337126E-01
10.000000	0.304740E+00
10.020000	0.113069E+00
10.040000	-0.436332E+00
10.060000	-0.320239E+00
10.080000	-0.729777E-01
10.100000	-0.166385E+00
10.120000	-0.204340E+00
10.140000	-0.212570E-01
10.160000	-0.812862E-02
10.180000	0.426409E-01
10.200000	0.151373E+00
10.220000	0.145595E+00
10.240000	0.136257E+00
10.260000	0.268216E-01
10.280000	-0.220037E+00
10.300000	-0.212073E+00
10.320000	0.246347E+00
10.340000	0.114954E+00
10.360000	-0.203299E+00
10.380000	-0.714209E-01
10.400000	-0.139180E+00
10.420000	0.493064E-01
10.440000	-0.440692E-01
10.460000	-0.158665E+00
10.480000	0.104381E+00
10.500000	0.124727E+00
10.520000	-0.332713E-01
10.540000	-0.186307E+00
10.560000	-0.254606E+00
10.580000	-0.346882E+00
10.600000	-0.290807E+00
10.620000	-0.665236E-01
10.640000	0.770849E-01
10.660000	0.856908E-01
10.680000	-0.882874E-01
10.700000	-0.200127E+00
10.720000	-0.447191E-01
10.740000	-0.424964E-01
10.760000	-0.139698E+00
10.780000	0.739474E-01
10.800000	0.152304E+00
10.820000	0.117287E-01
10.840000	-0.141314E+00
10.860000	-0.167778E+00
10.880000	0.775028E-01
10.900000	0.308261E+00
10.920000	0.514562E+00
10.940000	0.485203E+00
10.960000	0.106273E+00
10.980000	-0.126836E+00
11.000000	-0.216810E+00
11.020000	-0.337650E+00
11.040000	-0.189228E+00
11.060000	0.260530E+00
11.080000	0.359494E+00
11.100000	0.275497E+00
11.120000	0.427631E+00
11.140000	0.289359E+00
11.160000	-0.156402E+00
11.180000	-0.278742E+00
11.200000	-0.309402E+00
11.220000	-0.292944E+00
11.240000	0.791342E-01
11.260000	0.169380E+00
11.280000	-0.318564E-01
11.300000	0.629189E-01
11.320000	-0.690179E-01
11.340000	-0.325494E+00
11.360000	-0.418021E+00
11.380000	-0.355183E+00
11.400000	-0.296426E+00
11.420000	-0.278615E+00
11.440000	0.821595E-01
11.460000	0.263034E+00
11.480000	0.114161E-01
11.500000	0.121669E+00
11.520000	0.281784E+00
11.540000	0.701176E-01
11.560000	-0.245573E-01
11.580000	0.179620E+00
11.600000	0.169835E+00
11.620000	0.200898E-01
11.640000	0.217448E+00
11.660000	0.225575E+00
11.680000	0.110925E+00
11.700000	0.151555E+00
11.720000	0.133491E+00
11.740000	0.178792E+00
11.760000	0.117233E+00
11.780000	0.841752E-01
11.800000	0.105258E+00
11.820000	0.906812E-01
11.840000	0.108575E+00
11.860000	0.102886E+00
11.880000	0.763688E-01
11.900000	0.783506E-01
11.920000	0.145480E+00
11.940000	0.835356E-01
11.960000	0.511376E-01
11.980000	-0.502077E-03
12.000000	-0.936833E-01
12.020000	-0.107735E+00
12.040000	-0.754558E-01
12.060000	-0.720170E-01
12.080000	-0.127341E+00
12.100000	-0.214498E+00
12.120000	-0.221097E+00
12.140000	-0.243026E+00
12.160000	-0.117371E+00
12.180000	0.178086E+00
12.200000	0.243765E+00
12.220000	0.223464E+00
12.240000	0.519573E-01
12.260000	-0.188791E+00
12.280000	-0.285715E+00
12.300000	-0.103896E+00
12.320000	0.888438E-01
12.340000	0.175234E+00
12.360000	0.171604E+00
12.380000	0.180181E+00
12.400000	0.155353E+00
12.420000	0.843665E-01
12.440000	0.651777E-01
12.460000	0.708281E-01
12.480000	0.166055E+00
12.500000	0.742231E-01
12.520000	-0.575159E-01
12.540000	-0.147777E+00
12.560000	-0.162295E+00
12.580000	-0.114765E-01
12.600000	0.279652E-01
12.620000	-0.745189E-01
12.640000	-0.997935E-01
12.660000	-0.778694E-01
12.680000	-0.405708E-01
12.700000	0.141322E+00
12.720000	0.111441E+00
12.740000	-0.160793E+00
12.760000	-0.232373E+00
12.780000	-0.206610E+00
12.800000	-0.270549E+00
12.820000	-0.240076E+00
12.840000	-0.758970E-01
12.860000	0.866675E-01
12.880000	0.122554E+00
12.900000	0.702506E-01
12.920000	0.162420E+00
12.940000	0.193723E+00
12.960000	0.155054E+00
12.980000	0.177197E+00
13.000000	0.181958E-01
13.020000	-0.108429E+00
13.040000	-0.313961E-01
13.060000	-0.128278E+00
13.080000	-0.165186E+00
13.100000	-0.343551E-01
13.120000	-0.594081E-01
13.140000	-0.105268E-01
13.160000	0.213282E-01
13.180000	-0.333683E-01
13.200000	-0.339135E-01
13.220000	-0.129014E+00
13.240000	-0.166988E+00
13.260000	-0.106265E+00
13.280000	-0.896812E-01
13.300000	0.487941E-01
13.320000	0.134639E+00
13.340000	0.863383E-01
13.360000	0.893967E-01
13.380000	-0.663266E-02
13.400000	-0.165029E+00
13.420000	-0.157181E+00
13.440000	-0.100344E+00
13.460000	-0.136344E+00
13.480000	0.521285E-01
13.500000	0.294507E+00
13.520000	0.285487E+00
13.540000	0.226935E+00
13.560000	0.364013E+00
13.580000	0.145499E+00
13.600000	-0.302956E+00
13.620000	-0.742982E-01
13.640000	0.490083E-01
13.660000	-0.535323E-01
13.680000	0.504772E-01
13.700000	-0.749726E-01
13.720000	-0.157449E+00
13.740000	0.671899E-02
13.760000	0.558533E-01
13.780000	0.100966E+00
13.800000	0.181302E+00
13.820000	-0.186567E-01
13.840000	-0.119734E+00
13.860000	-0.285623E-02
13.880000	0.122690E-01
13.900000	-0.409518E-01
13.920000	-0.817814E-01
13.940000	-0.135290E+00
13.960000	-0.597438E-01
13.980000	-0.299814E-01
14.000000	-0.523306E-01
14.020000	0.676921E-01
14.040000	0.101915E+00
14.060000	0.113260E+00
14.080000	0.121232E+00
14.100000	-0.435572E-03
14.120000	-0.367816E-01
14.140000	0.297067E-01
14.160000	0.201147E-01
14.180000	0.961020E-01
14.200000	0.231314E+00
14.220000	0.809262E-01
14.240000	-0.279053E-01
14.260000	-0.271351E-01
14.280000	-0.919180E-01
14.300000	-0.100307E+00
14.320000	-0.379561E-01
14.340000	0.218945E-01
14.360000	0.336955E-01
14.380000	0.289737E-01
14.400000	0.285101E-01
14.420000	0.226060E-01
14.440000	0.815609E-01
14.460000	0.107718E+00
14.480000	0.796089E-01
14.500000	0.805803E-01
14.520000	0.346470E-01
14.540000	-0.114504E-01
14.560000	-0.313409E-01
14.580000	-0.619992E-01
14.600000	-0.910874E-01
14.620000	-0.712889E-01
14.640000	0.427168E-02
14.660000	0.462022E-01
14.680000	0.217771E-01
14.700000	-0.776263E-01
14.720000	-0.183084E+00
14.740000	-0.256621E+00
14.760000	-0.272258E+00
14.780000	-0.180849E+00
14.800000	0.823835E-02
14.820000	0.241790E+00
14.840000	0.277045E+00
14.860000	0.203644E+00
14.880000	0.262071E+00
14.900000	0.201617E+00
14.920000	-0.619748E-01
14.940000	-0.114996E+00
14.960000	-0.250618E-01
14.980000	-0.908112E-01
15.000000	-0.590147E-01
15.020000	0.260090E-01
15.040000	0.339043E-01
15.060000	0.634254E-02
15.080000	-0.519070E-01
15.100000	-0.195522E-01
15.120000	0.540426E-01
15.140000	0.101772E+00
15.160000	0.254517E-01
15.180000	-0.182988E+00
15.200000	-0.441188E-02
15.220000	0.752136E-01
15.240000	-0.206951E+00
15.260000	-0.924362E-01
15.280000	0.282732E-01
15.300000	-0.948763E-01
15.320000	-0.952150E-01
15.340000	-0.129992E-01
15.360000	-0.129348E+00
15.380000	-0.168536E+00
15.400000	-0.144124E+00
15.420000	-0.139051E+00
15.440000	0.818811E-01
15.460000	0.132442E+00
15.480000	0.215465E-01
15.500000	-0.429006E-01
15.520000	-0.443852E-01
15.540000	0.109051E-01
15.560000	0.772167E-01
15.580000	0.113173E+00
15.600000	0.698294E-01
15.620000	-0.221600E-01
15.640000	-0.778661E-01
15.660000	-0.337681E-01
15.680000	0.662252E-01
15.700000	0.730646E-01
15.720000	0.587922E-01
15.740000	-0.993152E-02
15.760000	-0.615388E-01
15.780000	-0.156011E-01
15.800000	-0.277969E-01
15.820000	-0.640401E-01
15.840000	-0.726139E-01
15.860000	-0.334555E-01
15.880000	-0.405787E-02
15.900000	-0.336884E-01
15.920000	-0.419405E-01
15.940000	0.252171E-02
15.960000	0.221293E-01
15.980000	0.869779E-02
16.000000	0.949060E-02
16.020000	0.963362E-02
16.040000	0.338323E-01
16.060000	0.353857E-01
16.080000	0.330676E-02
16.100000	-0.418734E-02
16.120000	-0.846779E-02
16.140000	-0.232974E-01
16.160000	-0.924931E-02
16.180000	-0.116049E-01
16.200000	-0.320632E-01
16.220000	0.886572E-03
16.240000	-0.741931E-02
16.260000	-0.499601E-01
16.280000	-0.303051E-01
16.300000	-0.175004E-01
16.320000	-0.273500E-01
16.340000	-0.399929E-02
16.360000	0.777313E-02
16.380000	0.192184E-02
16.400000	0.436970E-02
16.420000	-0.195333E-01
16.440000	-0.492728E-01
16.460000	-0.407349E-01
16.480000	-0.209946E-01
16.500000	-0.251705E-01
16.520000	0.152947E-01
16.540000	0.287182E-01
16.560000	0.321764E-01
16.580000	0.509007E-01
16.600000	0.112701E-01
16.620000	0.317765E-01
16.640000	0.460306E-01
16.660000	0.150613E-01
16.680000	-0.169467E-01
16.700000	-0.224371E-01
16.720000	0.352504E-01
16.740000	0.926911E-01
16.760000	0.101454E+00
16.780000	0.936630E-01
16.800000	0.754438E-01
16.820000	-0.133834E-01
16.840000	-0.605454E-01
16.860000	-0.568773E-01
16.880000	-0.388372E-01
16.900000	-0.234943E-01
16.920000	-0.542851E-01
16.940000	-0.531127E-01
16.960000	-0.578449E-01
16.980000	-0.623030E-01
17.000000	-0.297877E-01
17.020000	0.115371E-01
17.040000	0.221344E-01
17.060000	0.338918E-01
17.080000	0.220065E-01
17.100000	0.743779E-02
17.120000	-0.384398E-02
17.140000	-0.204491E-01
17.160000	0.149011E-01
17.180000	0.150550E-01
17.200000	-0.132518E-01
17.220000	-0.107514E-01
17.240000	-0.286326E-01
17.260000	-0.174629E-01
17.280000	-0.386740E-04
17.300000	0.237825E-02
17.320000	0.366394E-01
17.340000	0.343102E-01
17.360000	0.274020E-02
17.380000	0.297772E-01
17.400000	0.386782E-01
17.420000	0.226967E-01
17.440000	0.588060E-01
17.460000	0.708636E-01
17.480000	0.271096E-01
17.500000	-0.240559E-01
17.520000	-0.438315E-01
17.540000	-0.235485E-01
17.560000	-0.159264E-01
17.580000	-0.283364E-01
17.600000	-0.150864E-01
17.620000	0.247612E-01
17.640000	0.495206E-01
17.660000	0.156067E-01
17.680000	-0.386087E-01
17.700000	-0.487012E-01
17.720000	-0.185349E-01
17.740000	0.837754E-02
17.760000	-0.259607E-02
17.780000	-0.363366E-01
17.800000	-0.348950E-01
17.820000	-0.755069E-02
17.840000	0.145347E-01
17.860000	-0.116120E-01
17.880000	-0.304029E-01
17.900000	-0.315734E-02
17.920000	0.283020E-02
17.940000	-0.991392E-02
17.960000	-0.587815E-02
17.980000	0.142943E-01
18.000000	0.125763E-01
18.020000	0.366717E-02
18.040000	0.370724E-01
18.060000	0.648580E-01
18.080000	0.701990E-01
18.100000	0.620933E-01
18.120000	0.649804E-01
18.140000	0.420824E-01
18.160000	0.100353E-01
18.180000	0.243646E-01
18.200000	0.445262E-01
18.220000	0.464569E-01
18.240000	0.135997E-01
18.260000	-0.463555E-02
18.280000	0.143125E-01
18.300000	0.346209E-01
18.320000	0.411731E-01
18.340000	0.223830E-01
18.360000	0.111728E-01
18.380000	0.301256E-01
18.400000	0.137981E-01
18.420000	-0.531869E-02
18.440000	0.157695E-01
18.460000	0.326968E-01
18.480000	0.158548E-01
18.500000	-0.280809E-01
18.520000	-0.424259E-01
18.540000	-0.443064E-01
18.560000	-0.605742E-01
18.580000	-0.556986E-01
18.600000	-0.385936E-01
18.620000	-0.161071E-01
18.640000	0.259757E-01
18.660000	0.368066E-01
18.680000	0.367717E-01
18.700000	0.250241E-01
18.720000	0.961034E-02
18.740000	-0.853820E-02
18.760000	-0.255683E-01
18.780000	-0.507455E-01
18.800000	-0.609004E-01
18.820000	-0.403996E-01
18.840000	-0.510267E-01
18.860000	-0.265708E-01
18.880000	-0.145437E-01
18.900000	-0.425237E-01
18.920000	-0.663423E-01
18.940000	-0.624029E-01
18.960000	-0.159179E-01
18.980000	0.339588E-01
19.000000	0.274418E-01
19.020000	-0.105723E-01
19.040000	-0.574147E-02
19.060000	-0.142480E-01
19.080000	0.199100E-02
19.100000	0.272777E-01
19.120000	0.143575E-01
19.140000	0.103653E-01
19.160000	-0.114739E-01
19.180000	-0.376546E-01
19.200000	-0.354519E-01
19.220000	-0.250488E-01
19.240000	0.202397E-02
19.260000	0.150578E-01
19.280000	0.163330E-01
19.300000	0.402527E-01
19.320000	0.671650E-01
19.340000	0.604803E-01
19.360000	0.356630E-01
19.380000	0.143221E-01
19.400000	-0.136455E-01
19.420000	-0.221235E-01
19.440000	-0.160677E-01
19.460000	-0.184563E-01
19.480000	-0.274305E-02
19.500000	-0.106477E-01
19.520000	-0.862817E-02
19.540000	0.925123E-02
19.560000	0.130246E-01
19.580000	0.141947E-01
19.600000	-0.130831E-01
19.620000	0.111912E-01
19.640000	0.613531E-01
19.660000	0.262094E-01
19.680000	-0.415065E-01
19.700000	-0.308382E-01
19.720000	0.317941E-01
19.740000	0.396380E-01
19.760000	0.451589E-02
19.780000	-0.183921E-01
19.800000	-0.175018E-01
19.820000	-0.148337E-01
19.840000	0.352115E-01
19.860000	0.431528E-01
19.880000	0.116489E-01
19.900000	0.321843E-01
19.920000	0.116678E-01
19.940000	-0.890099E-02
19.960000	0.635409E-02
19.980000	-0.816214E-02
20.000000	-0.166670E-01
20.020000	0.664370E-02
20.040000	0.239659E-01
20.060000	0.440873E-01
20.080000	0.319850E-01
20.100000	-0.145351E-01
20.120000	-0.346013E-01
20.140000	-0.573570E-01
20.160000	-0.593461E-01
20.180000	-0.209476E-01
20.200000	0.138061E-01
20.220000	0.785879E-02
20.240000	-0.455670E-01
20.260000	-0.702368E-01
20.280000	-0.540056E-01
20.300000	-0.596732E-01
20.320000	-0.358536E-01
20.340000	0.618554E-02
20.360000	-0.835908E-02
20.380000	-0.248855E-01
20.400000	-0.163341E-02
20.420000	-0.931102E-02
20.440000	-0.403553E-01
20.460000	-0.107816E-01
20.480000	0.428894E-02
20.500000	-0.294325E-01
20.520000	-0.403948E-01
20.540000	-0.211609E-01
20.560000	-0.579807E-03
20.580000	-0.141443E-01
20.600000	-0.335094E-01
20.620000	0.284562E-02
20.640000	0.136098E-01
20.660000	-0.373039E-02
20.680000	0.103106E-01
20.700000	0.274437E-02
20.720000	0.326051E-02
20.740000	0.195889E-01
20.760000	0.386992E-01
20.780000	0.247384E-01
20.800000	0.303142E-02
20.820000	0.421485E-01
20.840000	0.635490E-01
20.860000	0.518158E-01
20.880000	0.214634E-01
20.900000	0.212206E-01
20.920000	0.305786E-01
20.940000	0.127909E-02
20.960000	0.436137E-02
20.980000	0.405915E-01
21.000000	0.295940E-01
21.020000	0.319869E-02
21.040000	0.908758E-02
21.060000	0.487388E-02
21.080000	-0.541742E-02
21.100000	-0.952928E-02
21.120000	-0.537920E-02
21.140000	0.264626E-01
21.160000	0.597882E-01
21.180000	0.520680E-01
21.200000	0.159828E-01
21.220000	0.577053E-02
21.240000	0.289263E-01
21.260000	0.195758E-01
21.280000	-0.189347E-01
21.300000	-0.147663E-01
21.320000	0.203383E-01
21.340000	0.174063E-01
21.360000	-0.207859E-01
21.380000	-0.214362E-01
21.400000	0.392613E-03
21.420000	-0.998921E-02
21.440000	0.383673E-02
21.460000	0.267937E-01
21.480000	0.123125E-01
21.500000	0.232556E-02
21.520000	0.157145E-01
21.540000	0.103999E-01
21.560000	-0.238291E-02
21.580000	0.178159E-01
21.600000	0.133663E-01
21.620000	-0.233080E-01
21.640000	-0.299071E-01
21.660000	-0.121078E-01
21.680000	-0.380978E-02
21.700000	-0.100658E-01
21.720000	-0.282858E-01
21.740000	-0.359070E-01
21.760000	-0.740098E-02
21.780000	0.461524E-01
21.800000	0.558912E-01
21.820000	0.301498E-03
21.840000	-0.185472E-01
21.860000	-0.180697E-01
21.880000	0.147106E-02
21.900000	0.601789E-01
21.920000	0.463135E-01
21.940000	0.113745E-01
21.960000	-0.142837E-01
21.980000	-0.355563E-01
22.000000	-0.426276E-01
22.020000	-0.561936E-01
22.040000	-0.174986E-02
22.060000	0.475248E-01
22.080000	0.289729E-01
22.100000	-0.685069E-02
22.120000	-0.516335E-01
22.140000	-0.362520E-01
22.160000	-0.360925E-01
22.180000	-0.495098E-01
22.200000	-0.146864E-01
22.220000	-0.135906E-01
22.240000	-0.143325E-01
22.260000	-0.117847E-01
22.280000	0.748792E-03
22.300000	-0.711100E-02
22.320000	-0.148840E-01
22.340000	0.109931E-01
22.360000	-0.738721E-02
22.380000	-0.139928E-01
22.400000	0.434590E-02
22.420000	0.296290E-02
22.440000	-0.506494E-02
22.460000	-0.137040E-01
22.480000	-0.790440E-02
22.500000	0.211946E-02
22.520000	-0.169398E-01
22.540000	-0.188050E-01
22.560000	0.304419E-01
22.580000	0.496543E-01
22.600000	0.144401E-01
22.620000	-0.359974E-01
22.640000	-0.377367E-01
22.660000	0.849377E-02
22.680000	0.208070E-01
22.700000	0.319848E-01
22.720000	0.262511E-01
22.740000	-0.680071E-02
22.760000	-0.151873E-01
22.780000	-0.197004E-01
22.800000	-0.143052E-01
22.820000	-0.238117E-02
22.840000	0.198077E-01
22.860000	0.388065E-01
22.880000	0.244652E-01
22.900000	0.114225E-01
22.920000	-0.624347E-02
22.940000	-0.138031E-01
22.960000	-0.621716E-02
22.980000	-0.104242E-01
23.000000	-0.120653E-01
23.020000	-0.408074E-02
23.040000	0.364290E-01
23.060000	0.597091E-01
23.080000	0.337987E-01
23.100000	-0.953882E-02
23.120000	-0.328593E-01
23.140000	-0.189148E-01
23.160000	-0.376036E-02
23.180000	0.113208E-01
23.200000	0.113568E-01
23.220000	-0.136788E-01
23.240000	-0.126879E-01
23.260000	-0.292884E-02
23.280000	0.290165E-02
23.300000	-0.125186E-02
23.320000	-0.244502E-01
23.340000	-0.694410E-02
23.360000	0.195252E-01
23.380000	0.317822E-01
23.400000	0.193058E-01
23.420000	-0.325184E-02
23.440000	-0.224336E-01
23.460000	-0.188915E-01
23.480000	0.246205E-02
23.500000	-0.907724E-02
23.520000	-0.659377E-02
23.540000	0.248585E-01
23.560000	0.216951E-01
23.580000	-0.436726E-02
23.600000	-0.493858E-02
23.620000	-0.153096E-01
23.640000	-0.171294E-01
23.660000	0.169270E-01
23.680000	0.483286E-01
23.700000	0.334060E-01
23.720000	-0.158412E-01
23.740000	-0.726109E-01
23.760000	-0.880577E-01
23.780000	-0.336576E-01
23.800000	0.344811E-02
23.820000	-0.763624E-02
23.840000	0.136715E-02
23.860000	0.335023E-01
23.880000	0.240092E-01
23.900000	-0.107123E-01
23.920000	-0.111682E-01
23.940000	-0.166866E-01
23.960000	-0.373374E-01
23.980000	-0.687600E-01
24.000000	-0.780436E-01
24.020000	-0.360293E-01
24.040000	0.143346E-01
24.060000	0.487671E-01
24.080000	0.415283E-01
24.100000	-0.464201E-02
24.120000	-0.161820E-01
24.140000	0.253621E-01
24.160000	0.326082E-01
24.180000	-0.155535E-01
24.200000	-0.198891E-01
24.220000	0.269786E-01
24.240000	0.255334E-01
24.260000	-0.836160E-02
24.280000	-0.169911E-01
24.300000	-0.804857E-02
24.320000	0.531285E-02
24.340000	0.171783E-01
24.360000	0.311918E-01
24.380000	0.234220E-01
24.400000	0.180346E-02
24.420000	-0.923695E-02
24.440000	-0.391890E-01
24.460000	-0.507095E-01
24.480000	-0.186214E-01
24.500000	0.208940E-01
24.520000	0.454551E-01
24.540000	0.287524E-01
24.560000	-0.173049E-01
24.580000	0.572410E-03
24.600000	0.433876E-01
24.620000	0.277385E-01
24.640000	0.327470E-01
24.660000	0.422444E-01
24.680000	0.158628E-01
24.700000	0.807747E-02
24.720000	0.137522E-01
24.740000	0.283983E-01
24.760000	0.187707E-01
24.780000	-0.213515E-01
24.800000	-0.881571E-02
24.820000	0.128495E-01
24.840000	-0.209204E-01
24.860000	-0.116126E-01
24.880000	0.340170E-01
24.900000	0.297146E-01
24.920000	0.186003E-01
24.940000	0.489064E-01
24.960000	0.315227E-01
24.980000	-0.537103E-01
25.000000	-0.555177E-01
25.020000	0.852942E-02
25.040000	0.463713E-01
25.060000	0.243950E-01
25.080000	-0.204530E-01
25.100000	0.117432E-01
25.120000	-0.115874E-01
25.140000	-0.812643E-01
25.160000	-0.666696E-01
25.180000	-0.278904E-01
25.200000	-0.119603E-01
25.220000	-0.167480E-01
25.240000	-0.381414E-01
25.260000	-0.234641E-01
25.280000	0.235886E-01
25.300000	0.227979E-01
25.320000	0.276109E-01
25.340000	0.200816E-01
25.360000	-0.227074E-01
25.380000	-0.116349E-01
25.400000	-0.722159E-02
25.420000	-0.373190E-01
25.440000	-0.612470E-01
25.460000	-0.505574E-01
25.480000	0.692474E-02
25.500000	0.405620E-01
25.520000	0.314151E-01
25.540000	0.351143E-01
25.560000	0.262742E-01
25.580000	0.152146E-01
25.600000	0.237148E-01
25.620000	-0.127727E-01
25.640000	-0.153961E-01
25.660000	0.416523E-01
25.680000	0.273449E-01
25.700000	-0.171539E-01
25.720000	0.146461E-01
25.740000	-0.987792E-02
25.760000	-0.611630E-01
25.780000	-0.563353E-01
25.800000	-0.175844E-03
25.820000	0.641972E-01
25.840000	-0.100757E-01
25.860000	-0.706336E-01
25.880000	-0.497816E-01
25.900000	0.209775E-01
25.920000	0.843603E-01
25.940000	0.600245E-01
25.960000	0.793973E-02
25.980000	0.114905E-01
26.000000	0.172670E-01
26.020000	-0.164231E-01
26.040000	-0.162552E-01
26.060000	-0.646036E-02
26.080000	-0.251329E-01
26.100000	-0.305921E-01
26.120000	0.428484E-02
26.140000	-0.911444E-02
26.160000	-0.390067E-01
26.180000	-0.610499E-03
26.200000	0.534088E-01
26.220000	0.706149E-01
26.240000	-0.101074E-01
26.260000	-0.609564E-01
26.280000	-0.152225E-01
26.300000	0.345553E-01
26.320000	0.512741E-01
26.340000	-0.127621E-02
26.360000	-0.434784E-01
26.380000	-0.289055E-01
26.400000	-0.156142E-01
26.420000	0.213990E-01
26.440000	0.453892E-01
26.460000	0.677536E-01
26.480000	0.597762E-01
26.500000	-0.163983E-01
26.520000	-0.318700E-01
26.540000	0.101213E-01
26.560000	0.235048E-02
26.580000	-0.920967E-02
26.600000	0.271005E-01
26.620000	0.455418E-01
26.640000	0.789911E-02
26.660000	-0.257847E-01
26.680000	-0.383910E-01
26.700000	-0.357808E-01
26.720000	-0.471561E-02
26.740000	-0.610466E-02
26.760000	-0.431225E-01
26.780000	-0.350492E-01
26.800000	-0.105649E-01
26.820000	-0.685032E-02
26.840000	0.240589E-01
26.860000	0.170902E-01
26.880000	-0.319529E-01
26.900000	-0.110691E-01
26.920000	0.353913E-01
26.940000	0.120826E-01
26.960000	0.230960E-02
26.980000	0.433589E-01
27.000000	0.484571E-01
27.020000	-0.475488E-02
27.040000	-0.242578E-01
27.060000	0.170692E-01
27.080000	0.281949E-01
27.100000	-0.169951E-01
27.120000	-0.665692E-01
27.140000	-0.360299E-01
27.160000	0.175156E-01
27.180000	0.294554E-02
27.200000	0.909714E-02
27.220000	0.247843E-01
27.240000	0.327769E-01
27.260000	0.229982E-01
27.280000	-0.253083E-01
27.300000	-0.209170E-01
27.320000	0.263550E-01
27.340000	0.574521E-02
27.360000	-0.693893E-01
27.380000	-0.720621E-01
27.400000	-0.774728E-02
27.420000	0.235190E-03
27.440000	-0.109809E-01
27.460000	-0.760359E-02
27.480000	-0.808869E-03
27.500000	0.457893E-01
27.520000	0.588137E-01
27.540000	0.174479E-01
27.560000	-0.342667E-01
27.580000	-0.229100E-01
27.600000	0.138760E-01
27.620000	0.731904E-02
27.640000	0.820692E-02
27.660000	0.179401E-01
27.680000	0.100154E-02
27.700000	-0.182989E-01
27.720000	-0.129411E-01
27.740000	-0.225051E-01
27.760000	0.619014E-02
27.780000	0.593951E-01
27.800000	0.867016E-01
27.820000	0.350826E-01
27.840000	-0.257174E-01
27.860000	-0.412245E-01
27.880000	-0.163374E-01
27.900000	0.754563E-02
27.920000	-0.223808E-01
27.940000	-0.253758E-01
27.960000	-0.410152E-01
27.980000	-0.593434E-01
28.000000	0.442387E-02
28.020000	0.413336E-01
28.040000	0.955451E-02
28.060000	0.487509E-02
28.080000	0.194221E-02
28.100000	-0.586821E-01
28.120000	-0.681461E-01
28.140000	-0.293144E-01
28.160000	-0.128447E-01
28.180000	0.120682E-01
28.200000	0.151633E-01
28.220000	-0.115468E-01
28.240000	-0.396964E-01
28.260000	-0.248910E-01
28.280000	0.493634E-01
28.300000	0.768391E-01
28.320000	0.449951E-01
28.340000	0.293768E-01
28.360000	0.117912E-01
28.380000	-0.282768E-01
28.400000	-0.122758E-01
28.420000	0.396517E-01
28.440000	0.136227E-01
28.460000	-0.136153E-01
28.480000	0.138907E-02
28.500000	0.137778E-01
28.520000	0.486651E-01
28.540000	0.282329E-01
28.560000	-0.479745E-02
28.580000	0.162817E-01
28.600000	0.348315E-01
28.620000	0.285705E-01
28.640000	0.528679E-02
28.660000	-0.155037E-01
28.680000	0.203902E-01
28.700000	0.179978E-01
28.720000	-0.210741E-01
28.740000	-0.559012E-01
28.760000	-0.393754E-01
28.780000	0.143171E-01
28.800000	0.275027E-01
28.820000	0.159544E-01
28.840000	-0.496752E-01
28.860000	-0.621103E-01
28.880000	-0.532049E-01
28.900000	-0.650867E-01
28.920000	-0.585781E-01
28.940000	-0.472461E-01
28.960000	-0.444847E-01
28.980000	-0.760501E-01
29.000000	-0.517261E-01
29.020000	-0.213371E-03
29.040000	0.938674E-02
29.060000	-0.484005E-02
29.080000	-0.253769E-01
29.100000	-0.130191E-01
29.120000	-0.502147E-02
29.140000	-0.112885E-01
29.160000	-0.649406E-02
29.180000	-0.184629E-02
29.200000	-0.343682E-02
29.220000	-0.202967E-01
29.240000	-0.183250E-01
29.260000	-0.746157E-02
29.280000	0.671835E-02
29.300000	0.306667E-01
29.320000	0.531702E-01
29.340000	0.482374E-01
29.360000	0.504220E-02
29.380000	-0.424084E-01
29.400000	-0.566583E-01
29.420000	-0.507762E-01
29.440000	-0.241805E-01
29.460000	0.403814E-01
29.480000	0.788212E-01
29.500000	0.460464E-01
29.520000	0.209718E-01
29.540000	0.556768E-01
29.560000	0.397076E-01
29.580000	-0.585010E-02
29.600000	-0.264617E-01
29.620000	-0.231661E-01
29.640000	0.208729E-01
29.660000	0.391205E-01
29.680000	0.387849E-01
29.700000	0.675950E-01
29.720000	0.561477E-01
29.740000	-0.181505E-01
29.760000	-0.344826E-01
29.780000	0.282371E-01
29.800000	0.458620E-01
29.820000	0.211335E-01
29.840000	0.100369E-01
29.860000	-0.135801E-01
29.880000	-0.623697E-01
29.900000	-0.374431E-01
29.920000	0.227300E-01
29.940000	0.797761E-02
29.960000	-0.511745E-01
29.980000	-0.426494E-01
30.000000	0.349542E-01
30.020000	0.226743E-01
30.040000	-0.223940E-01
30.060000	-0.227634E-01
30.080000	-0.147908E-01
30.100000	0.271660E-02
30.120000	-0.161821E-01
30.140000	-0.388076E-01
30.160000	-0.197176E-01
30.180000	0.186177E-01
30.200000	0.301984E-01
30.220000	0.138995E-01
30.240000	-0.178170E-01
30.260000	-0.106931E-01
30.280000	0.259016E-01
30.300000	0.633430E-01
30.320000	0.415128E-01
30.340000	-0.713751E-01
30.360000	-0.977786E-01
30.380000	-0.314847E-01
30.400000	-0.137502E-01
30.420000	0.262842E-02
30.440000	0.600572E-01
30.460000	0.506539E-01
30.480000	-0.225844E-01
30.500000	-0.489361E-01
30.520000	-0.375978E-01
30.540000	-0.320654E-01
30.560000	0.189801E-01
30.580000	0.659231E-01
30.600000	0.810030E-01
30.620000	0.584096E-01
30.640000	-0.131482E-01
30.660000	-0.210944E-01
30.680000	0.104371E-01
30.700000	-0.173622E-01
30.720000	-0.129474E-01
30.740000	0.389456E-01
30.760000	0.317179E-01
30.780000	-0.733748E-02
30.800000	-0.141416E-01
30.820000	0.498179E-02
30.840000	-0.914623E-02
30.860000	-0.404103E-01
30.880000	-0.283768E-01
30.900000	-0.262955E-01
30.920000	-0.538214E-01
30.940000	-0.383859E-01
30.960000	-0.627759E-02
30.980000	0.250316E-02
31.000000	0.135564E-01
31.020000	-0.646115E-03
31.040000	-0.238131E-01
31.060000	-0.292138E-01
31.080000	-0.128484E-01
31.100000	0.117829E-01
31.120000	0.303464E-01
31.140000	0.347981E-01
31.160000	0.378617E-01
31.180000	0.670636E-01
31.200000	0.802335E-01
31.220000	0.757744E-01
31.240000	0.843231E-01
31.260000	0.811199E-01
31.280000	0.726116E-01
31.300000	0.756638E-01
31.320000	0.696204E-01
31.340000	0.634997E-01
31.360000	0.729977E-01
31.380000	0.546729E-01
31.400000	-0.498051E-02
31.420000	-0.116613E-01
31.440000	0.351235E-01
31.460000	0.531572E-01
31.480000	0.642455E-01
31.500000	0.623516E-01
31.520000	0.399892E-01
31.540000	0.202831E-01
31.560000	-0.133135E-01
31.580000	-0.420905E-01
31.600000	-0.703185E-01
31.620000	-0.461481E-01
31.640000	0.446953E-01
31.660000	0.713700E-01
31.680000	0.345862E-02
31.700000	-0.421030E-01
31.720000	0.111158E-02
31.740000	0.648819E-02
31.760000	-0.142410E-01
31.780000	-0.786875E-02
31.800000	-0.648628E-01
31.820000	-0.955982E-01
31.840000	-0.744044E-01
31.860000	-0.610004E-01
31.880000	-0.697777E-01
31.900000	-0.115017E+00
31.920000	-0.140130E+00
31.940000	-0.121329E+00
31.960000	-0.100079E+00
31.980000	-0.112099E+00
32.000000	-0.125510E+00
32.020000	-0.121795E+00
32.040000	-0.850373E-01
32.060000	0.306437E-01
32.080000	0.141303E+00
32.100000	0.142313E+00
32.120000	0.636120E-01
32.140000	0.129952E-01
32.160000	-0.410142E-02
32.180000	-0.314994E-02
32.200000	0.463036E-01
32.220000	0.356122E-01
32.240000	0.225081E-01
32.260000	0.713695E-01
32.280000	0.792538E-01
32.300000	0.114647E+00
32.320000	0.125522E+00
32.340000	0.889593E-01
32.360000	0.578512E-01
32.380000	0.107871E-01
32.400000	-0.275062E-01
32.420000	-0.389620E-01
32.440000	-0.483959E-01
32.460000	-0.270406E-01
32.480000	0.360273E-02
32.500000	0.209674E-01
32.520000	0.716076E-01
32.540000	0.384927E-01
32.560000	-0.575943E-01
32.580000	-0.602668E-01
32.600000	-0.219639E-01
32.620000	0.195908E-01
32.640000	0.934268E-01
32.660000	0.126897E+00
32.680000	0.740603E-01
32.700000	-0.164630E-01
32.720000	-0.292894E-01
32.740000	0.299347E-01
32.760000	0.473547E-01
32.780000	0.755009E-02
32.800000	-0.107123E-02
32.820000	0.368464E-01
32.840000	0.344046E-01
32.860000	0.207959E-01
32.880000	0.154014E-02
32.900000	-0.578311E-01
32.920000	-0.118195E+00
32.940000	-0.119396E+00
32.960000	-0.729108E-01
32.980000	0.117887E-01
33.000000	0.123330E+00
33.020000	0.735576E-01
33.040000	-0.164530E-01
33.060000	0.160224E-01
33.080000	0.644360E-02
33.100000	-0.579116E-01
33.120000	-0.482720E-01
33.140000	-0.410689E-01
33.160000	-0.703614E-01
33.180000	-0.584343E-01
33.200000	-0.251615E-01
33.220000	0.206648E-01
33.240000	0.198003E-01
33.260000	-0.149555E-01
33.280000	-0.313849E-01
33.300000	0.548373E-02
33.320000	0.329667E-01
33.340000	0.324088E-01
33.360000	-0.226315E-01
33.380000	-0.819819E-01
33.400000	0.340607E-02
33.420000	0.798194E-01
33.440000	0.121677E+00
33.460000	0.120369E+00
33.480000	0.265986E-01
33.500000	-0.639389E-01
33.520000	-0.767811E-01
33.540000	-0.823821E-01
33.560000	-0.781532E-01
33.580000	-0.425727E-01
33.600000	-0.762180E-03
33.620000	0.101636E+00
33.640000	0.102113E+00
33.660000	-0.126950E-01
33.680000	-0.562124E-01
33.700000	0.111606E-02
33.720000	0.188844E-01
33.740000	-0.239995E-01
33.760000	-0.522568E-01
33.780000	-0.670554E-01
33.800000	-0.437281E-01
33.820000	-0.359343E-01
33.840000	-0.330137E-01
33.860000	0.218437E-02
33.880000	0.253993E-02
33.900000	-0.250780E-01
33.920000	-0.283324E-01
33.940000	-0.208265E-01
33.960000	-0.205996E-01
33.980000	-0.166584E-02
34.000000	0.209808E-01
34.020000	0.266316E-01
34.040000	0.320817E-01
34.060000	0.625113E-01
34.080000	0.991881E-01
34.100000	0.142551E+00
34.120000	0.120117E+00
34.140000	0.326960E-01
34.160000	0.251643E-01
34.180000	0.171567E-01
34.200000	-0.543946E-01
34.220000	-0.106476E+00
34.240000	-0.147464E+00
34.260000	-0.196118E+00
34.280000	-0.236930E+00
34.300000	-0.231104E+00
34.320000	-0.157729E+00
34.340000	-0.667547E-01
34.360000	0.171292E-01
34.380000	0.134734E+00
34.400000	0.151802E+00
34.420000	0.834772E-01
34.440000	0.108463E+00
34.460000	0.117900E+00
34.480000	0.149166E+00
34.500000	0.100602E+00
34.520000	-0.492996E-01
34.540000	-0.121779E+00
34.560000	-0.140678E+00
34.580000	-0.131533E+00
34.600000	-0.119196E+00
34.620000	-0.729302E-01
34.640000	-0.558291E-02
34.660000	0.345984E-01
34.680000	0.338383E-01
34.700000	0.316600E-01
34.720000	0.922389E-01
34.740000	0.102644E+00
34.760000	0.172565E-01
34.780000	-0.215894E-01
34.800000	-0.285546E-01
34.820000	-0.624783E-01
34.840000	-0.430341E-01
34.860000	-0.501197E-01
34.880000	-0.101668E+00
34.900000	-0.103417E+00
34.920000	-0.727292E-01
34.940000	-0.788828E-01
34.960000	-0.659420E-01
34.980000	0.123772E-01
35.000000	0.208507E-01
35.020000	-0.176678E-03
35.040000	0.352281E-01
35.060000	0.417875E-01
35.080000	0.121650E-01
35.100000	-0.174789E-02
35.120000	0.206403E-02
35.140000	0.171535E-01
35.160000	0.160796E-01
35.180000	0.137400E-01
35.200000	0.196504E-01
35.220000	-0.275947E-02
35.240000	-0.168816E-01
35.260000	-0.103685E-01
35.280000	-0.807541E-02
35.300000	-0.145082E-01
35.320000	-0.587317E-01
35.340000	-0.977780E-01
35.360000	-0.861032E-01
35.380000	-0.194875E-01
35.400000	0.611288E-02
35.420000	0.310050E-01
35.440000	0.897091E-01
35.460000	0.642021E-01
35.480000	0.122445E-01
35.500000	0.161374E-01
35.520000	0.283772E-01
35.540000	-0.384781E-02
35.560000	-0.116886E-02
35.580000	0.269438E-01
35.600000	0.246527E-01
35.620000	-0.182992E-01
35.640000	-0.504246E-01
35.660000	-0.291920E-01
35.680000	0.543095E-02
35.700000	-0.565357E-02
35.720000	-0.125509E-01
35.740000	0.453485E-01
35.760000	0.394003E-01
35.780000	-0.285207E-01
35.800000	-0.357772E-01
35.820000	-0.265675E-01
35.840000	-0.326501E-01
35.860000	-0.202707E-01
35.880000	-0.283198E-01
35.900000	-0.272321E-01
35.920000	-0.634160E-02
35.940000	0.257785E-01
35.960000	0.514160E-01
35.980000	0.324314E-01
36.000000	0.272991E-02
36.020000	-0.525476E-03
36.040000	0.268520E-01
36.060000	0.215474E-01
36.080000	-0.292618E-01
36.100000	-0.813153E-02
36.120000	0.415808E-01
36.140000	0.198789E-01
36.160000	-0.162611E-01
36.180000	-0.124880E-01
36.200000	0.338845E-01
36.220000	0.659537E-01
36.240000	0.587679E-01
36.260000	0.297148E-01
36.280000	0.709026E-02
36.300000	-0.804538E-02
36.320000	-0.133072E-01
36.340000	0.182550E-01
36.360000	0.503371E-01
36.380000	0.285074E-01
36.400000	-0.160026E-01
36.420000	-0.498797E-01
36.440000	-0.670597E-01
36.460000	-0.178181E-01
36.480000	-0.159383E-01
36.500000	-0.402546E-01
36.520000	0.299729E-02
36.540000	0.138817E-01
36.560000	0.131494E-01
36.580000	0.191766E-01
36.600000	0.149855E-01
36.620000	0.445783E-02
36.640000	0.128560E-01
36.660000	0.646565E-01
36.680000	0.715206E-01
36.700000	0.308090E-01
36.720000	0.293733E-02
36.740000	-0.240861E-01
36.760000	-0.423287E-02
36.780000	0.228643E-01
36.800000	-0.130778E-02
36.820000	-0.296583E-01
36.840000	-0.147303E-01
36.860000	0.175650E-01
36.880000	-0.340853E-02
36.900000	-0.173975E-01
36.920000	0.109125E-02
36.940000	0.242819E-01
36.960000	0.213001E-01
36.980000	0.213165E-02
37.000000	0.295663E-01
37.020000	0.384257E-01
37.040000	-0.277476E-02
37.060000	-0.113923E-01
37.080000	0.165603E-01
37.100000	0.317944E-01
37.120000	0.401254E-01
37.140000	0.604094E-01
37.160000	0.749987E-01
37.180000	0.425793E-01
37.200000	-0.169895E-01
37.220000	-0.421583E-01
37.240000	-0.145991E-01
37.260000	-0.417969E-02
37.280000	-0.223248E-01
37.300000	0.172518E-01
37.320000	0.644980E-01
37.340000	0.636136E-01
37.360000	0.438710E-01
37.380000	0.191888E-01
37.400000	-0.138670E-02
37.420000	-0.317947E-01
37.440000	-0.465151E-01
37.460000	-0.236370E-01
37.480000	-0.206635E-01
37.500000	-0.358501E-01
37.520000	-0.369136E-01
37.540000	-0.165658E-01
37.560000	-0.100300E-01
37.580000	-0.251252E-01
37.600000	-0.191023E-01
37.620000	0.123687E-01
37.640000	0.173105E-01
37.660000	0.119767E-01
37.680000	0.644360E-01
37.700000	0.768535E-01
37.720000	0.453051E-01
37.740000	0.411520E-01
37.760000	0.574483E-01
37.780000	0.470539E-01
37.800000	0.179517E-01
37.820000	0.184386E-01
37.840000	0.314044E-01
37.860000	0.390434E-01
37.880000	0.523099E-02
37.900000	-0.415244E-01
37.920000	-0.566889E-01
37.940000	-0.129831E-01
37.960000	0.135452E-01
37.980000	0.300130E-01
38.000000	0.858538E-01
38.020000	0.930290E-01
38.040000	0.483220E-01
38.060000	0.199811E-01
38.080000	0.130634E-01
38.100000	-0.291379E-01
38.120000	-0.243265E-01
38.140000	0.103068E-01
38.160000	0.329046E-02
38.180000	0.443779E-01
38.200000	0.517401E-01
38.220000	-0.540657E-02
38.240000	-0.329699E-01
38.260000	-0.475209E-04
38.280000	0.295722E-01
38.300000	-0.136286E-03
38.320000	-0.407715E-01
38.340000	-0.247308E-01
38.360000	0.481092E-01
38.380000	0.489382E-01
38.400000	0.124970E-01
38.420000	-0.224630E-02
38.440000	-0.606757E-03
38.460000	0.284828E-01
38.480000	0.175716E-03
38.500000	-0.422744E-01
38.520000	-0.443043E-01
38.540000	-0.204422E-01
38.560000	-0.183236E-01
38.580000	-0.356012E-01
38.600000	-0.576979E-02
38.620000	0.378051E-02
38.640000	-0.208314E-01
38.660000	-0.447222E-01
38.680000	-0.514338E-01
38.700000	-0.437627E-01
38.720000	-0.519459E-01
38.740000	-0.671429E-01
38.760000	-0.564608E-01
38.780000	-0.192737E-01
38.800000	0.563473E-02
38.820000	0.397608E-01
38.840000	0.442625E-01
38.860000	-0.511270E-02
38.880000	-0.575181E-01
38.900000	-0.575428E-01
38.920000	-0.118244E-01
38.940000	0.186214E-01
38.960000	0.606514E-01
38.980000	0.981104E-01
39.000000	0.743901E-01
39.020000	0.161558E-01
39.040000	-0.225062E-01
39.060000	-0.105918E-01
39.080000	0.453767E-02
39.100000	-0.277385E-01
39.120000	-0.322836E-01
39.140000	-0.173567E-02
39.160000	-0.303490E-01
39.180000	-0.531156E-01
39.200000	-0.225372E-01
39.220000	0.228175E-01
39.240000	0.436332E-01
39.260000	0.200473E-01
39.280000	0.117014E-01
39.300000	0.379395E-01
39.320000	0.268798E-01
39.340000	-0.423222E-01
39.360000	-0.465896E-01
39.380000	-0.439229E-02
39.400000	0.466451E-02
39.420000	0.303874E-01
39.440000	0.340703E-01
39.460000	-0.123552E-01
39.480000	-0.376938E-01
39.500000	-0.104506E-01
39.520000	0.238380E-01
39.540000	0.431786E-01
39.560000	0.518519E-01
39.580000	0.443524E-01
39.600000	0.143349E-01
39.620000	-0.307397E-02
39.640000	0.164844E-01
39.660000	0.266057E-01
39.680000	0.539542E-02
39.700000	-0.401626E-02
39.720000	-0.598067E-02
39.740000	-0.475495E-01
39.760000	-0.849305E-01
39.780000	-0.810584E-01
39.800000	-0.651210E-01
39.820000	-0.667999E-01
39.840000	-0.667068E-01
39.860000	-0.740572E-01
39.880000	-0.659816E-01
39.900000	-0.363341E-01
39.920000	-0.291775E-01
39.940000	-0.390411E-01
39.960000	-0.317299E-01
39.980000	0.200761E-01
40.000000	0.398608E-01
40.020000	0.273511E-01
40.040000	0.274471E-01
40.060000	0.380905E-01
40.080000	0.617642E-01
40.100000	0.417948E-01
40.120000	0.881799E-02
40.140000	0.213530E-03
40.160000	-0.162872E-01
40.180000	-0.983468E-02
40.200000	-0.554701E-02
40.220000	-0.349436E-01
40.240000	-0.477601E-01
40.260000	-0.389291E-01
40.280000	-0.102886E-01
40.300000	0.201348E-01
40.320000	0.246332E-01
40.340000	0.735907E-02
40.360000	-0.197489E-01
40.380000	-0.332689E-01
40.400000	-0.161257E-01
40.420000	0.102694E-01
40.440000	0.267586E-01
40.460000	0.326588E-01
40.480000	0.459071E-01
40.500000	0.392710E-01
40.520000	-0.127292E-01
40.540000	-0.175529E-01
40.560000	0.213421E-01
40.580000	0.321979E-01
40.600000	0.938968E-02
40.620000	-0.207999E-02
40.640000	0.116470E-01
40.660000	0.259368E-01
40.680000	0.218154E-01
40.700000	-0.148304E-01
40.720000	-0.351212E-01
40.740000	-0.243209E-03
40.760000	0.467734E-01
40.780000	0.247306E-01
40.800000	-0.717756E-02
40.820000	-0.253230E-01
40.840000	-0.210178E-01
40.860000	-0.881180E-02
40.880000	-0.429793E-01
40.900000	-0.282323E-01
40.920000	0.165880E-01
40.940000	0.999355E-02
40.960000	-0.346123E-01
40.980000	-0.560798E-01
41.000000	-0.472121E-01
41.020000	-0.165654E-01
41.040000	-0.148194E-01
41.060000	-0.316727E-02
41.080000	0.395746E-01
41.100000	0.852711E-02
41.120000	-0.228450E-01
41.140000	-0.601196E-02
41.160000	-0.163013E-01
41.180000	-0.296929E-01
41.200000	-0.844787E-02
41.220000	0.111619E-02
41.240000	-0.661806E-02
41.260000	-0.150627E-01
41.280000	-0.222392E-01
41.300000	-0.619809E-01
41.320000	-0.550486E-01
41.340000	-0.320061E-02
41.360000	-0.902653E-03
41.380000	-0.210816E-01
41.400000	-0.415295E-01
41.420000	-0.584110E-01
41.440000	-0.404439E-01
41.460000	-0.153084E-01
41.480000	0.194691E-01
41.500000	0.280290E-01
41.520000	0.113103E-01
41.540000	0.230930E-01
41.560000	-0.113078E-01
41.580000	-0.693322E-01
41.600000	-0.534623E-01
41.620000	0.232473E-01
41.640000	0.654477E-01
41.660000	0.524508E-01
41.680000	0.384915E-01
41.700000	0.342601E-01
41.720000	0.150798E-01
41.740000	-0.171862E-01
41.760000	-0.366009E-01
41.780000	0.168675E-01
41.800000	0.377212E-01
41.820000	0.132126E-01
41.840000	0.215745E-01
41.860000	0.265009E-01
41.880000	0.245694E-01
41.900000	0.393603E-02
41.920000	0.125809E-01
41.940000	0.165525E-01
41.960000	-0.303148E-01
41.980000	-0.425231E-01
42.000000	0.108667E-01
42.020000	0.388214E-01
42.040000	0.100887E-01
42.060000	-0.233288E-01
42.080000	-0.173241E-01
42.100000	0.263272E-02
42.120000	-0.178348E-01
42.140000	-0.184455E-01
42.160000	0.171411E-01
42.180000	0.233465E-01
42.200000	0.199099E-02
42.220000	0.647971E-02
42.240000	0.267960E-01
42.260000	0.197770E-01
42.280000	-0.245658E-02
42.300000	0.149980E-01
42.320000	0.191295E-02
42.340000	-0.452050E-01
42.360000	-0.309424E-01
42.380000	-0.914742E-02
42.400000	-0.169993E-01
42.420000	-0.196671E-01
42.440000	0.200891E-01
42.460000	0.230871E-01
42.480000	-0.146887E-01
42.500000	-0.106612E-01
42.520000	-0.234630E-01
42.540000	-0.327055E-01
42.560000	-0.297706E-01
42.580000	-0.325912E-01
42.600000	0.112699E-01
42.620000	0.575285E-01
42.640000	0.814645E-01
42.660000	0.875083E-01
42.680000	0.667448E-01
42.700000	0.321186E-01
42.720000	0.239550E-02
42.740000	-0.162726E-02
42.760000	0.330419E-01
42.780000	0.493457E-01
42.800000	0.146544E-01
42.820000	-0.135017E-01
42.840000	-0.710581E-02
42.860000	0.309237E-02
42.880000	-0.186680E-02
42.900000	0.445959E-02
42.920000	-0.113346E-01
42.940000	-0.292286E-01
42.960000	-0.701686E-02
42.980000	0.115050E-01
43.000000	0.116379E-01
43.020000	-0.175149E-01
43.040000	-0.494418E-01
43.060000	-0.244357E-01
43.080000	-0.153151E-01
43.100000	-0.251268E-01
43.120000	0.233032E-02
43.140000	0.628159E-02
43.160000	0.463521E-02
43.180000	0.227750E-01
43.200000	0.393266E-01
43.220000	0.496152E-01
43.240000	0.320788E-01
43.260000	-0.365623E-01
43.280000	-0.530016E-01
43.300000	0.459286E-02
43.320000	0.392359E-01
43.340000	0.589064E-01
43.360000	0.950367E-01
43.380000	0.767700E-01
43.400000	-0.310748E-01
43.420000	-0.788923E-01
43.440000	-0.421900E-01
43.460000	-0.900007E-02
43.480000	-0.149075E-01
43.500000	-0.521001E-01
43.520000	-0.416964E-01
43.540000	-0.116692E-01
43.560000	-0.770379E-02
43.580000	-0.433490E-01
43.600000	-0.493192E-01
43.620000	0.310713E-02
43.640000	0.252006E-02
43.660000	-0.301454E-01
43.680000	-0.203163E-01
43.700000	-0.230241E-02
43.720000	-0.162645E-01
43.740000	-0.104554E-01
43.760000	0.298886E-01
43.780000	0.208380E-01
43.800000	-0.905014E-02
43.820000	0.176886E-02
43.840000	0.162680E-01
43.860000	0.824773E-02
43.880000	0.625715E-02
43.900000	0.306450E-01
43.920000	-0.124837E-01
43.940000	-0.617990E-01
43.960000	-0.261426E-01
43.980000	0.202897E-01
44.000000	-0.113887E-02
44.020000	-0.368894E-01
44.040000	-0.136108E-01
44.060000	0.159602E-01
44.080000	0.306768E-01
44.100000	0.431270E-01
44.120000	0.573327E-01
44.140000	0.535879E-01
44.160000	0.559233E-02
44.180000	-0.213346E-01
44.200000	0.830821E-02
44.220000	0.190921E-01
44.240000	-0.456127E-02
44.260000	-0.690507E-02
44.280000	-0.592359E-02
44.300000	-0.207724E-01
44.320000	0.494100E-02
44.340000	0.553686E-01
44.360000	0.495521E-01
44.380000	-0.132721E-01
44.400000	-0.423970E-01
44.420000	-0.101041E-01
44.440000	-0.459619E-02
44.460000	-0.252306E-01
44.480000	0.349607E-02
44.500000	0.484069E-01
44.520000	0.561890E-01
44.540000	0.372684E-01
44.560000	0.408626E-01
44.580000	0.370962E-01
44.600000	-0.158478E-01
44.620000	-0.493293E-01
44.640000	-0.459429E-01
44.660000	-0.267731E-01
44.680000	0.112287E-01
44.700000	0.153608E-01
44.720000	0.106003E-01
44.740000	-0.901780E-02
44.760000	-0.213621E-01
44.780000	-0.950874E-02
44.800000	-0.103896E-01
44.820000	0.144420E-01
44.840000	0.333845E-01
44.860000	0.166726E-01
44.880000	-0.101276E-01
44.900000	-0.195304E-01
44.920000	-0.168712E-01
44.940000	-0.230404E-01
44.960000	-0.163341E-01
44.980000	0.121222E-01
45.000000	0.640786E-02
45.020000	-0.413093E-01
45.040000	-0.252875E-01
45.060000	0.170212E-01
45.080000	0.167276E-01
45.100000	0.115032E-01
45.120000	0.751957E-02
45.140000	0.220449E-01
45.160000	0.373802E-01
45.180000	0.410313E-01
45.200000	0.388429E-01
45.220000	0.560685E-01
45.240000	0.505533E-01
45.260000	-0.113666E-01
45.280000	-0.368875E-01
45.300000	0.159182E-01
45.320000	0.445315E-01
45.340000	0.264754E-01
45.360000	0.329226E-01
45.380000	0.158787E-01
45.400000	-0.403885E-01
45.420000	-0.411122E-01
45.440000	-0.531619E-02
45.460000	-0.168582E-01
45.480000	-0.221456E-01
45.500000	0.124202E-01
45.520000	0.181084E-01
45.540000	-0.673289E-03
45.560000	0.802145E-02
45.580000	0.316161E-01
45.600000	0.417120E-01
45.620000	0.362272E-01
45.640000	-0.236565E-02
45.660000	-0.347719E-01
45.680000	0.496276E-02
45.700000	0.451113E-01
45.720000	0.462707E-01
45.740000	0.128988E-01
45.760000	-0.415035E-01
45.780000	-0.293128E-01
45.800000	0.173574E-01
45.820000	0.830280E-02
45.840000	0.179265E-01
45.860000	0.364046E-01
45.880000	-0.932467E-02
45.900000	-0.295165E-01
45.920000	0.146552E-01
45.940000	0.126465E-01
45.960000	-0.127620E-01
45.980000	-0.201485E-01
46.000000	-0.188205E-01
46.020000	-0.267749E-01
46.040000	-0.224467E-01
46.060000	0.114561E-01
46.080000	-0.746232E-02
46.100000	-0.278544E-01
46.120000	-0.196054E-02
46.140000	0.805730E-02
46.160000	-0.216732E-01
46.180000	-0.285711E-01
46.200000	0.804053E-02
46.220000	0.183993E-01
46.240000	-0.324988E-02
46.260000	-0.233473E-01
46.280000	-0.329345E-01
46.300000	-0.328299E-01
46.320000	-0.180818E-01
46.340000	0.119870E-01
46.360000	0.130328E-01
46.380000	-0.289041E-01
46.400000	-0.230022E-01
46.420000	0.298823E-01
46.440000	0.284159E-01
46.460000	-0.129000E-01
46.480000	-0.244843E-01
46.500000	-0.835390E-03
46.520000	0.258254E-02
46.540000	-0.139189E-01
46.560000	-0.246893E-01
46.580000	-0.395310E-01
46.600000	-0.475452E-01
46.620000	-0.314409E-01
46.640000	-0.327564E-02
46.660000	0.849258E-02
46.680000	-0.571739E-02
46.700000	-0.160444E-01
46.720000	-0.257056E-02
46.740000	-0.534487E-02
46.760000	-0.368900E-01
46.780000	-0.362532E-01
46.800000	-0.263652E-01
46.820000	-0.314672E-01
46.840000	-0.230896E-01
46.860000	-0.656954E-02
46.880000	0.452157E-02
46.900000	0.107807E-01
46.920000	0.473269E-02
46.940000	-0.124631E-01
46.960000	-0.111079E-01
46.980000	0.133050E-01
47.000000	0.360872E-01
47.020000	0.199210E-01
47.040000	0.597937E-02
47.060000	0.935946E-02
47.080000	-0.158935E-01
47.100000	-0.300755E-01
47.120000	-0.211595E-01
47.140000	-0.167258E-01
47.160000	-0.387253E-01
47.180000	-0.460627E-01
47.200000	0.519661E-04
47.220000	0.284754E-01
47.240000	0.456215E-01
47.260000	0.610687E-01
47.280000	0.341022E-01
47.300000	0.519353E-02
47.320000	-0.195607E-01
47.340000	-0.395526E-01
47.360000	-0.191479E-01
47.380000	-0.741430E-02
47.400000	0.616490E-02
47.420000	0.357654E-01
47.440000	0.313264E-01
47.460000	0.103759E-01
47.480000	0.177485E-01
47.500000	0.404181E-01
47.520000	0.268846E-01
47.540000	-0.206240E-01
47.560000	-0.124888E-01
47.580000	0.765367E-02
47.600000	0.219483E-02
47.620000	0.780875E-02
47.640000	0.365913E-01
47.660000	0.577239E-01
47.680000	0.181017E-01
47.700000	-0.795688E-02
47.720000	-0.986687E-03
47.740000	-0.160698E-01
47.760000	-0.385673E-01
47.780000	-0.300737E-01
47.800000	0.838808E-02
47.820000	0.258825E-01
47.840000	-0.243591E-02
47.860000	-0.335587E-01
47.880000	-0.257010E-01
47.900000	-0.180738E-01
47.920000	-0.344287E-01
47.940000	-0.396443E-01
47.960000	-0.693900E-02
47.980000	0.187133E-01
48.000000	0.106949E-02
48.020000	-0.212647E-01
48.040000	-0.327221E-01
48.060000	-0.183562E-01
48.080000	-0.311221E-02
48.100000	0.356590E-02
48.120000	0.287843E-02
48.140000	-0.232528E-01
48.160000	-0.248312E-01
48.180000	-0.502664E-03
48.200000	-0.120497E-02
48.220000	-0.182263E-01
48.240000	-0.269442E-01
48.260000	-0.800037E-02
48.280000	0.932572E-02
48.300000	-0.326548E-02
48.320000	-0.190125E-01
48.340000	-0.196677E-01
48.360000	0.560574E-02
48.380000	0.289341E-01
48.400000	0.263518E-01
48.420000	0.151037E-01
48.440000	0.157673E-01
48.460000	-0.256702E-04
48.480000	-0.269997E-01
48.500000	-0.286042E-01
48.520000	0.590532E-02
48.540000	0.141229E-01
48.560000	-0.197248E-03
48.580000	0.159644E-01
48.600000	0.161599E-01
48.620000	0.239143E-01
48.640000	0.457626E-01
48.660000	0.329050E-01
48.680000	-0.677040E-02
48.700000	-0.209200E-02
48.720000	0.256118E-01
48.740000	0.358006E-01
48.760000	0.406374E-01
48.780000	0.269830E-01
48.800000	0.107513E-01
48.820000	0.245100E-01
48.840000	0.439427E-01
48.860000	0.378963E-01
48.880000	0.377252E-01
48.900000	0.523649E-01
48.920000	0.364774E-01
48.940000	0.340159E-03
48.960000	-0.209904E-01
48.980000	-0.173710E-01
49.000000	0.396800E-02
49.020000	0.113576E-01
49.040000	0.213506E-01
49.060000	0.148463E-01
49.080000	-0.116371E-01
49.100000	-0.273356E-01
49.120000	-0.156000E-01
49.140000	0.869928E-02
49.160000	0.807948E-02
49.180000	0.183968E-01
49.200000	0.154994E-01
49.220000	-0.924339E-02
49.240000	0.222354E-01
49.260000	0.461196E-01
49.280000	0.138191E-01
49.300000	-0.205720E-01
49.320000	-0.477157E-01
49.340000	-0.289207E-01
49.360000	-0.193364E-02
49.380000	0.112743E-02
49.400000	0.129951E-01
49.420000	0.555575E-02
49.440000	-0.585487E-03
49.460000	0.340139E-02
49.480000	-0.825304E-02
49.500000	-0.215580E-01
49.520000	-0.304878E-01
49.540000	-0.302053E-01
49.560000	-0.535234E-02
49.580000	0.307943E-01
49.600000	0.201023E-01
49.620000	-0.110212E-01
49.640000	-0.186642E-01
49.660000	-0.249676E-01
49.680000	-0.207115E-01
49.700000	-0.115167E-01
49.720000	-0.416436E-02
49.740000	-0.131755E-01
49.760000	-0.262070E-01
49.780000	-0.355236E-01
49.800000	-0.152817E-01
49.820000	0.842879E-02
49.840000	0.144093E-01
49.860000	0.219718E-01
49.880000	0.289836E-02
49.900000	-0.123948E-01
49.920000	-0.340429E-02
49.940000	0.150790E-05
49.960000	-0.706065E-02
49.980000	0.542889E-02
50.000000	0.189180E-01
50.020000	0.202767E-02
50.040000	-0.120194E-01
50.060000	0.222781E-01
50.080000	0.397224E-01
50.100000	0.220281E-01
50.120000	-0.159259E-01
50.140000	-0.266759E-01
50.160000	0.857624E-02
50.180000	-0.246009E-01
50.200000	-0.466694E-01
50.220000	-0.808168E-02
50.240000	0.220631E-01
50.260000	0.260437E-01
50.280000	-0.607816E-02
50.300000	-0.535722E-02
50.320000	0.257340E-01
50.340000	-0.141663E-01
50.360000	-0.375068E-01
50.380000	0.821237E-02
50.400000	0.200757E-01
50.420000	-0.685904E-02
50.440000	-0.268796E-01
50.460000	-0.302484E-01
50.480000	-0.185797E-01
50.500000	-0.534639E-02
50.520000	0.102998E-02
50.540000	-0.149233E-01
50.560000	-0.349543E-01
50.580000	-0.303346E-01
50.600000	-0.188971E-01
50.620000	-0.119860E-01
50.640000	-0.117538E-01
50.660000	-0.642503E-02
50.680000	-0.757406E-02
50.700000	-0.111138E-01
50.720000	-0.537732E-02
50.740000	-0.257847E-01
50.760000	-0.469629E-01
50.780000	-0.323070E-01
50.800000	-0.413225E-02
50.820000	0.305267E-01
50.840000	0.263689E-01
50.860000	-0.308655E-01
50.880000	-0.353481E-01
50.900000	0.138925E-01
50.920000	0.128920E-02
50.940000	-0.192491E-01
50.960000	-0.210300E-01
50.980000	-0.358823E-01
51.000000	-0.313803E-02
51.020000	0.451790E-01
51.040000	0.378455E-01
51.060000	-0.259568E-01
51.080000	-0.456914E-02
51.100000	0.562177E-01
51.120000	0.107675E-01
51.140000	-0.241898E-01
51.160000	0.553107E-02
51.180000	0.214511E-01
51.200000	0.902360E-02
51.220000	0.252987E-01
51.240000	0.454687E-01
51.260000	0.276875E-01
51.280000	0.134897E-01
51.300000	0.135181E-01
51.320000	-0.412946E-02
51.340000	-0.859561E-02
51.360000	0.179207E-01
51.380000	0.343218E-01
51.400000	0.257129E-01
51.420000	0.749753E-02
51.440000	0.961012E-02
51.460000	0.133829E-01
51.480000	-0.232500E-02
51.500000	0.148134E-02
51.520000	0.151844E-01
51.540000	0.907638E-02
51.560000	0.483889E-02
51.580000	0.821343E-02
51.600000	-0.264893E-03
51.620000	-0.429389E-02
51.640000	-0.127190E-01
51.660000	-0.190388E-01
51.680000	-0.576543E-02
51.700000	0.407794E-02
51.720000	0.274583E-01
51.740000	0.300905E-01
51.760000	0.215260E-02
51.780000	-0.291580E-02
51.800000	-0.935213E-02
51.820000	-0.190023E-01
51.840000	-0.926158E-02
51.860000	0.576770E-02
51.880000	0.727998E-02
51.900000	-0.357340E-02
51.920000	0.362439E-02
51.940000	0.111964E-01
51.960000	-0.689719E-02
51.980000	-0.164758E-01
52.000000	-0.976737E-02
52.020000	-0.102395E-01
52.040000	0.182924E-02
52.060000	0.699561E-02
52.080000	-0.646158E-02
52.100000	-0.160571E-02
52.120000	0.757503E-02
52.140000	0.276096E-02
52.160000	0.467961E-02
52.180000	0.785629E-02
52.200000	-0.387365E-03
52.220000	0.297127E-02
52.240000	0.697202E-02
52.260000	-0.688320E-02
52.280000	-0.136846E-01
52.300000	-0.556984E-02
52.320000	0.141911E-02
52.340000	0.454653E-02
52.360000	0.956480E-02
52.380000	0.676661E-02
52.400000	0.690814E-02
52.420000	0.627253E-02
52.440000	0.227903E-02
52.460000	0.219737E-02
52.480000	-0.298130E-02
52.500000	-0.329490E-02
52.520000	0.469867E-02
52.540000	0.695694E-02
52.560000	0.217639E-02
52.580000	0.113881E-02
52.600000	-0.181075E-02
52.620000	0.921772E-03
52.640000	0.804522E-02
52.660000	0.864784E-02
52.680000	0.899291E-02
52.700000	0.743632E-02
52.720000	0.617030E-02
52.740000	0.468345E-02
52.760000	0.799493E-03
52.780000	0.177390E-02
52.800000	0.325973E-02
52.820000	0.184927E-02
52.840000	0.259976E-02
52.860000	0.246209E-02
52.880000	-0.251079E-03
52.900000	-0.246316E-02
52.920000	-0.186391E-02
52.940000	-0.120489E-02
52.960000	-0.242581E-02
52.980000	-0.303923E-02
53.000000	-0.357231E-02
53.020000	-0.325817E-02
53.040000	-0.229799E-02
53.060000	-0.220427E-02
53.080000	-0.356068E-02
53.100000	-0.488387E-02
53.120000	-0.467594E-02
53.140000	-0.466895E-02
53.160000	-0.494446E-02
53.180000	-0.503210E-02
53.200000	-0.458998E-02
53.220000	-0.436351E-02
53.240000	-0.443111E-02
53.260000	-0.437192E-02
53.280000	-0.398432E-02
53.300000	-0.336942E-02
53.320000	-0.313430E-02
53.340000	-0.285023E-02
53.360000	-0.252142E-02
53.380000	-0.241574E-02
53.400000	-0.222600E-02
53.420000	-0.192493E-02
53.440000	-0.171279E-02
53.460000	-0.149875E-02
53.480000	-0.121003E-02
53.500000	-0.953821E-03
53.520000	-0.758115E-03
