0.000000	0.000000
0.010000	-0.755182E-06
0.020000	-0.706271E-06
0.030000	-0.636804E-06
0.040000	-0.615319E-06
0.050000	-0.256744E-06
0.060000	-0.927270E-06
0.070000	-0.203435E-05
0.080000	-0.195057E-05
0.090000	-0.265971E-05
0.100000	-0.279524E-05
0.110000	0.186715E-05
0.120000	0.398305E-05
0.130000	-0.216946E-05
0.140000	-0.323988E-05
0.150000	0.256845E-05
0.160000	-0.159714E-05
0.170000	-0.841304E-05
0.180000	-0.938851E-05
0.190000	-0.149948E-04
0.200000	-0.173747E-04
0.210000	-0.925789E-05
0.220000	-0.899956E-05
0.230000	-0.707874E-05
0.240000	0.159767E-05
0.250000	0.372342E-05
0.260000	-0.156236E-04
0.270000	-0.324539E-04
0.280000	-0.383408E-04
0.290000	-0.338959E-04
0.300000	-0.358710E-04
0.310000	-0.371531E-04
0.320000	-0.467235E-04
0.330000	-0.596368E-04
0.340000	-0.572662E-04
0.350000	0.171931E-04
0.360000	0.118809E-03
0.370000	0.101976E-03
0.380000	0.973101E-05
0.390000	-0.208980E-06
0.400000	0.852882E-04
0.410000	0.104809E-03
0.420000	0.406319E-05
0.430000	-0.661723E-04
0.440000	-0.618971E-04
0.450000	-0.735178E-04
0.460000	-0.823888E-04
0.470000	-0.694594E-04
0.480000	-0.607424E-04
0.490000	-0.110022E-03
0.500000	-0.193312E-03
0.510000	-0.151788E-03
0.520000	0.959329E-04
0.530000	0.149182E-03
0.540000	0.455215E-04
0.550000	0.329284E-04
0.560000	-0.395441E-04
0.570000	-0.139838E-03
0.580000	-0.156226E-03
0.590000	-0.166604E-03
0.600000	-0.306148E-04
0.610000	0.107979E-03
0.620000	-0.134193E-04
0.630000	-0.127891E-03
0.640000	-0.875102E-05
0.650000	0.140096E-03
0.660000	0.103279E-03
0.670000	-0.230088E-04
0.680000	-0.297742E-04
0.690000	0.994667E-04
0.700000	0.708367E-04
0.710000	-0.100987E-03
0.720000	-0.257172E-03
0.730000	-0.223442E-03
0.740000	-0.174021E-03
0.750000	-0.137450E-03
0.760000	0.263294E-03
0.770000	0.514981E-03
0.780000	0.184793E-03
0.790000	-0.229820E-03
0.800000	-0.756551E-04
0.810000	0.150345E-03
0.820000	0.126780E-03
0.830000	0.447010E-05
0.840000	-0.635236E-04
0.850000	-0.111218E-03
0.860000	-0.263975E-03
0.870000	-0.324059E-03
0.880000	-0.409418E-03
0.890000	-0.641270E-03
0.900000	-0.696173E-03
0.910000	-0.498435E-03
0.920000	-0.301332E-03
0.930000	-0.147565E-03
0.940000	-0.241487E-03
0.950000	-0.250873E-03
0.960000	-0.194980E-03
0.970000	-0.170077E-04
0.980000	0.616438E-04
0.990000	-0.154156E-03
1.000000	-0.208004E-03
1.010000	-0.215197E-03
1.020000	-0.236037E-03
1.030000	-0.398263E-03
1.040000	-0.483351E-03
1.050000	-0.598614E-05
1.060000	0.343509E-03
1.070000	0.123508E-03
1.080000	0.249642E-04
1.090000	0.340054E-03
1.100000	0.606395E-03
1.110000	0.282981E-03
1.120000	-0.140093E-03
1.130000	-0.109716E-03
1.140000	0.293669E-03
1.150000	0.651326E-03
1.160000	0.373290E-03
1.170000	-0.343887E-03
1.180000	-0.606373E-03
1.190000	-0.588965E-03
1.200000	-0.714682E-03
1.210000	-0.867566E-03
1.220000	-0.797765E-03
1.230000	-0.329712E-03
1.240000	0.689343E-04
1.250000	0.141470E-03
1.260000	0.551561E-03
1.270000	0.839686E-03
1.280000	0.622756E-03
1.290000	0.682586E-03
1.300000	0.779704E-03
1.310000	0.399602E-03
1.320000	-0.364929E-04
1.330000	-0.233297E-03
1.340000	-0.452135E-03
1.350000	-0.512036E-03
1.360000	-0.538845E-03
1.370000	-0.295832E-03
1.380000	0.114643E-03
1.390000	-0.893480E-04
1.400000	-0.296852E-03
1.410000	0.836686E-04
1.420000	0.367424E-03
1.430000	0.203015E-03
1.440000	-0.165563E-04
1.450000	-0.138731E-03
1.460000	-0.513245E-03
1.470000	-0.633254E-03
1.480000	-0.193579E-03
1.490000	-0.220947E-05
1.500000	0.140318E-03
1.510000	-0.199054E-03
1.520000	-0.935323E-03
1.530000	-0.129620E-02
1.540000	-0.993796E-03
1.550000	-0.753984E-04
1.560000	0.560837E-03
1.570000	0.703060E-03
1.580000	0.498943E-03
1.590000	-0.101295E-03
1.600000	-0.296840E-03
1.610000	-0.411410E-03
1.620000	-0.527931E-03
1.630000	-0.377621E-03
1.640000	-0.341804E-03
1.650000	0.449415E-04
1.660000	0.635419E-03
1.670000	0.641698E-03
1.680000	0.218674E-03
1.690000	0.795126E-04
1.700000	0.194023E-03
1.710000	-0.516466E-03
1.720000	-0.111017E-02
1.730000	-0.294104E-03
1.740000	0.220190E-03
1.750000	0.156142E-03
1.760000	0.480164E-03
1.770000	0.466906E-03
1.780000	0.153244E-03
1.790000	0.419921E-03
1.800000	0.925490E-03
1.810000	0.185787E-03
1.820000	-0.844246E-03
1.830000	-0.378778E-03
1.840000	-0.178355E-04
1.850000	-0.746255E-03
1.860000	-0.120150E-02
1.870000	-0.321877E-03
1.880000	0.678123E-03
1.890000	0.103987E-02
1.900000	0.104652E-02
1.910000	0.597926E-03
1.920000	0.612608E-03
1.930000	0.764274E-03
1.940000	0.124965E-03
1.950000	-0.312857E-03
1.960000	-0.462100E-03
1.970000	-0.288481E-03
1.980000	-0.509813E-04
1.990000	-0.337183E-03
2.000000	-0.420590E-03
2.010000	0.151785E-03
2.020000	0.970971E-03
2.030000	0.823937E-03
2.040000	-0.313340E-03
2.050000	-0.682458E-03
2.060000	-0.139135E-03
2.070000	0.524079E-04
2.080000	-0.504981E-03
2.090000	-0.110764E-02
2.100000	-0.668736E-03
2.110000	0.584422E-04
2.120000	0.927130E-03
2.130000	0.989368E-03
2.140000	-0.265304E-03
2.150000	-0.123746E-02
2.160000	-0.709887E-03
2.170000	0.325397E-03
2.180000	0.472187E-03
2.190000	-0.229960E-03
2.200000	0.101757E-03
2.210000	0.166139E-02
2.220000	0.194799E-02
2.230000	0.793330E-03
2.240000	-0.635411E-03
2.250000	-0.129004E-02
2.260000	-0.101936E-02
2.270000	-0.542121E-03
2.280000	-0.155843E-03
2.290000	-0.754397E-03
2.300000	-0.106731E-02
2.310000	-0.507961E-04
2.320000	0.972441E-03
2.330000	0.138707E-02
2.340000	0.128792E-02
2.350000	0.949265E-03
2.360000	0.583460E-03
2.370000	0.755007E-03
2.380000	0.132831E-02
2.390000	0.403850E-03
2.400000	-0.163937E-02
2.410000	-0.236955E-02
2.420000	-0.175108E-02
2.430000	-0.130918E-02
2.440000	-0.180144E-02
2.450000	-0.147231E-02
2.460000	0.215818E-03
2.470000	0.150754E-02
2.480000	0.135901E-02
2.490000	0.506117E-03
2.500000	0.513235E-03
2.510000	0.100248E-02
2.520000	0.129083E-02
2.530000	0.909646E-03
2.540000	-0.213384E-03
2.550000	-0.148426E-02
2.560000	-0.154747E-02
2.570000	-0.895765E-03
2.580000	-0.486342E-03
2.590000	0.310589E-03
2.600000	0.126958E-02
2.610000	0.927423E-03
2.620000	0.125002E-03
2.630000	0.618857E-03
2.640000	0.976145E-03
2.650000	0.371394E-03
2.660000	-0.552336E-03
2.670000	-0.631489E-03
2.680000	0.676132E-04
2.690000	0.206562E-04
2.700000	-0.149067E-03
2.710000	-0.221671E-03
2.720000	-0.175563E-04
2.730000	0.100693E-05
2.740000	-0.114789E-02
2.750000	-0.232151E-02
2.760000	-0.339445E-02
2.770000	-0.313643E-02
2.780000	-0.819930E-03
2.790000	0.224909E-02
2.800000	0.510519E-02
2.810000	0.604624E-02
2.820000	0.457862E-02
2.830000	0.122707E-02
2.840000	-0.121710E-02
2.850000	-0.478501E-03
2.860000	0.171173E-02
2.870000	0.212620E-02
2.880000	0.448210E-03
2.890000	-0.105312E-02
2.900000	-0.526730E-03
2.910000	0.131635E-02
2.920000	0.196849E-02
2.930000	0.581214E-03
2.940000	-0.180047E-02
2.950000	-0.276271E-02
2.960000	-0.166760E-02
2.970000	-0.907757E-04
2.980000	0.518263E-03
2.990000	0.150789E-02
3.000000	0.454197E-02
3.010000	0.629145E-02
3.020000	0.311084E-02
3.030000	-0.322762E-02
3.040000	-0.762676E-02
3.050000	-0.557134E-02
3.060000	0.550658E-03
3.070000	0.413906E-02
3.080000	0.175378E-02
3.090000	-0.303594E-02
3.100000	-0.471826E-02
3.110000	-0.340238E-02
3.120000	-0.148159E-02
3.130000	-0.206857E-02
3.140000	-0.554488E-02
3.150000	-0.537296E-02
3.160000	0.146724E-02
3.170000	0.787881E-02
3.180000	0.707162E-02
3.190000	0.132313E-02
3.200000	-0.124226E-02
3.210000	0.215884E-02
3.220000	0.552341E-02
3.230000	0.264931E-02
3.240000	-0.511331E-02
3.250000	-0.101186E-01
3.260000	-0.756697E-02
3.270000	0.294731E-03
3.280000	0.616282E-02
3.290000	0.416848E-02
3.300000	-0.219392E-02
3.310000	-0.543406E-02
3.320000	-0.431984E-02
3.330000	-0.293217E-02
3.340000	-0.401646E-02
3.350000	-0.418416E-02
3.360000	-0.102005E-02
3.370000	0.276709E-02
3.380000	0.368425E-02
3.390000	0.806036E-03
3.400000	-0.358037E-02
3.410000	-0.586499E-02
3.420000	-0.262074E-02
3.430000	0.325092E-02
3.440000	0.327306E-02
3.450000	-0.242828E-02
3.460000	-0.675170E-02
3.470000	-0.528394E-02
3.480000	0.667103E-03
3.490000	0.545852E-02
3.500000	0.450389E-02
3.510000	-0.150272E-02
3.520000	-0.662636E-02
3.530000	-0.644379E-02
3.540000	-0.803414E-03
3.550000	0.535830E-02
3.560000	0.604843E-02
3.570000	0.189900E-02
3.580000	-0.223853E-02
3.590000	-0.298046E-02
3.600000	-0.208822E-02
3.610000	-0.148059E-02
3.620000	-0.184355E-02
3.630000	-0.193994E-02
3.640000	-0.162234E-03
3.650000	0.481759E-02
3.660000	0.996537E-02
3.670000	0.985164E-02
3.680000	0.399421E-02
3.690000	-0.377644E-02
3.700000	-0.950875E-02
3.710000	-0.133539E-01
3.720000	-0.146274E-01
3.730000	-0.119321E-01
3.740000	-0.447172E-02
3.750000	0.514533E-02
3.760000	0.101786E-01
3.770000	0.694842E-02
3.780000	-0.725379E-03
3.790000	-0.492343E-02
3.800000	-0.327973E-03
3.810000	0.959861E-02
3.820000	0.145793E-01
3.830000	0.971680E-02
3.840000	-0.495594E-03
3.850000	-0.797848E-02
3.860000	-0.883020E-02
3.870000	-0.496522E-02
3.880000	-0.677031E-03
3.890000	0.646667E-03
3.900000	0.101270E-02
3.910000	0.333842E-02
3.920000	0.568911E-02
3.930000	0.439780E-02
3.940000	-0.138667E-02
3.950000	-0.767737E-02
3.960000	-0.112034E-01
3.970000	-0.111139E-01
3.980000	-0.827954E-02
3.990000	-0.424918E-02
4.000000	0.306529E-03
4.010000	0.560888E-02
4.020000	0.132297E-01
4.030000	0.231393E-01
4.040000	0.287876E-01
4.050000	0.236322E-01
4.060000	0.981477E-02
4.070000	-0.405300E-02
4.080000	-0.897036E-02
4.090000	-0.500163E-02
4.100000	-0.350896E-03
4.110000	-0.266658E-02
4.120000	-0.987894E-02
4.130000	-0.113633E-01
4.140000	-0.293799E-02
4.150000	0.766160E-02
4.160000	0.103432E-01
4.170000	0.314521E-02
4.180000	-0.268905E-02
4.190000	0.444909E-02
4.200000	0.213309E-01
4.210000	0.321204E-01
4.220000	0.243322E-01
4.230000	0.246116E-02
4.240000	-0.161302E-01
4.250000	-0.170246E-01
4.260000	-0.449794E-02
4.270000	0.556014E-02
4.280000	0.196056E-02
4.290000	-0.134111E-01
4.300000	-0.257232E-01
4.310000	-0.199910E-01
4.320000	-0.673805E-03
4.330000	0.145824E-01
4.340000	0.132373E-01
4.350000	-0.186573E-03
4.360000	-0.944435E-02
4.370000	-0.392694E-02
4.380000	0.131335E-01
4.390000	0.288238E-01
4.400000	0.336891E-01
4.410000	0.289805E-01
4.420000	0.229459E-01
4.430000	0.224855E-01
4.440000	0.270429E-01
4.450000	0.303863E-01
4.460000	0.273726E-01
4.470000	0.198996E-01
4.480000	0.137044E-01
4.490000	0.116043E-01
4.500000	0.906816E-02
4.510000	-0.197398E-02
4.520000	-0.235352E-01
4.530000	-0.493028E-01
4.540000	-0.708928E-01
4.550000	-0.819288E-01
4.560000	-0.769341E-01
4.570000	-0.526973E-01
4.580000	-0.134843E-01
4.590000	0.300765E-01
4.600000	0.674427E-01
4.610000	0.925244E-01
4.620000	0.105388E+00
4.630000	0.108240E+00
4.640000	0.100506E+00
4.650000	0.801222E-01
4.660000	0.513268E-01
4.670000	0.257076E-01
4.680000	0.996904E-02
4.690000	-0.397371E-02
4.700000	-0.284785E-01
4.710000	-0.634984E-01
4.720000	-0.956552E-01
4.730000	-0.111937E+00
4.740000	-0.112174E+00
4.750000	-0.108227E+00
4.760000	-0.111043E+00
4.770000	-0.116287E+00
4.780000	-0.108303E+00
4.790000	-0.781147E-01
4.800000	-0.364107E-01
4.810000	-0.273192E-02
4.820000	0.107993E-01
4.830000	0.630906E-02
4.840000	-0.360513E-02
4.850000	-0.216441E-02
4.860000	0.229394E-01
4.870000	0.685565E-01
4.880000	0.112342E+00
4.890000	0.131635E+00
4.900000	0.122792E+00
4.910000	0.101707E+00
4.920000	0.933706E-01
4.930000	0.111995E+00
4.940000	0.143675E+00
4.950000	0.158243E+00
4.960000	0.136963E+00
4.970000	0.910474E-01
4.980000	0.535651E-01
4.990000	0.484557E-01
5.000000	0.650945E-01
5.010000	0.684071E-01
5.020000	0.352170E-01
5.030000	-0.226615E-01
5.040000	-0.720929E-01
5.050000	-0.866703E-01
5.060000	-0.685705E-01
5.070000	-0.421708E-01
5.080000	-0.300228E-01
5.090000	-0.333824E-01
5.100000	-0.326668E-01
5.110000	-0.118620E-01
5.120000	0.222734E-01
5.130000	0.493444E-01
5.140000	0.551418E-01
5.150000	0.438471E-01
5.160000	0.323006E-01
5.170000	0.327350E-01
5.180000	0.413548E-01
5.190000	0.419413E-01
5.200000	0.195902E-01
5.210000	-0.294270E-01
5.220000	-0.928198E-01
5.230000	-0.147192E+00
5.240000	-0.170333E+00
5.250000	-0.153795E+00
5.260000	-0.113145E+00
5.270000	-0.798433E-01
5.280000	-0.743650E-01
5.290000	-0.910409E-01
5.300000	-0.107375E+00
5.310000	-0.109652E+00
5.320000	-0.103340E+00
5.330000	-0.101605E+00
5.340000	-0.105802E+00
5.350000	-0.969016E-01
5.360000	-0.557319E-01
5.370000	0.129913E-01
5.380000	0.841788E-01
5.390000	0.132672E+00
5.400000	0.148254E+00
5.410000	0.140301E+00
5.420000	0.125020E+00
5.430000	0.112018E+00
5.440000	0.103322E+00
5.450000	0.964782E-01
5.460000	0.875891E-01
5.470000	0.765069E-01
5.480000	0.716403E-01
5.490000	0.788618E-01
5.500000	0.876606E-01
5.510000	0.796176E-01
5.520000	0.469526E-01
5.530000	-0.267345E-02
5.540000	-0.522087E-01
5.550000	-0.865890E-01
5.560000	-0.104620E+00
5.570000	-0.112976E+00
5.580000	-0.112872E+00
5.590000	-0.991664E-01
5.600000	-0.692194E-01
5.610000	-0.331935E-01
5.620000	-0.139413E-01
5.630000	-0.298194E-01
5.640000	-0.758172E-01
5.650000	-0.127970E+00
5.660000	-0.164339E+00
5.670000	-0.178380E+00
5.680000	-0.176342E+00
5.690000	-0.165641E+00
5.700000	-0.145055E+00
5.710000	-0.110893E+00
5.720000	-0.653701E-01
5.730000	-0.148749E-01
5.740000	0.309047E-01
5.750000	0.633542E-01
5.760000	0.835320E-01
5.770000	0.990966E-01
5.780000	0.116769E+00
5.790000	0.134700E+00
5.800000	0.140987E+00
5.810000	0.123123E+00
5.820000	0.782014E-01
5.830000	0.106499E-01
5.840000	-0.646414E-01
5.850000	-0.120769E+00
5.860000	-0.138971E+00
5.870000	-0.125949E+00
5.880000	-0.103120E+00
5.890000	-0.871595E-01
5.900000	-0.830511E-01
5.910000	-0.859866E-01
5.920000	-0.894009E-01
5.930000	-0.925854E-01
5.940000	-0.971683E-01
5.950000	-0.100237E+00
5.960000	-0.973222E-01
5.970000	-0.883699E-01
5.980000	-0.778612E-01
5.990000	-0.748747E-01
6.000000	-0.845406E-01
6.010000	-0.101318E+00
6.020000	-0.114284E+00
6.030000	-0.118538E+00
6.040000	-0.118277E+00
6.050000	-0.117865E+00
6.060000	-0.114831E+00
6.070000	-0.995376E-01
6.080000	-0.632113E-01
6.090000	-0.726397E-02
6.100000	0.564411E-01
6.110000	0.113161E+00
6.120000	0.151806E+00
6.130000	0.170527E+00
6.140000	0.173697E+00
6.150000	0.164004E+00
6.160000	0.140629E+00
6.170000	0.105435E+00
6.180000	0.680604E-01
6.190000	0.441961E-01
6.200000	0.455614E-01
6.210000	0.721287E-01
6.220000	0.109722E+00
6.230000	0.140119E+00
6.240000	0.154811E+00
6.250000	0.159777E+00
6.260000	0.165104E+00
6.270000	0.173228E+00
6.280000	0.179757E+00
6.290000	0.180944E+00
6.300000	0.174832E+00
6.310000	0.159364E+00
6.320000	0.134519E+00
6.330000	0.102427E+00
6.340000	0.643406E-01
6.350000	0.243337E-01
6.360000	-0.104926E-01
6.370000	-0.351414E-01
6.380000	-0.488517E-01
6.390000	-0.532477E-01
6.400000	-0.487103E-01
6.410000	-0.354605E-01
6.420000	-0.167136E-01
6.430000	0.234790E-02
6.440000	0.160753E-01
6.450000	0.204243E-01
6.460000	0.148550E-01
6.470000	0.519475E-02
6.480000	-0.183865E-02
6.490000	-0.246732E-02
6.500000	0.698196E-02
6.510000	0.260552E-01
6.520000	0.432189E-01
6.530000	0.422311E-01
6.540000	0.159624E-01
6.550000	-0.274750E-01
6.560000	-0.729622E-01
6.570000	-0.105181E+00
6.580000	-0.117387E+00
6.590000	-0.118728E+00
6.600000	-0.124028E+00
6.610000	-0.136960E+00
6.620000	-0.142025E+00
6.630000	-0.119236E+00
6.640000	-0.647461E-01
6.650000	0.500700E-02
6.660000	0.640660E-01
6.670000	0.995976E-01
6.680000	0.118580E+00
6.690000	0.133547E+00
6.700000	0.147084E+00
6.710000	0.150760E+00
6.720000	0.137157E+00
6.730000	0.106937E+00
6.740000	0.685810E-01
6.750000	0.319739E-01
6.760000	-0.197263E-02
6.770000	-0.389412E-01
6.780000	-0.840930E-01
6.790000	-0.134048E+00
6.800000	-0.174013E+00
6.810000	-0.189831E+00
6.820000	-0.182348E+00
6.830000	-0.165682E+00
6.840000	-0.156370E+00
6.850000	-0.158311E+00
6.860000	-0.154379E+00
6.870000	-0.119402E+00
6.880000	-0.453317E-01
6.890000	0.489058E-01
6.900000	0.132614E+00
6.910000	0.184925E+00
6.920000	0.203564E+00
6.930000	0.198624E+00
6.940000	0.182846E+00
6.950000	0.166500E+00
6.960000	0.151412E+00
6.970000	0.129150E+00
6.980000	0.910939E-01
6.990000	0.426585E-01
7.000000	-0.940273E-03
7.010000	-0.291744E-01
7.020000	-0.386797E-01
7.030000	-0.317072E-01
7.040000	-0.179368E-01
7.050000	-0.571796E-02
7.060000	0.692746E-02
7.070000	0.324140E-01
7.080000	0.780302E-01
7.090000	0.134343E+00
7.100000	0.186636E+00
7.110000	0.226289E+00
7.120000	0.251570E+00
7.130000	0.263313E+00
7.140000	0.260805E+00
7.150000	0.244714E+00
7.160000	0.217327E+00
7.170000	0.182671E+00
7.180000	0.141594E+00
7.190000	0.844119E-01
7.200000	0.371227E-02
7.210000	-0.914954E-01
7.220000	-0.185699E+00
7.230000	-0.282098E+00
7.240000	-0.383733E+00
7.250000	-0.467971E+00
7.260000	-0.509338E+00
7.270000	-0.508859E+00
7.280000	-0.486429E+00
7.290000	-0.458776E+00
7.300000	-0.431944E+00
7.310000	-0.405394E+00
7.320000	-0.368552E+00
7.330000	-0.305140E+00
7.340000	-0.214578E+00
7.350000	-0.118813E+00
7.360000	-0.378537E-01
7.370000	0.291318E-01
7.380000	0.895129E-01
7.390000	0.146174E+00
7.400000	0.198108E+00
7.410000	0.240781E+00
7.420000	0.266533E+00
7.430000	0.267562E+00
7.440000	0.249194E+00
7.450000	0.229018E+00
7.460000	0.215577E+00
7.470000	0.208090E+00
7.480000	0.204295E+00
7.490000	0.197531E+00
7.500000	0.179590E+00
7.510000	0.148868E+00
7.520000	0.113797E+00
7.530000	0.823324E-01
7.540000	0.585998E-01
7.550000	0.461915E-01
7.560000	0.475781E-01
7.570000	0.605073E-01
7.580000	0.799305E-01
7.590000	0.101122E+00
7.600000	0.121411E+00
7.610000	0.139439E+00
7.620000	0.151309E+00
7.630000	0.151498E+00
7.640000	0.135314E+00
7.650000	0.101668E+00
7.660000	0.519411E-01
7.670000	-0.903392E-02
7.680000	-0.744335E-01
7.690000	-0.139166E+00
7.700000	-0.199785E+00
7.710000	-0.251755E+00
7.720000	-0.291232E+00
7.730000	-0.317545E+00
7.740000	-0.333082E+00
7.750000	-0.344349E+00
7.760000	-0.353419E+00
7.770000	-0.355343E+00
7.780000	-0.345431E+00
7.790000	-0.326692E+00
7.800000	-0.306758E+00
7.810000	-0.284672E+00
7.820000	-0.248252E+00
7.830000	-0.191138E+00
7.840000	-0.123683E+00
7.850000	-0.598881E-01
7.860000	-0.704558E-02
7.870000	0.279718E-01
7.880000	0.456325E-01
7.890000	0.583664E-01
7.900000	0.804237E-01
7.910000	0.114498E+00
7.920000	0.155898E+00
7.930000	0.196730E+00
7.940000	0.230548E+00
7.950000	0.256694E+00
7.960000	0.277104E+00
7.970000	0.291140E+00
7.980000	0.295837E+00
7.990000	0.290413E+00
8.000000	0.279742E+00
8.010000	0.272661E+00
8.020000	0.274299E+00
8.030000	0.279583E+00
8.040000	0.273761E+00
8.050000	0.238543E+00
8.060000	0.169873E+00
8.070000	0.845383E-01
8.080000	-0.874012E-03
8.090000	-0.830003E-01
8.100000	-0.164097E+00
8.110000	-0.242546E+00
8.120000	-0.308896E+00
8.130000	-0.351724E+00
8.140000	-0.367961E+00
8.150000	-0.365118E+00
8.160000	-0.355598E+00
8.170000	-0.347170E+00
8.180000	-0.338957E+00
8.190000	-0.321895E+00
8.200000	-0.284867E+00
8.210000	-0.222603E+00
8.220000	-0.147580E+00
8.230000	-0.901798E-01
8.240000	-0.665484E-01
8.250000	-0.610838E-01
8.260000	-0.565271E-01
8.270000	-0.484895E-01
8.280000	-0.330314E-01
8.290000	-0.749258E-02
8.300000	0.249032E-01
8.310000	0.609716E-01
8.320000	0.101059E+00
8.330000	0.144243E+00
8.340000	0.185909E+00
8.350000	0.220368E+00
8.360000	0.244490E+00
8.370000	0.261081E+00
8.380000	0.275993E+00
8.390000	0.293069E+00
8.400000	0.313574E+00
8.410000	0.334162E+00
8.420000	0.348267E+00
8.430000	0.354628E+00
8.440000	0.353994E+00
8.450000	0.346587E+00
8.460000	0.330906E+00
8.470000	0.296639E+00
8.480000	0.235615E+00
8.490000	0.161759E+00
8.500000	0.975723E-01
8.510000	0.465785E-01
8.520000	-0.513727E-03
8.530000	-0.462194E-01
8.540000	-0.907477E-01
8.550000	-0.132144E+00
8.560000	-0.161472E+00
8.570000	-0.177844E+00
8.580000	-0.188678E+00
8.590000	-0.203362E+00
8.600000	-0.222324E+00
8.610000	-0.240481E+00
8.620000	-0.255200E+00
8.630000	-0.259654E+00
8.640000	-0.252388E+00
8.650000	-0.237133E+00
8.660000	-0.220058E+00
8.670000	-0.206622E+00
8.680000	-0.197792E+00
8.690000	-0.189342E+00
8.700000	-0.181180E+00
8.710000	-0.174718E+00
8.720000	-0.169100E+00
8.730000	-0.167035E+00
8.740000	-0.176055E+00
8.750000	-0.199074E+00
8.760000	-0.228430E+00
8.770000	-0.253572E+00
8.780000	-0.270155E+00
8.790000	-0.273061E+00
8.800000	-0.252185E+00
8.810000	-0.204624E+00
8.820000	-0.140115E+00
8.830000	-0.695259E-01
8.840000	0.349529E-02
8.850000	0.792984E-01
8.860000	0.158008E+00
8.870000	0.236897E+00
8.880000	0.309024E+00
8.890000	0.368426E+00
8.900000	0.413635E+00
8.910000	0.447436E+00
8.920000	0.473231E+00
8.930000	0.492504E+00
8.940000	0.502973E+00
8.950000	0.500908E+00
8.960000	0.486803E+00
8.970000	0.463550E+00
8.980000	0.433409E+00
8.990000	0.401421E+00
9.000000	0.369276E+00
9.010000	0.327836E+00
9.020000	0.262995E+00
9.030000	0.173788E+00
9.040000	0.747445E-01
9.050000	-0.152305E-01
9.060000	-0.819496E-01
9.070000	-0.126147E+00
9.080000	-0.157502E+00
9.090000	-0.187147E+00
9.100000	-0.222917E+00
9.110000	-0.260043E+00
9.120000	-0.284140E+00
9.130000	-0.286140E+00
9.140000	-0.266607E+00
9.150000	-0.231032E+00
9.160000	-0.182438E+00
9.170000	-0.120116E+00
9.180000	-0.503407E-01
9.190000	0.470876E-02
9.200000	0.230852E-01
9.210000	0.926588E-02
9.220000	-0.101016E-01
9.230000	-0.187579E-01
9.240000	-0.212954E-01
9.250000	-0.265169E-01
9.260000	-0.373902E-01
9.270000	-0.561769E-01
9.280000	-0.842332E-01
9.290000	-0.116634E+00
9.300000	-0.142230E+00
9.310000	-0.150648E+00
9.320000	-0.136774E+00
9.330000	-0.102166E+00
9.340000	-0.539048E-01
9.350000	-0.114691E-02
9.360000	0.510252E-01
9.370000	0.993621E-01
9.380000	0.137317E+00
9.390000	0.162556E+00
9.400000	0.181508E+00
9.410000	0.201064E+00
9.420000	0.219451E+00
9.430000	0.233420E+00
9.440000	0.242890E+00
9.450000	0.249132E+00
9.460000	0.249980E+00
9.470000	0.239813E+00
9.480000	0.214234E+00
9.490000	0.171856E+00
9.500000	0.114159E+00
9.510000	0.475200E-01
9.520000	-0.154135E-01
9.530000	-0.630937E-01
9.540000	-0.947688E-01
9.550000	-0.113744E+00
9.560000	-0.122304E+00
9.570000	-0.123184E+00
9.580000	-0.121114E+00
9.590000	-0.119809E+00
9.600000	-0.116379E+00
9.610000	-0.101228E+00
9.620000	-0.713459E-01
9.630000	-0.370156E-01
9.640000	-0.103899E-01
9.650000	0.354630E-02
9.660000	0.706425E-02
9.670000	0.726384E-02
9.680000	0.483011E-02
9.690000	-0.891684E-02
9.700000	-0.332816E-01
9.710000	-0.567950E-01
9.720000	-0.708160E-01
9.730000	-0.748747E-01
9.740000	-0.737248E-01
9.750000	-0.728380E-01
9.760000	-0.755490E-01
9.770000	-0.814586E-01
9.780000	-0.877743E-01
9.790000	-0.927729E-01
9.800000	-0.947038E-01
9.810000	-0.882357E-01
9.820000	-0.678205E-01
9.830000	-0.360198E-01
9.840000	-0.424241E-02
9.850000	0.160396E-01
9.860000	0.254756E-01
9.870000	0.311180E-01
9.880000	0.355031E-01
9.890000	0.411730E-01
9.900000	0.516532E-01
9.910000	0.660610E-01
9.920000	0.817688E-01
9.930000	0.953675E-01
9.940000	0.104738E+00
9.950000	0.112859E+00
9.960000	0.124046E+00
9.970000	0.136661E+00
9.980000	0.144646E+00
9.990000	0.143773E+00
10.000000	0.134155E+00
10.010000	0.122963E+00
10.020000	0.118013E+00
10.030000	0.120197E+00
10.040000	0.125788E+00
10.050000	0.128297E+00
10.060000	0.121070E+00
10.070000	0.996675E-01
10.080000	0.648594E-01
10.090000	0.213747E-01
10.100000	-0.236319E-01
10.110000	-0.648768E-01
10.120000	-0.968403E-01
10.130000	-0.115276E+00
10.140000	-0.123700E+00
10.150000	-0.134282E+00
10.160000	-0.155660E+00
10.170000	-0.187237E+00
10.180000	-0.223529E+00
10.190000	-0.258786E+00
10.200000	-0.288078E+00
10.210000	-0.305737E+00
10.220000	-0.305719E+00
10.230000	-0.287108E+00
10.240000	-0.257784E+00
10.250000	-0.225020E+00
10.260000	-0.189767E+00
10.270000	-0.152627E+00
10.280000	-0.115669E+00
10.290000	-0.854286E-01
10.300000	-0.660100E-01
10.310000	-0.596274E-01
10.320000	-0.679728E-01
10.330000	-0.858942E-01
10.340000	-0.101445E+00
10.350000	-0.105149E+00
10.360000	-0.970215E-01
10.370000	-0.860188E-01
10.380000	-0.834130E-01
10.390000	-0.944961E-01
10.400000	-0.114412E+00
10.410000	-0.132709E+00
10.420000	-0.142335E+00
10.430000	-0.142527E+00
10.440000	-0.136315E+00
10.450000	-0.126120E+00
10.460000	-0.114169E+00
10.470000	-0.102012E+00
10.480000	-0.902326E-01
10.490000	-0.751453E-01
10.500000	-0.539077E-01
10.510000	-0.265114E-01
10.520000	0.423267E-02
10.530000	0.325271E-01
10.540000	0.537581E-01
10.550000	0.683580E-01
10.560000	0.788224E-01
10.570000	0.850650E-01
10.580000	0.867770E-01
10.590000	0.847480E-01
10.600000	0.809805E-01
10.610000	0.767802E-01
10.620000	0.701275E-01
10.630000	0.590604E-01
10.640000	0.463228E-01
10.650000	0.347989E-01
10.660000	0.252949E-01
10.670000	0.235114E-01
10.680000	0.350618E-01
10.690000	0.575743E-01
10.700000	0.833345E-01
10.710000	0.106778E+00
10.720000	0.127621E+00
10.730000	0.149116E+00
10.740000	0.172840E+00
10.750000	0.195327E+00
10.760000	0.208352E+00
10.770000	0.208315E+00
10.780000	0.199139E+00
10.790000	0.184808E+00
10.800000	0.169123E+00
10.810000	0.154298E+00
10.820000	0.139081E+00
10.830000	0.121443E+00
10.840000	0.103540E+00
10.850000	0.898556E-01
10.860000	0.826542E-01
10.870000	0.799854E-01
10.880000	0.784200E-01
10.890000	0.759962E-01
10.900000	0.717417E-01
10.910000	0.615536E-01
10.920000	0.407416E-01
10.930000	0.106809E-01
10.940000	-0.235550E-01
10.950000	-0.564394E-01
10.960000	-0.842079E-01
10.970000	-0.109813E+00
10.980000	-0.137210E+00
10.990000	-0.162228E+00
11.000000	-0.179408E+00
11.010000	-0.189535E+00
11.020000	-0.197748E+00
11.030000	-0.208170E+00
11.040000	-0.219385E+00
11.050000	-0.226526E+00
11.060000	-0.224675E+00
11.070000	-0.207810E+00
11.080000	-0.170306E+00
11.090000	-0.117121E+00
11.100000	-0.634861E-01
11.110000	-0.223437E-01
11.120000	0.433548E-02
11.130000	0.214172E-01
11.140000	0.325403E-01
11.150000	0.421050E-01
11.160000	0.583919E-01
11.170000	0.852404E-01
11.180000	0.118899E+00
11.190000	0.153661E+00
11.200000	0.182905E+00
11.210000	0.202712E+00
11.220000	0.213256E+00
11.230000	0.213506E+00
11.240000	0.198864E+00
11.250000	0.167899E+00
11.260000	0.125442E+00
11.270000	0.849899E-01
11.280000	0.594583E-01
11.290000	0.499738E-01
11.300000	0.499967E-01
11.310000	0.560858E-01
11.320000	0.677700E-01
11.330000	0.819575E-01
11.340000	0.942239E-01
11.350000	0.998950E-01
11.360000	0.932483E-01
11.370000	0.745128E-01
11.380000	0.535051E-01
11.390000	0.362798E-01
11.400000	0.197737E-01
11.410000	-0.122353E-02
11.420000	-0.270846E-01
11.430000	-0.558038E-01
11.440000	-0.845091E-01
11.450000	-0.107693E+00
11.460000	-0.120642E+00
11.470000	-0.124388E+00
11.480000	-0.124752E+00
11.490000	-0.126784E+00
11.500000	-0.134322E+00
11.510000	-0.147009E+00
11.520000	-0.159832E+00
11.530000	-0.168156E+00
11.540000	-0.166927E+00
11.550000	-0.148700E+00
11.560000	-0.110917E+00
11.570000	-0.623741E-01
11.580000	-0.154876E-01
11.590000	0.246633E-01
11.600000	0.562224E-01
11.610000	0.760469E-01
11.620000	0.832492E-01
11.630000	0.790319E-01
11.640000	0.655197E-01
11.650000	0.467364E-01
11.660000	0.298645E-01
11.670000	0.217758E-01
11.680000	0.235105E-01
11.690000	0.306383E-01
11.700000	0.394045E-01
11.710000	0.492530E-01
11.720000	0.620100E-01
11.730000	0.781554E-01
11.740000	0.948001E-01
11.750000	0.109916E+00
11.760000	0.121916E+00
11.770000	0.129530E+00
11.780000	0.135549E+00
11.790000	0.145126E+00
11.800000	0.157350E+00
11.810000	0.165849E+00
11.820000	0.165814E+00
11.830000	0.153734E+00
11.840000	0.126389E+00
11.850000	0.890951E-01
11.860000	0.555842E-01
11.870000	0.346881E-01
11.880000	0.245106E-01
11.890000	0.186747E-01
11.900000	0.159008E-01
11.910000	0.180372E-01
11.920000	0.266219E-01
11.930000	0.408672E-01
11.940000	0.557473E-01
11.950000	0.658410E-01
11.960000	0.682771E-01
11.970000	0.637214E-01
11.980000	0.523545E-01
11.990000	0.358082E-01
12.000000	0.219734E-01
12.010000	0.153545E-01
12.020000	0.111233E-01
12.030000	0.215228E-02
12.040000	-0.155808E-01
12.050000	-0.415678E-01
12.060000	-0.707767E-01
12.070000	-0.958433E-01
12.080000	-0.114076E+00
12.090000	-0.126612E+00
12.100000	-0.132762E+00
12.110000	-0.129117E+00
12.120000	-0.113740E+00
12.130000	-0.922062E-01
12.140000	-0.751354E-01
12.150000	-0.663575E-01
12.160000	-0.621813E-01
12.170000	-0.590639E-01
12.180000	-0.555018E-01
12.190000	-0.505709E-01
12.200000	-0.447331E-01
12.210000	-0.391453E-01
12.220000	-0.313850E-01
12.230000	-0.194958E-01
12.240000	-0.554960E-02
12.250000	0.613610E-02
12.260000	0.132835E-01
12.270000	0.169991E-01
12.280000	0.199125E-01
12.290000	0.209263E-01
12.300000	0.170785E-01
12.310000	0.684423E-02
12.320000	-0.813867E-02
12.330000	-0.231419E-01
12.340000	-0.340022E-01
12.350000	-0.397597E-01
12.360000	-0.416811E-01
12.370000	-0.418719E-01
12.380000	-0.419596E-01
12.390000	-0.442543E-01
12.400000	-0.510514E-01
12.410000	-0.622967E-01
12.420000	-0.756498E-01
12.430000	-0.868007E-01
12.440000	-0.933060E-01
12.450000	-0.929474E-01
12.460000	-0.866438E-01
12.470000	-0.791218E-01
12.480000	-0.741889E-01
12.490000	-0.729383E-01
12.500000	-0.745049E-01
12.510000	-0.770711E-01
12.520000	-0.758982E-01
12.530000	-0.673101E-01
12.540000	-0.548498E-01
12.550000	-0.437760E-01
12.560000	-0.377172E-01
12.570000	-0.406140E-01
12.580000	-0.504951E-01
12.590000	-0.598609E-01
12.600000	-0.631916E-01
12.610000	-0.606055E-01
12.620000	-0.533033E-01
12.630000	-0.417896E-01
12.640000	-0.264288E-01
12.650000	-0.835470E-02
12.660000	0.116251E-01
12.670000	0.341214E-01
12.680000	0.593228E-01
12.690000	0.848380E-01
12.700000	0.109323E+00
12.710000	0.130916E+00
12.720000	0.148624E+00
12.730000	0.161005E+00
12.740000	0.162980E+00
12.750000	0.151619E+00
12.760000	0.128069E+00
12.770000	0.959135E-01
12.780000	0.585094E-01
12.790000	0.203804E-01
12.800000	-0.135561E-01
12.810000	-0.399516E-01
12.820000	-0.566371E-01
12.830000	-0.626110E-01
12.840000	-0.604507E-01
12.850000	-0.566159E-01
12.860000	-0.537826E-01
12.870000	-0.463973E-01
12.880000	-0.324424E-01
12.890000	-0.196209E-01
12.900000	-0.127629E-01
12.910000	-0.105777E-01
12.920000	-0.133664E-01
12.930000	-0.226596E-01
12.940000	-0.375028E-01
12.950000	-0.532330E-01
12.960000	-0.660223E-01
12.970000	-0.773195E-01
12.980000	-0.867328E-01
12.990000	-0.872326E-01
13.000000	-0.753043E-01
13.010000	-0.572222E-01
13.020000	-0.445465E-01
13.030000	-0.462043E-01
13.040000	-0.589257E-01
13.050000	-0.716890E-01
13.060000	-0.778136E-01
13.070000	-0.770948E-01
13.080000	-0.731893E-01
13.090000	-0.684446E-01
13.100000	-0.625346E-01
13.110000	-0.561483E-01
13.120000	-0.515605E-01
13.130000	-0.485644E-01
13.140000	-0.447102E-01
13.150000	-0.368658E-01
13.160000	-0.230333E-01
13.170000	-0.555058E-02
13.180000	0.105265E-01
13.190000	0.234965E-01
13.200000	0.353872E-01
13.210000	0.492296E-01
13.220000	0.653034E-01
13.230000	0.799171E-01
13.240000	0.896938E-01
13.250000	0.929117E-01
13.260000	0.879515E-01
13.270000	0.761847E-01
13.280000	0.607537E-01
13.290000	0.453408E-01
13.300000	0.348100E-01
13.310000	0.303638E-01
13.320000	0.285588E-01
13.330000	0.262061E-01
13.340000	0.217979E-01
13.350000	0.172778E-01
13.360000	0.171389E-01
13.370000	0.210758E-01
13.380000	0.254901E-01
13.390000	0.291629E-01
13.400000	0.318915E-01
13.410000	0.328116E-01
13.420000	0.336790E-01
13.430000	0.359802E-01
13.440000	0.400549E-01
13.450000	0.489858E-01
13.460000	0.645634E-01
13.470000	0.816214E-01
13.480000	0.936253E-01
13.490000	0.995080E-01
13.500000	0.102504E+00
13.510000	0.106996E+00
13.520000	0.114486E+00
13.530000	0.122278E+00
13.540000	0.125528E+00
13.550000	0.122434E+00
13.560000	0.111874E+00
13.570000	0.931371E-01
13.580000	0.685423E-01
13.590000	0.420352E-01
13.600000	0.182203E-01
13.610000	0.736222E-03
13.620000	-0.100245E-01
13.630000	-0.152813E-01
13.640000	-0.166437E-01
13.650000	-0.186276E-01
13.660000	-0.256402E-01
13.670000	-0.366059E-01
13.680000	-0.485742E-01
13.690000	-0.612869E-01
13.700000	-0.755471E-01
13.710000	-0.920333E-01
13.720000	-0.110242E+00
13.730000	-0.126332E+00
13.740000	-0.137041E+00
13.750000	-0.142491E+00
13.760000	-0.144189E+00
13.770000	-0.142596E+00
13.780000	-0.138658E+00
13.790000	-0.131348E+00
13.800000	-0.117660E+00
13.810000	-0.968627E-01
13.820000	-0.718415E-01
13.830000	-0.486090E-01
13.840000	-0.323250E-01
13.850000	-0.223284E-01
13.860000	-0.157274E-01
13.870000	-0.122444E-01
13.880000	-0.111742E-01
13.890000	-0.973340E-02
13.900000	-0.914516E-02
13.910000	-0.138667E-01
13.920000	-0.243856E-01
13.930000	-0.371690E-01
13.940000	-0.471144E-01
13.950000	-0.508085E-01
13.960000	-0.485157E-01
13.970000	-0.422228E-01
13.980000	-0.334613E-01
13.990000	-0.241455E-01
14.000000	-0.134116E-01
14.010000	-0.742411E-04
14.020000	0.139476E-01
14.030000	0.272554E-01
14.040000	0.403439E-01
14.050000	0.526226E-01
14.060000	0.640817E-01
14.070000	0.757073E-01
14.080000	0.852795E-01
14.090000	0.906854E-01
14.100000	0.918889E-01
14.110000	0.896403E-01
14.120000	0.836376E-01
14.130000	0.744904E-01
14.140000	0.641540E-01
14.150000	0.555432E-01
14.160000	0.484363E-01
14.170000	0.393194E-01
14.180000	0.298331E-01
14.190000	0.257922E-01
14.200000	0.291668E-01
14.210000	0.372821E-01
14.220000	0.480925E-01
14.230000	0.588433E-01
14.240000	0.679892E-01
14.250000	0.765444E-01
14.260000	0.831950E-01
14.270000	0.855425E-01
14.280000	0.831341E-01
14.290000	0.742112E-01
14.300000	0.593755E-01
14.310000	0.421060E-01
14.320000	0.261043E-01
14.330000	0.143798E-01
14.340000	0.850819E-02
14.350000	0.739264E-02
14.360000	0.100814E-01
14.370000	0.159076E-01
14.380000	0.210181E-01
14.390000	0.214381E-01
14.400000	0.168517E-01
14.410000	0.923291E-02
14.420000	-0.380203E-03
14.430000	-0.107261E-01
14.440000	-0.192850E-01
14.450000	-0.222095E-01
14.460000	-0.188462E-01
14.470000	-0.112361E-01
14.480000	-0.222261E-02
14.490000	0.517155E-02
14.500000	0.960480E-02
14.510000	0.112488E-01
14.520000	0.120497E-01
14.530000	0.112543E-01
14.540000	0.537896E-02
14.550000	-0.435908E-02
14.560000	-0.131473E-01
14.570000	-0.190804E-01
14.580000	-0.235619E-01
14.590000	-0.295742E-01
14.600000	-0.387501E-01
14.610000	-0.491583E-01
14.620000	-0.573638E-01
14.630000	-0.610583E-01
14.640000	-0.611525E-01
14.650000	-0.595514E-01
14.660000	-0.574678E-01
14.670000	-0.544174E-01
14.680000	-0.509170E-01
14.690000	-0.494087E-01
14.700000	-0.491061E-01
14.710000	-0.485237E-01
14.720000	-0.492945E-01
14.730000	-0.514507E-01
14.740000	-0.527160E-01
14.750000	-0.510627E-01
14.760000	-0.467462E-01
14.770000	-0.424188E-01
14.780000	-0.377591E-01
14.790000	-0.303465E-01
14.800000	-0.193765E-01
14.810000	-0.676328E-02
14.820000	0.750610E-02
14.830000	0.225676E-01
14.840000	0.340351E-01
14.850000	0.388075E-01
14.860000	0.376201E-01
14.870000	0.309664E-01
14.880000	0.195203E-01
14.890000	0.574764E-02
14.900000	-0.636697E-02
14.910000	-0.144961E-01
14.920000	-0.194543E-01
14.930000	-0.227140E-01
14.940000	-0.260530E-01
14.950000	-0.308670E-01
14.960000	-0.357774E-01
14.970000	-0.382535E-01
14.980000	-0.376975E-01
14.990000	-0.359750E-01
15.000000	-0.353180E-01
15.010000	-0.378065E-01
15.020000	-0.438885E-01
15.030000	-0.505248E-01
15.040000	-0.530762E-01
15.050000	-0.478165E-01
15.060000	-0.339939E-01
15.070000	-0.146585E-01
15.080000	0.434702E-02
15.090000	0.195105E-01
15.100000	0.325919E-01
15.110000	0.458471E-01
15.120000	0.573552E-01
15.130000	0.627327E-01
15.140000	0.583115E-01
15.150000	0.435679E-01
15.160000	0.231934E-01
15.170000	0.490721E-02
15.180000	-0.717705E-02
15.190000	-0.147665E-01
15.200000	-0.199608E-01
15.210000	-0.243762E-01
15.220000	-0.308251E-01
15.230000	-0.396294E-01
15.240000	-0.457796E-01
15.250000	-0.433420E-01
15.260000	-0.353408E-01
15.270000	-0.284601E-01
15.280000	-0.258093E-01
15.290000	-0.268206E-01
15.300000	-0.275466E-01
15.310000	-0.242914E-01
15.320000	-0.178135E-01
15.330000	-0.136385E-01
15.340000	-0.158812E-01
15.350000	-0.241061E-01
15.360000	-0.345669E-01
15.370000	-0.417634E-01
15.380000	-0.430429E-01
15.390000	-0.410840E-01
15.400000	-0.384590E-01
15.410000	-0.373277E-01
15.420000	-0.375838E-01
15.430000	-0.365754E-01
15.440000	-0.331622E-01
15.450000	-0.291628E-01
15.460000	-0.271263E-01
15.470000	-0.296349E-01
15.480000	-0.344302E-01
15.490000	-0.363913E-01
15.500000	-0.362581E-01
15.510000	-0.383943E-01
15.520000	-0.421670E-01
15.530000	-0.453569E-01
15.540000	-0.495562E-01
15.550000	-0.562154E-01
15.560000	-0.638030E-01
15.570000	-0.708697E-01
15.580000	-0.745603E-01
15.590000	-0.698424E-01
15.600000	-0.517576E-01
15.610000	-0.198839E-01
15.620000	0.193904E-01
15.630000	0.577058E-01
15.640000	0.892163E-01
15.650000	0.112220E+00
15.660000	0.126881E+00
15.670000	0.135801E+00
15.680000	0.140721E+00
15.690000	0.139864E+00
15.700000	0.132548E+00
15.710000	0.120709E+00
15.720000	0.107104E+00
15.730000	0.942997E-01
15.740000	0.818067E-01
15.750000	0.667070E-01
15.760000	0.480659E-01
15.770000	0.281649E-01
15.780000	0.102046E-01
15.790000	-0.624061E-02
15.800000	-0.202798E-01
15.810000	-0.274294E-01
15.820000	-0.246390E-01
15.830000	-0.133720E-01
15.840000	0.132976E-02
15.850000	0.146348E-01
15.860000	0.264227E-01
15.870000	0.377249E-01
15.880000	0.461475E-01
15.890000	0.491746E-01
15.900000	0.456047E-01
15.910000	0.371585E-01
15.920000	0.284459E-01
15.930000	0.224706E-01
15.940000	0.187212E-01
15.950000	0.174687E-01
15.960000	0.198474E-01
15.970000	0.255815E-01
15.980000	0.331969E-01
15.990000	0.394800E-01
16.000000	0.444340E-01
16.010000	0.535018E-01
16.020000	0.707098E-01
16.030000	0.933179E-01
16.040000	0.115253E+00
16.050000	0.130649E+00
16.060000	0.136669E+00
16.070000	0.131116E+00
16.080000	0.114099E+00
16.090000	0.915043E-01
16.100000	0.713513E-01
16.110000	0.564420E-01
16.120000	0.445564E-01
16.130000	0.341666E-01
16.140000	0.250530E-01
16.150000	0.186801E-01
16.160000	0.171888E-01
16.170000	0.217197E-01
16.180000	0.315424E-01
16.190000	0.420486E-01
16.200000	0.472203E-01
16.210000	0.440737E-01
16.220000	0.321870E-01
16.230000	0.160260E-01
16.240000	0.429297E-02
16.250000	0.173568E-02
16.260000	0.640043E-02
16.270000	0.144579E-01
16.280000	0.218086E-01
16.290000	0.251214E-01
16.300000	0.269020E-01
16.310000	0.305535E-01
16.320000	0.368772E-01
16.330000	0.447969E-01
16.340000	0.511158E-01
16.350000	0.522469E-01
16.360000	0.443406E-01
16.370000	0.259359E-01
16.380000	0.165819E-02
16.390000	-0.227006E-01
16.400000	-0.434125E-01
16.410000	-0.602306E-01
16.420000	-0.740163E-01
16.430000	-0.834823E-01
16.440000	-0.860608E-01
16.450000	-0.790514E-01
16.460000	-0.636784E-01
16.470000	-0.453300E-01
16.480000	-0.289504E-01
16.490000	-0.185076E-01
16.500000	-0.143002E-01
16.510000	-0.130042E-01
16.520000	-0.119547E-01
16.530000	-0.926492E-02
16.540000	-0.604061E-02
16.550000	-0.516995E-02
16.560000	-0.959147E-02
16.570000	-0.188721E-01
16.580000	-0.276531E-01
16.590000	-0.326735E-01
16.600000	-0.342477E-01
16.610000	-0.344554E-01
16.620000	-0.361479E-01
16.630000	-0.399240E-01
16.640000	-0.458482E-01
16.650000	-0.534398E-01
16.660000	-0.604334E-01
16.670000	-0.633122E-01
16.680000	-0.594664E-01
16.690000	-0.473337E-01
16.700000	-0.292137E-01
16.710000	-0.116215E-01
16.720000	0.456962E-03
16.730000	0.627429E-02
16.740000	0.774437E-02
16.750000	0.651180E-02
16.760000	0.395459E-02
16.770000	-0.627765E-03
16.780000	-0.876147E-02
16.790000	-0.207619E-01
16.800000	-0.361890E-01
16.810000	-0.532659E-01
16.820000	-0.684936E-01
16.830000	-0.788101E-01
16.840000	-0.811065E-01
16.850000	-0.739977E-01
16.860000	-0.609974E-01
16.870000	-0.477926E-01
16.880000	-0.394602E-01
16.890000	-0.373046E-01
16.900000	-0.386974E-01
16.910000	-0.422694E-01
16.920000	-0.501610E-01
16.930000	-0.622961E-01
16.940000	-0.740895E-01
16.950000	-0.801539E-01
16.960000	-0.792509E-01
16.970000	-0.733535E-01
16.980000	-0.635262E-01
16.990000	-0.502508E-01
17.000000	-0.340628E-01
17.010000	-0.153637E-01
17.020000	0.324784E-02
17.030000	0.193395E-01
17.040000	0.318951E-01
17.050000	0.404961E-01
17.060000	0.441712E-01
17.070000	0.435518E-01
17.080000	0.415379E-01
17.090000	0.416523E-01
17.100000	0.451886E-01
17.110000	0.499153E-01
17.120000	0.520028E-01
17.130000	0.506440E-01
17.140000	0.480353E-01
17.150000	0.473188E-01
17.160000	0.493043E-01
17.170000	0.518448E-01
17.180000	0.523010E-01
17.190000	0.472063E-01
17.200000	0.350372E-01
17.210000	0.178611E-01
17.220000	0.834137E-03
17.230000	-0.107797E-01
17.240000	-0.154849E-01
17.250000	-0.152110E-01
17.260000	-0.132702E-01
17.270000	-0.116094E-01
17.280000	-0.116262E-01
17.290000	-0.121689E-01
17.300000	-0.101180E-01
17.310000	-0.568405E-02
17.320000	-0.208289E-02
17.330000	0.557590E-04
17.340000	0.162399E-02
17.350000	0.192565E-02
17.360000	-0.136816E-02
17.370000	-0.878333E-02
17.380000	-0.177856E-01
17.390000	-0.250816E-01
17.400000	-0.293133E-01
17.410000	-0.319429E-01
17.420000	-0.339421E-01
17.430000	-0.360237E-01
17.440000	-0.359843E-01
17.450000	-0.328384E-01
17.460000	-0.292507E-01
17.470000	-0.281118E-01
17.480000	-0.297137E-01
17.490000	-0.337350E-01
17.500000	-0.389880E-01
17.510000	-0.428618E-01
17.520000	-0.436190E-01
17.530000	-0.399281E-01
17.540000	-0.312055E-01
17.550000	-0.182576E-01
17.560000	-0.426319E-02
17.570000	0.742407E-02
17.580000	0.157264E-01
17.590000	0.219113E-01
17.600000	0.270169E-01
17.610000	0.309558E-01
17.620000	0.345340E-01
17.630000	0.385672E-01
17.640000	0.422544E-01
17.650000	0.471194E-01
17.660000	0.534640E-01
17.670000	0.597579E-01
17.680000	0.649068E-01
17.690000	0.678573E-01
17.700000	0.692482E-01
17.710000	0.708224E-01
17.720000	0.719065E-01
17.730000	0.731446E-01
17.740000	0.751617E-01
17.750000	0.766236E-01
17.760000	0.754927E-01
17.770000	0.712463E-01
17.780000	0.646601E-01
17.790000	0.565697E-01
17.800000	0.476804E-01
17.810000	0.384213E-01
17.820000	0.299842E-01
17.830000	0.244052E-01
17.840000	0.217354E-01
17.850000	0.222608E-01
17.860000	0.257943E-01
17.870000	0.280424E-01
17.880000	0.250716E-01
17.890000	0.168941E-01
17.900000	0.717150E-02
17.910000	-0.178008E-02
17.920000	-0.108021E-01
17.930000	-0.186234E-01
17.940000	-0.226708E-01
17.950000	-0.213233E-01
17.960000	-0.162128E-01
17.970000	-0.938059E-02
17.980000	-0.129346E-02
17.990000	0.727919E-02
18.000000	0.159302E-01
18.010000	0.247955E-01
18.020000	0.329551E-01
18.030000	0.382595E-01
18.040000	0.402237E-01
18.050000	0.399568E-01
18.060000	0.363668E-01
18.070000	0.290175E-01
18.080000	0.212000E-01
18.090000	0.156335E-01
18.100000	0.119522E-01
18.110000	0.766412E-02
18.120000	-0.175088E-03
18.130000	-0.107834E-01
18.140000	-0.216792E-01
18.150000	-0.304625E-01
18.160000	-0.365740E-01
18.170000	-0.411221E-01
18.180000	-0.440939E-01
18.190000	-0.444632E-01
18.200000	-0.410424E-01
18.210000	-0.325057E-01
18.220000	-0.203814E-01
18.230000	-0.733189E-02
18.240000	0.456253E-02
18.250000	0.118686E-01
18.260000	0.124537E-01
18.270000	0.657856E-02
18.280000	-0.590644E-02
18.290000	-0.231170E-01
18.300000	-0.403669E-01
18.310000	-0.556446E-01
18.320000	-0.667997E-01
18.330000	-0.717654E-01
18.340000	-0.733361E-01
18.350000	-0.736393E-01
18.360000	-0.732555E-01
18.370000	-0.731773E-01
18.380000	-0.699666E-01
18.390000	-0.602075E-01
18.400000	-0.451357E-01
18.410000	-0.287680E-01
18.420000	-0.161612E-01
18.430000	-0.768970E-02
18.440000	-0.597218E-03
18.450000	0.683859E-02
18.460000	0.129458E-01
18.470000	0.163227E-01
18.480000	0.172382E-01
18.490000	0.157782E-01
18.500000	0.126766E-01
18.510000	0.916133E-02
18.520000	0.771662E-02
18.530000	0.921853E-02
18.540000	0.103150E-01
18.550000	0.906238E-02
18.560000	0.622487E-02
18.570000	0.250993E-02
18.580000	-0.720734E-03
18.590000	-0.122745E-02
18.600000	0.272897E-02
18.610000	0.930935E-02
18.620000	0.163500E-01
18.630000	0.241986E-01
18.640000	0.326388E-01
18.650000	0.406933E-01
18.660000	0.480075E-01
18.670000	0.522372E-01
18.680000	0.496848E-01
18.690000	0.387168E-01
18.700000	0.216827E-01
18.710000	0.147847E-02
18.720000	-0.175274E-01
18.730000	-0.320688E-01
18.740000	-0.423644E-01
18.750000	-0.474781E-01
18.760000	-0.468052E-01
18.770000	-0.420484E-01
18.780000	-0.354279E-01
18.790000	-0.286783E-01
18.800000	-0.241309E-01
18.810000	-0.225086E-01
18.820000	-0.230643E-01
18.830000	-0.247477E-01
18.840000	-0.251753E-01
18.850000	-0.216969E-01
18.860000	-0.153890E-01
18.870000	-0.101322E-01
18.880000	-0.787319E-02
18.890000	-0.810713E-02
18.900000	-0.894506E-02
18.910000	-0.929954E-02
18.920000	-0.883800E-02
18.930000	-0.674429E-02
18.940000	-0.359073E-02
18.950000	-0.107232E-02
18.960000	0.195581E-02
18.970000	0.744246E-02
18.980000	0.128676E-01
18.990000	0.157654E-01
19.000000	0.168016E-01
19.010000	0.162500E-01
19.020000	0.133667E-01
19.030000	0.985588E-02
19.040000	0.850540E-02
19.050000	0.106702E-01
19.060000	0.146760E-01
19.070000	0.173081E-01
19.080000	0.165780E-01
19.090000	0.135296E-01
19.100000	0.992540E-02
19.110000	0.588354E-02
19.120000	0.697703E-03
19.130000	-0.716522E-02
19.140000	-0.163883E-01
19.150000	-0.222793E-01
19.160000	-0.229748E-01
19.170000	-0.210485E-01
19.180000	-0.185348E-01
19.190000	-0.154516E-01
19.200000	-0.108189E-01
19.210000	-0.409546E-02
19.220000	0.313998E-02
19.230000	0.829240E-02
19.240000	0.104427E-01
19.250000	0.119289E-01
19.260000	0.148463E-01
19.270000	0.188250E-01
19.280000	0.215156E-01
19.290000	0.200061E-01
19.300000	0.146730E-01
19.310000	0.703118E-02
19.320000	-0.306126E-02
19.330000	-0.147005E-01
19.340000	-0.270238E-01
19.350000	-0.383645E-01
19.360000	-0.456534E-01
19.370000	-0.475874E-01
19.380000	-0.464022E-01
19.390000	-0.442224E-01
19.400000	-0.387907E-01
19.410000	-0.288604E-01
19.420000	-0.152790E-01
19.430000	-0.179904E-03
19.440000	0.134374E-01
19.450000	0.251366E-01
19.460000	0.344309E-01
19.470000	0.402442E-01
19.480000	0.422651E-01
19.490000	0.401105E-01
19.500000	0.333268E-01
19.510000	0.234137E-01
19.520000	0.128255E-01
19.530000	0.334554E-02
19.540000	-0.456363E-02
19.550000	-0.994252E-02
19.560000	-0.123718E-01
19.570000	-0.118032E-01
19.580000	-0.103694E-01
19.590000	-0.109341E-01
19.600000	-0.123313E-01
19.610000	-0.110129E-01
19.620000	-0.558630E-02
19.630000	0.322675E-02
19.640000	0.128565E-01
19.650000	0.197232E-01
19.660000	0.201132E-01
19.670000	0.142268E-01
19.680000	0.592365E-02
19.690000	-0.100964E-02
19.700000	-0.532105E-02
19.710000	-0.890165E-02
19.720000	-0.139148E-01
19.730000	-0.196649E-01
19.740000	-0.246728E-01
19.750000	-0.275021E-01
19.760000	-0.282732E-01
19.770000	-0.284214E-01
19.780000	-0.283856E-01
19.790000	-0.278207E-01
19.800000	-0.260786E-01
19.810000	-0.220581E-01
19.820000	-0.146731E-01
19.830000	-0.486375E-02
19.840000	0.470052E-02
19.850000	0.123747E-01
19.860000	0.171111E-01
19.870000	0.195001E-01
19.880000	0.213042E-01
19.890000	0.237589E-01
19.900000	0.281909E-01
19.910000	0.334680E-01
19.920000	0.356993E-01
19.930000	0.330290E-01
19.940000	0.265713E-01
19.950000	0.178994E-01
19.960000	0.104221E-01
19.970000	0.729457E-02
19.980000	0.654565E-02
19.990000	0.594642E-02
20.000000	0.586536E-02
20.010000	0.582148E-02
20.020000	0.480824E-02
20.030000	0.270446E-02
20.040000	-0.181580E-02
20.050000	-0.715862E-02
20.060000	-0.997616E-02
20.070000	-0.100786E-01
20.080000	-0.865463E-02
20.090000	-0.678141E-02
20.100000	-0.491207E-02
20.110000	-0.215437E-02
20.120000	0.166970E-02
20.130000	0.444293E-02
20.140000	0.513881E-02
20.150000	0.353138E-02
20.160000	0.519729E-03
20.170000	-0.283646E-02
20.180000	-0.616407E-02
20.190000	-0.891804E-02
20.200000	-0.100357E-01
20.210000	-0.974091E-02
20.220000	-0.823769E-02
20.230000	-0.346904E-02
20.240000	0.356722E-02
20.250000	0.966779E-02
20.260000	0.133753E-01
20.270000	0.154619E-01
20.280000	0.157756E-01
20.290000	0.128814E-01
20.300000	0.582854E-02
20.310000	-0.379198E-02
20.320000	-0.121443E-01
20.330000	-0.167386E-01
20.340000	-0.177382E-01
20.350000	-0.176262E-01
20.360000	-0.183114E-01
20.370000	-0.199284E-01
20.380000	-0.226704E-01
20.390000	-0.261890E-01
20.400000	-0.290799E-01
20.410000	-0.307992E-01
20.420000	-0.315880E-01
20.430000	-0.321659E-01
20.440000	-0.316397E-01
20.450000	-0.272672E-01
20.460000	-0.193462E-01
20.470000	-0.111123E-01
20.480000	-0.376047E-02
20.490000	0.344254E-02
20.500000	0.877856E-02
20.510000	0.109392E-01
20.520000	0.107070E-01
20.530000	0.919705E-02
20.540000	0.732081E-02
20.550000	0.453723E-02
20.560000	0.113281E-02
20.570000	-0.728528E-03
20.580000	0.961758E-03
20.590000	0.721969E-02
20.600000	0.154562E-01
20.610000	0.231418E-01
20.620000	0.296854E-01
20.630000	0.343912E-01
20.640000	0.374639E-01
20.650000	0.395708E-01
20.660000	0.379755E-01
20.670000	0.317558E-01
20.680000	0.223570E-01
20.690000	0.116746E-01
20.700000	0.260559E-02
20.710000	-0.268014E-02
20.720000	-0.540207E-02
20.730000	-0.697095E-02
20.740000	-0.722139E-02
20.750000	-0.769750E-02
20.760000	-0.101806E-01
20.770000	-0.136290E-01
20.780000	-0.165114E-01
20.790000	-0.183604E-01
20.800000	-0.198542E-01
20.810000	-0.205735E-01
20.820000	-0.198419E-01
20.830000	-0.203491E-01
20.840000	-0.230533E-01
20.850000	-0.250340E-01
20.860000	-0.246881E-01
20.870000	-0.225412E-01
20.880000	-0.179564E-01
20.890000	-0.124413E-01
20.900000	-0.531597E-02
20.910000	0.408297E-02
20.920000	0.147418E-01
20.930000	0.256029E-01
20.940000	0.347591E-01
20.950000	0.417614E-01
20.960000	0.483476E-01
20.970000	0.548554E-01
20.980000	0.604747E-01
20.990000	0.645680E-01
21.000000	0.657582E-01
21.010000	0.632521E-01
21.020000	0.577813E-01
21.030000	0.503061E-01
21.040000	0.423576E-01
21.050000	0.358526E-01
21.060000	0.308330E-01
21.070000	0.263078E-01
21.080000	0.204768E-01
21.090000	0.143731E-01
21.100000	0.103760E-01
21.110000	0.886159E-02
21.120000	0.870387E-02
21.130000	0.100598E-01
21.140000	0.135512E-01
21.150000	0.186678E-01
21.160000	0.257513E-01
21.170000	0.336369E-01
21.180000	0.385366E-01
21.190000	0.385343E-01
21.200000	0.347892E-01
21.210000	0.290074E-01
21.220000	0.222068E-01
21.230000	0.141962E-01
21.240000	0.479719E-02
21.250000	-0.534153E-02
21.260000	-0.152806E-01
21.270000	-0.230961E-01
21.280000	-0.269451E-01
21.290000	-0.290301E-01
21.300000	-0.289102E-01
21.310000	-0.244408E-01
21.320000	-0.174950E-01
21.330000	-0.934996E-02
21.340000	-0.133387E-03
21.350000	0.821059E-02
21.360000	0.144023E-01
21.370000	0.193687E-01
21.380000	0.218236E-01
21.390000	0.213413E-01
21.400000	0.188122E-01
21.410000	0.147754E-01
21.420000	0.959174E-02
21.430000	0.359035E-02
21.440000	-0.408204E-02
21.450000	-0.117697E-01
21.460000	-0.173476E-01
21.470000	-0.222683E-01
21.480000	-0.262342E-01
21.490000	-0.280466E-01
21.500000	-0.307307E-01
21.510000	-0.362237E-01
21.520000	-0.414477E-01
21.530000	-0.451869E-01
21.540000	-0.470022E-01
21.550000	-0.455287E-01
21.560000	-0.413957E-01
21.570000	-0.362131E-01
21.580000	-0.308179E-01
21.590000	-0.259676E-01
21.600000	-0.211772E-01
21.610000	-0.167840E-01
21.620000	-0.147504E-01
21.630000	-0.144161E-01
21.640000	-0.147338E-01
21.650000	-0.171391E-01
21.660000	-0.221172E-01
21.670000	-0.267788E-01
21.680000	-0.302564E-01
21.690000	-0.339058E-01
21.700000	-0.383003E-01
21.710000	-0.429539E-01
21.720000	-0.473196E-01
21.730000	-0.498010E-01
21.740000	-0.499336E-01
21.750000	-0.462654E-01
21.760000	-0.390012E-01
21.770000	-0.319365E-01
21.780000	-0.264621E-01
21.790000	-0.211361E-01
21.800000	-0.163788E-01
21.810000	-0.126246E-01
21.820000	-0.103490E-01
21.830000	-0.104815E-01
21.840000	-0.133633E-01
21.850000	-0.175949E-01
21.860000	-0.228561E-01
21.870000	-0.290483E-01
21.880000	-0.338343E-01
21.890000	-0.355472E-01
21.900000	-0.337105E-01
21.910000	-0.295422E-01
21.920000	-0.256883E-01
21.930000	-0.235784E-01
21.940000	-0.225942E-01
21.950000	-0.220304E-01
21.960000	-0.201753E-01
21.970000	-0.154424E-01
21.980000	-0.899425E-02
21.990000	-0.304723E-02
22.000000	0.208401E-02
22.010000	0.629626E-02
22.020000	0.961426E-02
22.030000	0.125593E-01
22.040000	0.160721E-01
22.050000	0.199605E-01
22.060000	0.219825E-01
22.070000	0.221432E-01
22.080000	0.222467E-01
22.090000	0.222401E-01
22.100000	0.219134E-01
22.110000	0.223041E-01
22.120000	0.220187E-01
22.130000	0.196675E-01
22.140000	0.167376E-01
22.150000	0.163976E-01
22.160000	0.187161E-01
22.170000	0.209901E-01
22.180000	0.213394E-01
22.190000	0.194911E-01
22.200000	0.163016E-01
22.210000	0.117181E-01
22.220000	0.731561E-02
22.230000	0.444358E-02
22.240000	0.283561E-02
22.250000	0.412291E-02
22.260000	0.828263E-02
22.270000	0.123537E-01
22.280000	0.152070E-01
22.290000	0.174397E-01
22.300000	0.179054E-01
22.310000	0.161851E-01
22.320000	0.136306E-01
22.330000	0.960199E-02
22.340000	0.432319E-02
22.350000	0.110510E-04
22.360000	-0.213622E-02
22.370000	-0.356483E-02
22.380000	-0.554191E-02
22.390000	-0.864670E-02
22.400000	-0.106725E-01
22.410000	-0.961651E-02
22.420000	-0.736264E-02
22.430000	-0.482128E-02
22.440000	-0.767095E-03
22.450000	0.542941E-02
22.460000	0.132913E-01
22.470000	0.209224E-01
22.480000	0.259401E-01
22.490000	0.283265E-01
22.500000	0.289651E-01
22.510000	0.295946E-01
22.520000	0.310506E-01
22.530000	0.319574E-01
22.540000	0.313199E-01
22.550000	0.304460E-01
22.560000	0.293937E-01
22.570000	0.275379E-01
22.580000	0.249734E-01
22.590000	0.215128E-01
22.600000	0.172305E-01
22.610000	0.114571E-01
22.620000	0.446396E-02
22.630000	-0.168512E-02
22.640000	-0.629908E-02
22.650000	-0.990186E-02
22.660000	-0.119173E-01
22.670000	-0.120567E-01
22.680000	-0.113866E-01
22.690000	-0.109673E-01
22.700000	-0.108125E-01
22.710000	-0.102007E-01
22.720000	-0.848137E-02
22.730000	-0.618693E-02
22.740000	-0.395612E-02
22.750000	-0.358978E-03
22.760000	0.459514E-02
22.770000	0.904208E-02
22.780000	0.119265E-01
22.790000	0.123221E-01
22.800000	0.103713E-01
22.810000	0.796813E-02
22.820000	0.535674E-02
22.830000	0.224034E-02
22.840000	-0.377113E-03
22.850000	-0.148724E-02
22.860000	-0.112439E-02
22.870000	0.843970E-03
22.880000	0.324596E-02
22.890000	0.488229E-02
22.900000	0.540850E-02
22.910000	0.518320E-02
22.920000	0.489431E-02
22.930000	0.463512E-02
22.940000	0.383447E-02
22.950000	0.203686E-02
22.960000	-0.987677E-03
22.970000	-0.396372E-02
22.980000	-0.528319E-02
22.990000	-0.555573E-02
23.000000	-0.533937E-02
23.010000	-0.379253E-02
23.020000	-0.170063E-02
23.030000	-0.605361E-03
23.040000	-0.141801E-02
23.050000	-0.499785E-02
23.060000	-0.105860E-01
23.070000	-0.172847E-01
23.080000	-0.244490E-01
23.090000	-0.294821E-01
23.100000	-0.311771E-01
23.110000	-0.301599E-01
23.120000	-0.280916E-01
23.130000	-0.267858E-01
23.140000	-0.256595E-01
23.150000	-0.227260E-01
23.160000	-0.170167E-01
23.170000	-0.921358E-02
23.180000	-0.179257E-02
23.190000	0.377014E-02
23.200000	0.745429E-02
23.210000	0.793353E-02
23.220000	0.583052E-02
23.230000	0.348852E-02
23.240000	0.121898E-02
23.250000	-0.288389E-04
23.260000	0.519115E-03
23.270000	0.618996E-03
23.280000	0.404485E-03
23.290000	0.120488E-02
23.300000	0.370017E-02
23.310000	0.804135E-02
23.320000	0.141126E-01
23.330000	0.201689E-01
23.340000	0.249096E-01
23.350000	0.288773E-01
23.360000	0.316946E-01
23.370000	0.334771E-01
23.380000	0.338570E-01
23.390000	0.322954E-01
23.400000	0.282821E-01
23.410000	0.210442E-01
23.420000	0.113296E-01
23.430000	0.177679E-02
23.440000	-0.709508E-02
23.450000	-0.147813E-01
23.460000	-0.198875E-01
23.470000	-0.227730E-01
23.480000	-0.245836E-01
23.490000	-0.238838E-01
23.500000	-0.206532E-01
23.510000	-0.160539E-01
23.520000	-0.101826E-01
23.530000	-0.410023E-02
23.540000	0.111967E-02
23.550000	0.572791E-02
23.560000	0.852935E-02
23.570000	0.860857E-02
23.580000	0.701651E-02
23.590000	0.400561E-02
23.600000	0.306019E-03
23.610000	-0.314864E-02
23.620000	-0.693477E-02
23.630000	-0.111299E-01
23.640000	-0.130266E-01
23.650000	-0.109280E-01
23.660000	-0.746540E-02
23.670000	-0.392957E-02
23.680000	0.188584E-03
23.690000	0.403975E-02
23.700000	0.751183E-02
23.710000	0.109490E-01
23.720000	0.138424E-01
23.730000	0.160606E-01
23.740000	0.169420E-01
23.750000	0.168387E-01
23.760000	0.160255E-01
23.770000	0.143290E-01
23.780000	0.105863E-01
23.790000	0.544967E-02
23.800000	0.711289E-04
23.810000	-0.575620E-02
23.820000	-0.107222E-01
23.830000	-0.140932E-01
23.840000	-0.161978E-01
23.850000	-0.156963E-01
23.860000	-0.114950E-01
23.870000	-0.483058E-02
23.880000	0.140582E-02
23.890000	0.757594E-02
23.900000	0.139661E-01
23.910000	0.186630E-01
23.920000	0.217961E-01
23.930000	0.234523E-01
23.940000	0.230894E-01
23.950000	0.207760E-01
23.960000	0.161293E-01
23.970000	0.939306E-02
23.980000	0.240160E-02
23.990000	-0.301000E-02
24.000000	-0.511033E-02
24.010000	-0.403469E-02
24.020000	-0.179561E-02
24.030000	0.284844E-03
24.040000	0.298037E-02
24.050000	0.740841E-02
24.060000	0.118935E-01
24.070000	0.151228E-01
24.080000	0.153103E-01
24.090000	0.112540E-01
24.100000	0.449273E-02
24.110000	-0.274364E-02
24.120000	-0.937077E-02
24.130000	-0.143803E-01
24.140000	-0.183404E-01
24.150000	-0.219932E-01
24.160000	-0.253321E-01
24.170000	-0.280567E-01
24.180000	-0.294498E-01
24.190000	-0.290932E-01
24.200000	-0.270744E-01
24.210000	-0.248807E-01
24.220000	-0.215974E-01
24.230000	-0.160158E-01
24.240000	-0.923438E-02
24.250000	-0.220345E-02
24.260000	0.491935E-02
24.270000	0.114346E-01
24.280000	0.159725E-01
24.290000	0.171809E-01
24.300000	0.161649E-01
24.310000	0.141028E-01
24.320000	0.117177E-01
24.330000	0.892057E-02
24.340000	0.686228E-02
24.350000	0.690812E-02
24.360000	0.775659E-02
24.370000	0.872027E-02
24.380000	0.910449E-02
24.390000	0.800543E-02
24.400000	0.683200E-02
24.410000	0.604582E-02
24.420000	0.483160E-02
24.430000	0.308047E-02
24.440000	-0.612004E-04
24.450000	-0.410388E-02
24.460000	-0.786514E-02
24.470000	-0.114776E-01
24.480000	-0.149400E-01
24.490000	-0.169855E-01
24.500000	-0.183477E-01
24.510000	-0.206257E-01
24.520000	-0.223925E-01
24.530000	-0.227660E-01
24.540000	-0.231497E-01
24.550000	-0.216599E-01
24.560000	-0.165284E-01
24.570000	-0.101774E-01
24.580000	-0.595992E-02
24.590000	-0.376284E-02
24.600000	-0.244917E-02
24.610000	-0.273325E-02
24.620000	-0.376211E-02
24.630000	-0.448882E-02
24.640000	-0.432275E-02
24.650000	-0.347509E-02
24.660000	-0.255701E-02
24.670000	-0.194069E-02
24.680000	-0.111721E-02
24.690000	-0.847166E-03
24.700000	-0.768418E-03
24.710000	0.648011E-03
24.720000	0.202283E-02
24.730000	0.137319E-02
24.740000	-0.938399E-03
24.750000	-0.356168E-02
24.760000	-0.651666E-02
24.770000	-0.110360E-01
24.780000	-0.168334E-01
24.790000	-0.209337E-01
24.800000	-0.221732E-01
24.810000	-0.215934E-01
24.820000	-0.195669E-01
24.830000	-0.161154E-01
24.840000	-0.126380E-01
24.850000	-0.101342E-01
24.860000	-0.875236E-02
24.870000	-0.726532E-02
24.880000	-0.470891E-02
24.890000	-0.264614E-02
24.900000	-0.206220E-02
24.910000	-0.109427E-02
24.920000	0.166455E-02
24.930000	0.457931E-02
24.940000	0.764986E-02
24.950000	0.115090E-01
24.960000	0.147843E-01
24.970000	0.173796E-01
24.980000	0.192382E-01
24.990000	0.200769E-01
25.000000	0.194611E-01
25.010000	0.166543E-01
25.020000	0.118981E-01
25.030000	0.667494E-02
25.040000	0.217636E-02
25.050000	0.307328E-03
25.060000	0.247402E-02
25.070000	0.725411E-02
25.080000	0.135538E-01
25.090000	0.197905E-01
25.100000	0.258574E-01
25.110000	0.306180E-01
25.120000	0.329721E-01
25.130000	0.331081E-01
25.140000	0.323551E-01
25.150000	0.308289E-01
25.160000	0.280221E-01
25.170000	0.245737E-01
25.180000	0.211420E-01
25.190000	0.187242E-01
25.200000	0.182994E-01
25.210000	0.185465E-01
25.220000	0.171220E-01
25.230000	0.137087E-01
25.240000	0.927858E-02
25.250000	0.595228E-02
25.260000	0.443523E-02
25.270000	0.433415E-02
25.280000	0.461530E-02
25.290000	0.376515E-02
25.300000	0.257598E-02
25.310000	0.154027E-02
25.320000	-0.972769E-03
25.330000	-0.445817E-02
25.340000	-0.562148E-02
25.350000	-0.303156E-02
25.360000	0.924031E-03
25.370000	0.471416E-02
25.380000	0.713903E-02
25.390000	0.729148E-02
25.400000	0.637426E-02
25.410000	0.454227E-02
25.420000	0.158747E-02
25.430000	-0.156803E-02
25.440000	-0.369285E-02
25.450000	-0.448777E-02
25.460000	-0.442220E-02
25.470000	-0.400751E-02
25.480000	-0.435422E-02
25.490000	-0.650996E-02
25.500000	-0.831245E-02
25.510000	-0.759888E-02
25.520000	-0.659837E-02
25.530000	-0.733745E-02
25.540000	-0.888307E-02
25.550000	-0.100334E-01
25.560000	-0.115224E-01
25.570000	-0.127677E-01
25.580000	-0.129615E-01
25.590000	-0.119033E-01
25.600000	-0.909752E-02
25.610000	-0.503090E-02
25.620000	0.287384E-03
25.630000	0.649861E-02
25.640000	0.114864E-01
25.650000	0.141538E-01
25.660000	0.141137E-01
25.670000	0.108126E-01
25.680000	0.477919E-02
25.690000	-0.216979E-02
25.700000	-0.822012E-02
25.710000	-0.127152E-01
25.720000	-0.151288E-01
25.730000	-0.154644E-01
25.740000	-0.169291E-01
25.750000	-0.182689E-01
25.760000	-0.160589E-01
25.770000	-0.116109E-01
25.780000	-0.707984E-02
25.790000	-0.254284E-02
25.800000	0.208778E-02
25.810000	0.642044E-02
25.820000	0.875429E-02
25.830000	0.821562E-02
25.840000	0.512215E-02
25.850000	0.911004E-03
25.860000	-0.306028E-02
25.870000	-0.667765E-02
25.880000	-0.976329E-02
25.890000	-0.113871E-01
25.900000	-0.106035E-01
25.910000	-0.836313E-02
25.920000	-0.644729E-02
25.930000	-0.580794E-02
25.940000	-0.556436E-02
25.950000	-0.435687E-02
25.960000	-0.375151E-02
25.970000	-0.397759E-02
25.980000	-0.355794E-02
25.990000	-0.338668E-02
26.000000	-0.404881E-02
26.010000	-0.400882E-02
26.020000	-0.272048E-02
26.030000	-0.115522E-02
26.040000	0.943625E-03
26.050000	0.262844E-02
26.060000	0.204338E-02
26.070000	0.119189E-03
26.080000	-0.213904E-02
26.090000	-0.445093E-02
26.100000	-0.489397E-02
26.110000	-0.281136E-02
26.120000	0.170426E-03
26.130000	0.268564E-02
26.140000	0.388018E-02
26.150000	0.323164E-02
26.160000	0.789297E-03
26.170000	-0.329976E-02
26.180000	-0.739306E-02
26.190000	-0.102205E-01
26.200000	-0.127702E-01
26.210000	-0.157320E-01
26.220000	-0.182699E-01
26.230000	-0.196055E-01
26.240000	-0.204993E-01
26.250000	-0.194871E-01
26.260000	-0.162266E-01
26.270000	-0.132379E-01
26.280000	-0.119548E-01
26.290000	-0.113491E-01
26.300000	-0.901979E-02
26.310000	-0.597580E-02
26.320000	-0.420226E-02
26.330000	-0.434649E-02
26.340000	-0.537773E-02
26.350000	-0.623349E-02
26.360000	-0.819250E-02
26.370000	-0.110843E-01
26.380000	-0.126050E-01
26.390000	-0.138397E-01
26.400000	-0.155271E-01
26.410000	-0.174278E-01
26.420000	-0.194224E-01
26.430000	-0.206095E-01
26.440000	-0.204406E-01
26.450000	-0.187963E-01
26.460000	-0.148932E-01
26.470000	-0.953907E-02
26.480000	-0.422454E-02
26.490000	0.818634E-03
26.500000	0.489426E-02
26.510000	0.781232E-02
26.520000	0.104071E-01
26.530000	0.131068E-01
26.540000	0.137660E-01
26.550000	0.129717E-01
26.560000	0.128842E-01
26.570000	0.122820E-01
26.580000	0.878292E-02
26.590000	0.328514E-02
26.600000	-0.391985E-03
26.610000	-0.155458E-02
26.620000	-0.289355E-02
26.630000	-0.482000E-02
26.640000	-0.496708E-02
26.650000	-0.252996E-02
26.660000	0.131695E-02
26.670000	0.694680E-02
26.680000	0.131489E-01
26.690000	0.169237E-01
26.700000	0.187097E-01
26.710000	0.198335E-01
26.720000	0.205940E-01
26.730000	0.210588E-01
26.740000	0.214599E-01
26.750000	0.236872E-01
26.760000	0.271555E-01
26.770000	0.284768E-01
26.780000	0.273985E-01
26.790000	0.260221E-01
26.800000	0.256905E-01
26.810000	0.263241E-01
26.820000	0.279618E-01
26.830000	0.300603E-01
26.840000	0.303405E-01
26.850000	0.288248E-01
26.860000	0.272002E-01
26.870000	0.252029E-01
26.880000	0.221386E-01
26.890000	0.185651E-01
26.900000	0.158915E-01
26.910000	0.153011E-01
26.920000	0.159285E-01
26.930000	0.164761E-01
26.940000	0.170473E-01
26.950000	0.174823E-01
26.960000	0.162291E-01
26.970000	0.137886E-01
26.980000	0.117732E-01
26.990000	0.110768E-01
27.000000	0.125456E-01
27.010000	0.153739E-01
27.020000	0.175519E-01
27.030000	0.183486E-01
27.040000	0.181666E-01
27.050000	0.177818E-01
27.060000	0.178630E-01
27.070000	0.176575E-01
27.080000	0.164510E-01
27.090000	0.149132E-01
27.100000	0.129738E-01
27.110000	0.974525E-02
27.120000	0.640908E-02
27.130000	0.433865E-02
27.140000	0.240113E-02
27.150000	0.867122E-03
27.160000	0.408331E-03
27.170000	0.101462E-02
27.180000	0.170561E-02
27.190000	0.214941E-02
27.200000	0.309358E-02
27.210000	0.491201E-02
27.220000	0.469457E-02
27.230000	0.650137E-03
27.240000	-0.479456E-02
27.250000	-0.975815E-02
27.260000	-0.146736E-01
27.270000	-0.189506E-01
27.280000	-0.208993E-01
27.290000	-0.205946E-01
27.300000	-0.197245E-01
27.310000	-0.191175E-01
27.320000	-0.180089E-01
27.330000	-0.164393E-01
27.340000	-0.150928E-01
27.350000	-0.140129E-01
27.360000	-0.133644E-01
27.370000	-0.135568E-01
27.380000	-0.145051E-01
27.390000	-0.155498E-01
27.400000	-0.162034E-01
27.410000	-0.155574E-01
27.420000	-0.133953E-01
27.430000	-0.116224E-01
27.440000	-0.114884E-01
27.450000	-0.117898E-01
27.460000	-0.114947E-01
27.470000	-0.104072E-01
27.480000	-0.887221E-02
27.490000	-0.859657E-02
27.500000	-0.964534E-02
27.510000	-0.115480E-01
27.520000	-0.135582E-01
27.530000	-0.148316E-01
27.540000	-0.150630E-01
27.550000	-0.147849E-01
27.560000	-0.152787E-01
27.570000	-0.170213E-01
27.580000	-0.185408E-01
27.590000	-0.182412E-01
27.600000	-0.168661E-01
27.610000	-0.165361E-01
27.620000	-0.160176E-01
27.630000	-0.137690E-01
27.640000	-0.115943E-01
27.650000	-0.108956E-01
27.660000	-0.105309E-01
27.670000	-0.937265E-02
27.680000	-0.785893E-02
27.690000	-0.804164E-02
27.700000	-0.978228E-02
27.710000	-0.111930E-01
27.720000	-0.118777E-01
27.730000	-0.112546E-01
27.740000	-0.992769E-02
27.750000	-0.924116E-02
27.760000	-0.894717E-02
27.770000	-0.778379E-02
27.780000	-0.676142E-02
27.790000	-0.772817E-02
27.800000	-0.104653E-01
27.810000	-0.133912E-01
27.820000	-0.148933E-01
27.830000	-0.146738E-01
27.840000	-0.146523E-01
27.850000	-0.156126E-01
27.860000	-0.170677E-01
27.870000	-0.181609E-01
27.880000	-0.191010E-01
27.890000	-0.194161E-01
27.900000	-0.176601E-01
27.910000	-0.144440E-01
27.920000	-0.120081E-01
27.930000	-0.103907E-01
27.940000	-0.906166E-02
27.950000	-0.776184E-02
27.960000	-0.536730E-02
27.970000	-0.294548E-02
27.980000	-0.202481E-02
27.990000	-0.203012E-02
28.000000	-0.715619E-03
28.010000	0.236124E-02
28.020000	0.602505E-02
28.030000	0.866765E-02
28.040000	0.997045E-02
28.050000	0.107378E-01
28.060000	0.112534E-01
28.070000	0.111807E-01
28.080000	0.932204E-02
28.090000	0.561206E-02
28.100000	0.186618E-02
28.110000	-0.222357E-03
28.120000	-0.208146E-02
28.130000	-0.468025E-02
28.140000	-0.627238E-02
28.150000	-0.562292E-02
28.160000	-0.341902E-02
28.170000	-0.463640E-03
28.180000	0.371591E-02
28.190000	0.819422E-02
28.200000	0.115218E-01
28.210000	0.130279E-01
28.220000	0.133394E-01
28.230000	0.134076E-01
28.240000	0.133712E-01
28.250000	0.135660E-01
28.260000	0.139889E-01
28.270000	0.146692E-01
28.280000	0.149024E-01
28.290000	0.130488E-01
28.300000	0.986697E-02
28.310000	0.700268E-02
28.320000	0.524482E-02
28.330000	0.454764E-02
28.340000	0.414927E-02
28.350000	0.437427E-02
28.360000	0.535383E-02
28.370000	0.618346E-02
28.380000	0.720024E-02
28.390000	0.839865E-02
28.400000	0.891176E-02
28.410000	0.880755E-02
28.420000	0.919101E-02
28.430000	0.105926E-01
28.440000	0.128726E-01
28.450000	0.153526E-01
28.460000	0.167659E-01
28.470000	0.169351E-01
28.480000	0.172282E-01
28.490000	0.177438E-01
28.500000	0.179645E-01
28.510000	0.183951E-01
28.520000	0.188763E-01
28.530000	0.187443E-01
28.540000	0.186970E-01
28.550000	0.203037E-01
28.560000	0.220808E-01
28.570000	0.226419E-01
28.580000	0.222553E-01
28.590000	0.204479E-01
28.600000	0.174637E-01
28.610000	0.147166E-01
28.620000	0.124219E-01
28.630000	0.108689E-01
28.640000	0.106925E-01
28.650000	0.120221E-01
28.660000	0.138122E-01
28.670000	0.152598E-01
28.680000	0.157747E-01
28.690000	0.154341E-01
28.700000	0.134069E-01
28.710000	0.947769E-02
28.720000	0.555234E-02
28.730000	0.278605E-02
28.740000	0.135935E-02
28.750000	0.175089E-02
28.760000	0.275255E-02
28.770000	0.212136E-02
28.780000	0.247845E-03
28.790000	-0.171188E-02
28.800000	-0.277224E-02
28.810000	-0.282812E-02
28.820000	-0.241539E-02
28.830000	-0.215802E-02
28.840000	-0.376047E-02
28.850000	-0.724244E-02
28.860000	-0.109819E-01
28.870000	-0.139113E-01
28.880000	-0.157463E-01
28.890000	-0.162649E-01
28.900000	-0.152450E-01
28.910000	-0.127888E-01
28.920000	-0.104122E-01
28.930000	-0.950131E-02
28.940000	-0.995843E-02
28.950000	-0.106375E-01
28.960000	-0.116182E-01
28.970000	-0.128310E-01
28.980000	-0.136295E-01
28.990000	-0.139451E-01
29.000000	-0.137346E-01
29.010000	-0.130075E-01
29.020000	-0.125564E-01
29.030000	-0.121427E-01
29.040000	-0.110692E-01
29.050000	-0.931235E-02
29.060000	-0.755249E-02
29.070000	-0.605593E-02
29.080000	-0.517487E-02
29.090000	-0.493872E-02
29.100000	-0.507243E-02
29.110000	-0.651167E-02
29.120000	-0.886319E-02
29.130000	-0.103750E-01
29.140000	-0.110448E-01
29.150000	-0.113538E-01
29.160000	-0.113104E-01
29.170000	-0.110171E-01
29.180000	-0.110567E-01
29.190000	-0.126382E-01
29.200000	-0.148150E-01
29.210000	-0.150154E-01
29.220000	-0.132011E-01
29.230000	-0.106069E-01
29.240000	-0.890639E-02
29.250000	-0.828879E-02
29.260000	-0.646699E-02
29.270000	-0.206804E-02
29.280000	0.301483E-02
29.290000	0.540029E-02
29.300000	0.524489E-02
29.310000	0.363266E-02
29.320000	0.111524E-03
29.330000	-0.397001E-02
29.340000	-0.736515E-02
29.350000	-0.884816E-02
29.360000	-0.800363E-02
29.370000	-0.610056E-02
29.380000	-0.388770E-02
29.390000	-0.139068E-02
29.400000	0.158785E-02
29.410000	0.469051E-02
29.420000	0.705650E-02
29.430000	0.834097E-02
29.440000	0.953085E-02
29.450000	0.117061E-01
29.460000	0.141154E-01
29.470000	0.149422E-01
29.480000	0.145552E-01
29.490000	0.133073E-01
29.500000	0.115857E-01
29.510000	0.100938E-01
29.520000	0.906497E-02
29.530000	0.734494E-02
29.540000	0.411552E-02
29.550000	0.380684E-04
29.560000	-0.383171E-02
29.570000	-0.625434E-02
29.580000	-0.656465E-02
29.590000	-0.552344E-02
29.600000	-0.439091E-02
29.610000	-0.275101E-02
29.620000	-0.121385E-02
29.630000	-0.470630E-03
29.640000	-0.457841E-03
29.650000	-0.476973E-03
29.660000	-0.266903E-03
29.670000	0.538025E-04
29.680000	0.579611E-03
29.690000	0.121572E-02
29.700000	0.237747E-02
29.710000	0.290790E-02
29.720000	0.245230E-02
29.730000	0.105239E-02
29.740000	-0.174857E-02
29.750000	-0.408002E-02
29.760000	-0.456844E-02
29.770000	-0.451118E-02
29.780000	-0.478772E-02
29.790000	-0.508990E-02
29.800000	-0.529677E-02
29.810000	-0.519929E-02
29.820000	-0.396972E-02
29.830000	-0.211744E-02
29.840000	-0.177156E-02
29.850000	-0.335112E-02
29.860000	-0.500653E-02
29.870000	-0.439503E-02
29.880000	-0.367645E-02
29.890000	-0.406021E-02
29.900000	-0.494706E-02
29.910000	-0.664931E-02
29.920000	-0.835872E-02
29.930000	-0.884587E-02
29.940000	-0.839199E-02
29.950000	-0.769006E-02
29.960000	-0.682999E-02
29.970000	-0.670309E-02
29.980000	-0.774692E-02
29.990000	-0.947349E-02
30.000000	-0.926932E-02
30.010000	-0.735475E-02
30.020000	-0.619179E-02
30.030000	-0.628166E-02
30.040000	-0.655327E-02
30.050000	-0.638768E-02
30.060000	-0.604832E-02
30.070000	-0.584201E-02
30.080000	-0.573782E-02
30.090000	-0.574555E-02
30.100000	-0.633453E-02
30.110000	-0.745195E-02
30.120000	-0.781776E-02
30.130000	-0.636026E-02
30.140000	-0.460307E-02
30.150000	-0.370264E-02
30.160000	-0.247220E-02
30.170000	-0.131281E-02
30.180000	-0.150671E-02
30.190000	-0.247494E-02
30.200000	-0.176051E-02
30.210000	0.864168E-03
30.220000	0.263155E-02
30.230000	0.277497E-02
30.240000	0.284501E-02
30.250000	0.415275E-02
30.260000	0.662103E-02
30.270000	0.849548E-02
30.280000	0.922526E-02
30.290000	0.970457E-02
30.300000	0.106523E-01
30.310000	0.121463E-01
30.320000	0.141773E-01
30.330000	0.163140E-01
30.340000	0.179522E-01
30.350000	0.194186E-01
30.360000	0.212142E-01
30.370000	0.225280E-01
30.380000	0.225635E-01
30.390000	0.218925E-01
30.400000	0.217206E-01
30.410000	0.220525E-01
30.420000	0.212036E-01
30.430000	0.195433E-01
30.440000	0.182780E-01
30.450000	0.168882E-01
30.460000	0.151353E-01
30.470000	0.126838E-01
30.480000	0.998610E-02
30.490000	0.873733E-02
30.500000	0.971642E-02
30.510000	0.119639E-01
30.520000	0.144925E-01
30.530000	0.156424E-01
30.540000	0.152597E-01
30.550000	0.145304E-01
30.560000	0.122969E-01
30.570000	0.894047E-02
30.580000	0.684115E-02
30.590000	0.545340E-02
30.600000	0.525272E-02
30.610000	0.669936E-02
30.620000	0.763934E-02
30.630000	0.648074E-02
30.640000	0.408927E-02
30.650000	0.221476E-02
30.660000	0.138596E-02
30.670000	0.159948E-02
30.680000	0.235456E-02
30.690000	0.362357E-02
30.700000	0.537908E-02
30.710000	0.666848E-02
30.720000	0.680251E-02
30.730000	0.568696E-02
30.740000	0.350657E-02
30.750000	0.179550E-02
30.760000	0.479845E-03
30.770000	-0.184350E-02
30.780000	-0.490740E-02
30.790000	-0.742298E-02
30.800000	-0.815818E-02
30.810000	-0.744962E-02
30.820000	-0.596199E-02
30.830000	-0.350948E-02
30.840000	-0.765295E-03
30.850000	0.122480E-02
30.860000	0.204905E-02
30.870000	0.143359E-02
30.880000	0.163066E-03
30.890000	-0.646860E-03
30.900000	-0.750957E-03
30.910000	-0.237283E-02
30.920000	-0.499875E-02
30.930000	-0.659879E-02
30.940000	-0.819652E-02
30.950000	-0.102706E-01
30.960000	-0.118314E-01
30.970000	-0.129693E-01
30.980000	-0.140670E-01
30.990000	-0.146132E-01
31.000000	-0.144643E-01
31.010000	-0.143058E-01
31.020000	-0.143254E-01
31.030000	-0.142474E-01
31.040000	-0.136165E-01
31.050000	-0.116575E-01
31.060000	-0.953861E-02
31.070000	-0.882558E-02
31.080000	-0.863277E-02
31.090000	-0.789652E-02
31.100000	-0.733574E-02
31.110000	-0.810933E-02
31.120000	-0.972928E-02
31.130000	-0.117904E-01
31.140000	-0.136666E-01
31.150000	-0.138394E-01
31.160000	-0.132506E-01
31.170000	-0.123366E-01
31.180000	-0.113076E-01
31.190000	-0.106996E-01
31.200000	-0.100838E-01
31.210000	-0.859493E-02
31.220000	-0.684200E-02
31.230000	-0.622182E-02
31.240000	-0.599172E-02
31.250000	-0.566322E-02
31.260000	-0.547438E-02
31.270000	-0.588336E-02
31.280000	-0.771391E-02
31.290000	-0.953736E-02
31.300000	-0.980283E-02
31.310000	-0.911978E-02
31.320000	-0.863005E-02
31.330000	-0.856521E-02
31.340000	-0.837034E-02
31.350000	-0.741831E-02
31.360000	-0.552333E-02
31.370000	-0.311855E-02
31.380000	-0.178250E-02
31.390000	-0.149481E-02
31.400000	-0.207312E-02
31.410000	-0.304973E-02
31.420000	-0.383946E-02
31.430000	-0.464956E-02
31.440000	-0.434638E-02
31.450000	-0.266796E-02
31.460000	-0.874884E-03
31.470000	-0.237783E-03
31.480000	0.519229E-03
31.490000	0.237117E-02
31.500000	0.381440E-02
31.510000	0.399762E-02
31.520000	0.348004E-02
31.530000	0.197583E-02
31.540000	0.719492E-04
31.550000	-0.136363E-02
31.560000	-0.162065E-02
31.570000	-0.352425E-03
31.580000	-0.593772E-03
31.590000	-0.302544E-02
31.600000	-0.506096E-02
31.610000	-0.562305E-02
31.620000	-0.646232E-02
31.630000	-0.936411E-02
31.640000	-0.121382E-01
31.650000	-0.126307E-01
31.660000	-0.107991E-01
31.670000	-0.734288E-02
31.680000	-0.464972E-02
31.690000	-0.302432E-02
31.700000	-0.588122E-03
31.710000	0.148384E-02
31.720000	0.272626E-02
31.730000	0.296500E-02
31.740000	0.142066E-02
31.750000	-0.131749E-02
31.760000	-0.386887E-02
31.770000	-0.495472E-02
31.780000	-0.453076E-02
31.790000	-0.332560E-02
31.800000	-0.197760E-02
31.810000	-0.384369E-03
31.820000	0.188032E-02
31.830000	0.443671E-02
31.840000	0.597123E-02
31.850000	0.753546E-02
31.860000	0.906197E-02
31.870000	0.923304E-02
31.880000	0.826002E-02
31.890000	0.688326E-02
31.900000	0.624816E-02
31.910000	0.620004E-02
31.920000	0.585205E-02
31.930000	0.620692E-02
31.940000	0.686503E-02
31.950000	0.711712E-02
31.960000	0.735859E-02
31.970000	0.794341E-02
31.980000	0.843501E-02
31.990000	0.839223E-02
32.000000	0.911512E-02
32.010000	0.104808E-01
32.020000	0.117164E-01
32.030000	0.128780E-01
32.040000	0.135461E-01
32.050000	0.135596E-01
32.060000	0.137341E-01
32.070000	0.140267E-01
32.080000	0.143701E-01
32.090000	0.151953E-01
32.100000	0.152500E-01
32.110000	0.151435E-01
32.120000	0.150724E-01
32.130000	0.139444E-01
32.140000	0.111399E-01
32.150000	0.823843E-02
32.160000	0.640898E-02
32.170000	0.619611E-02
32.180000	0.774680E-02
32.190000	0.893811E-02
32.200000	0.103800E-01
32.210000	0.129780E-01
32.220000	0.149438E-01
32.230000	0.153600E-01
32.240000	0.157189E-01
32.250000	0.160755E-01
32.260000	0.155507E-01
32.270000	0.144794E-01
32.280000	0.131486E-01
32.290000	0.118996E-01
32.300000	0.119218E-01
32.310000	0.129165E-01
32.320000	0.134786E-01
32.330000	0.131076E-01
32.340000	0.115646E-01
32.350000	0.100192E-01
32.360000	0.908800E-02
32.370000	0.774307E-02
32.380000	0.623506E-02
32.390000	0.441867E-02
32.400000	0.269734E-02
32.410000	0.806018E-03
32.420000	-0.125921E-02
32.430000	-0.227937E-02
32.440000	-0.133210E-02
32.450000	-0.186583E-03
32.460000	-0.238704E-03
32.470000	-0.288758E-03
32.480000	-0.319704E-03
32.490000	-0.676588E-03
32.500000	-0.568775E-03
32.510000	-0.837650E-03
32.520000	-0.208696E-02
32.530000	-0.367288E-02
32.540000	-0.599254E-02
32.550000	-0.795675E-02
32.560000	-0.846220E-02
32.570000	-0.860537E-02
32.580000	-0.912321E-02
32.590000	-0.950955E-02
32.600000	-0.992237E-02
32.610000	-0.965796E-02
32.620000	-0.837980E-02
32.630000	-0.783796E-02
32.640000	-0.820274E-02
32.650000	-0.842428E-02
32.660000	-0.860622E-02
32.670000	-0.933073E-02
32.680000	-0.105576E-01
32.690000	-0.120776E-01
32.700000	-0.127227E-01
32.710000	-0.118757E-01
32.720000	-0.101679E-01
32.730000	-0.870832E-02
32.740000	-0.858816E-02
32.750000	-0.913203E-02
32.760000	-0.923088E-02
32.770000	-0.954250E-02
32.780000	-0.991054E-02
32.790000	-0.915449E-02
32.800000	-0.772898E-02
32.810000	-0.682888E-02
32.820000	-0.768726E-02
32.830000	-0.955687E-02
32.840000	-0.107117E-01
32.850000	-0.111893E-01
32.860000	-0.106668E-01
32.870000	-0.876799E-02
32.880000	-0.679061E-02
32.890000	-0.558511E-02
32.900000	-0.545497E-02
32.910000	-0.572766E-02
32.920000	-0.575359E-02
32.930000	-0.494142E-02
32.940000	-0.299637E-02
32.950000	-0.394766E-03
32.960000	0.866919E-03
32.970000	-0.994786E-03
32.980000	-0.429700E-02
32.990000	-0.786892E-02
33.000000	-0.103991E-01
33.010000	-0.108142E-01
33.020000	-0.106165E-01
33.030000	-0.122019E-01
33.040000	-0.144910E-01
33.050000	-0.167641E-01
33.060000	-0.190147E-01
33.070000	-0.204727E-01
33.080000	-0.217695E-01
33.090000	-0.233893E-01
33.100000	-0.245903E-01
33.110000	-0.239899E-01
33.120000	-0.215094E-01
33.130000	-0.173908E-01
33.140000	-0.124847E-01
33.150000	-0.701266E-02
33.160000	-0.193810E-02
33.170000	0.128527E-02
33.180000	0.181428E-02
33.190000	0.828860E-03
33.200000	0.860912E-03
33.210000	0.105045E-02
33.220000	0.208165E-04
33.230000	-0.251614E-03
33.240000	0.136537E-02
33.250000	0.266473E-02
33.260000	0.233067E-02
33.270000	0.161860E-02
33.280000	0.993105E-03
33.290000	0.234100E-03
33.300000	0.141810E-03
33.310000	0.106868E-02
33.320000	0.326938E-02
33.330000	0.579440E-02
33.340000	0.744325E-02
33.350000	0.879990E-02
33.360000	0.913571E-02
33.370000	0.896824E-02
33.380000	0.995225E-02
33.390000	0.115330E-01
33.400000	0.118115E-01
33.410000	0.111440E-01
33.420000	0.104963E-01
33.430000	0.901336E-02
33.440000	0.621970E-02
33.450000	0.342190E-02
33.460000	0.175082E-02
33.470000	0.103434E-02
33.480000	0.132594E-02
33.490000	0.150111E-02
33.500000	0.204378E-02
33.510000	0.332054E-02
33.520000	0.382392E-02
33.530000	0.372397E-02
33.540000	0.439900E-02
33.550000	0.521681E-02
33.560000	0.593717E-02
33.570000	0.759271E-02
33.580000	0.888369E-02
33.590000	0.903347E-02
33.600000	0.932791E-02
33.610000	0.972448E-02
33.620000	0.884549E-02
33.630000	0.745204E-02
33.640000	0.550404E-02
33.650000	0.346900E-02
33.660000	0.190900E-02
33.670000	0.977276E-03
33.680000	0.124423E-02
33.690000	0.312130E-02
33.700000	0.581666E-02
33.710000	0.872038E-02
33.720000	0.120182E-01
33.730000	0.144979E-01
33.740000	0.155632E-01
33.750000	0.161223E-01
33.760000	0.166543E-01
33.770000	0.169343E-01
33.780000	0.170149E-01
33.790000	0.158703E-01
33.800000	0.133381E-01
33.810000	0.115600E-01
33.820000	0.997799E-02
33.830000	0.747506E-02
33.840000	0.538082E-02
33.850000	0.541586E-02
33.860000	0.694498E-02
33.870000	0.877777E-02
33.880000	0.926965E-02
33.890000	0.828630E-02
33.900000	0.743201E-02
33.910000	0.669608E-02
33.920000	0.530060E-02
33.930000	0.372901E-02
33.940000	0.191482E-02
33.950000	0.581364E-04
33.960000	-0.119176E-03
33.970000	0.735174E-03
33.980000	-0.191242E-03
33.990000	-0.197206E-02
34.000000	-0.262332E-02
34.010000	-0.265159E-02
34.020000	-0.277581E-02
34.030000	-0.333116E-02
34.040000	-0.374832E-02
34.050000	-0.314851E-02
34.060000	-0.179652E-02
34.070000	0.923125E-04
34.080000	0.253284E-02
34.090000	0.415341E-02
34.100000	0.435318E-02
34.110000	0.434746E-02
34.120000	0.426388E-02
34.130000	0.363584E-02
34.140000	0.326368E-02
34.150000	0.344713E-02
34.160000	0.378917E-02
34.170000	0.329498E-02
34.180000	0.214989E-02
34.190000	0.986001E-03
34.200000	-0.177916E-04
34.210000	-0.115177E-02
34.220000	-0.214494E-02
34.230000	-0.147615E-02
34.240000	0.524116E-03
34.250000	0.255644E-02
34.260000	0.557345E-02
34.270000	0.931834E-02
34.280000	0.114958E-01
34.290000	0.120740E-01
34.300000	0.116579E-01
34.310000	0.954537E-02
34.320000	0.673820E-02
34.330000	0.390321E-02
34.340000	0.752048E-03
34.350000	-0.145776E-02
34.360000	-0.375479E-02
34.370000	-0.755483E-02
34.380000	-0.118043E-01
34.390000	-0.150437E-01
34.400000	-0.171071E-01
34.410000	-0.175569E-01
34.420000	-0.160015E-01
34.430000	-0.137643E-01
34.440000	-0.114365E-01
34.450000	-0.912584E-02
34.460000	-0.720591E-02
34.470000	-0.591527E-02
34.480000	-0.496267E-02
34.490000	-0.517692E-02
34.500000	-0.553161E-02
34.510000	-0.530058E-02
34.520000	-0.587766E-02
34.530000	-0.802478E-02
34.540000	-0.109546E-01
34.550000	-0.128420E-01
34.560000	-0.127042E-01
34.570000	-0.112945E-01
34.580000	-0.107725E-01
34.590000	-0.110097E-01
34.600000	-0.102242E-01
34.610000	-0.808214E-02
34.620000	-0.587317E-02
34.630000	-0.486243E-02
34.640000	-0.530762E-02
34.650000	-0.627592E-02
34.660000	-0.718881E-02
34.670000	-0.696400E-02
34.680000	-0.576351E-02
34.690000	-0.604240E-02
34.700000	-0.719796E-02
34.710000	-0.757489E-02
34.720000	-0.754585E-02
34.730000	-0.847932E-02
34.740000	-0.968286E-02
34.750000	-0.991147E-02
34.760000	-0.911031E-02
34.770000	-0.735657E-02
34.780000	-0.547486E-02
34.790000	-0.395634E-02
34.800000	-0.233700E-02
34.810000	-0.584811E-03
34.820000	0.123401E-02
34.830000	0.312815E-02
34.840000	0.338635E-02
34.850000	0.257776E-02
34.860000	0.318164E-02
34.870000	0.378431E-02
34.880000	0.258617E-02
34.890000	0.102206E-02
34.900000	0.182462E-04
34.910000	-0.437130E-03
34.920000	-0.699247E-03
34.930000	-0.161161E-02
34.940000	-0.297342E-02
34.950000	-0.434718E-02
34.960000	-0.565060E-02
34.970000	-0.621149E-02
34.980000	-0.621446E-02
34.990000	-0.631923E-02
35.000000	-0.633071E-02
35.010000	-0.623575E-02
35.020000	-0.563776E-02
35.030000	-0.420418E-02
35.040000	-0.348453E-02
35.050000	-0.310948E-02
35.060000	-0.166301E-02
35.070000	-0.983756E-03
35.080000	-0.161906E-02
35.090000	-0.179468E-02
35.100000	-0.121186E-02
35.110000	-0.397196E-03
35.120000	0.216315E-03
35.130000	0.515977E-03
35.140000	0.779383E-03
35.150000	0.214920E-02
35.160000	0.406041E-02
35.170000	0.534642E-02
35.180000	0.628328E-02
35.190000	0.721910E-02
35.200000	0.842511E-02
35.210000	0.881785E-02
35.220000	0.859177E-02
35.230000	0.921244E-02
35.240000	0.915345E-02
35.250000	0.797754E-02
35.260000	0.731539E-02
35.270000	0.707404E-02
35.280000	0.614131E-02
35.290000	0.501825E-02
35.300000	0.390652E-02
35.310000	0.288141E-02
35.320000	0.207003E-02
35.330000	0.973702E-03
35.340000	0.274389E-03
35.350000	0.450631E-06
35.360000	-0.167179E-03
35.370000	0.898955E-04
35.380000	0.734241E-03
35.390000	0.155067E-02
35.400000	0.306243E-02
35.410000	0.413830E-02
35.420000	0.395657E-02
35.430000	0.326182E-02
35.440000	0.143922E-02
35.450000	-0.345028E-03
35.460000	0.285488E-04
35.470000	0.101237E-02
35.480000	-0.436266E-04
35.490000	-0.109366E-02
35.500000	-0.542022E-03
35.510000	0.635547E-03
35.520000	0.184842E-02
35.530000	0.250820E-02
35.540000	0.332481E-02
35.550000	0.468465E-02
35.560000	0.563547E-02
35.570000	0.495188E-02
35.580000	0.338721E-02
35.590000	0.170676E-02
35.600000	0.819010E-03
35.610000	0.289200E-03
35.620000	-0.440499E-04
35.630000	0.492757E-03
35.640000	0.105950E-02
35.650000	0.142560E-02
35.660000	0.213103E-02
35.670000	0.297963E-02
35.680000	0.277610E-02
35.690000	0.221848E-02
35.700000	0.246190E-02
35.710000	0.245598E-02
35.720000	0.210636E-02
35.730000	0.195881E-02
35.740000	0.107261E-02
35.750000	-0.338557E-03
35.760000	-0.848284E-03
35.770000	-0.974163E-03
35.780000	-0.196322E-02
35.790000	-0.246009E-02
35.800000	-0.196369E-02
35.810000	-0.189156E-02
35.820000	-0.218336E-02
35.830000	-0.249647E-02
35.840000	-0.336022E-02
35.850000	-0.432386E-02
35.860000	-0.577125E-02
35.870000	-0.677074E-02
35.880000	-0.612736E-02
35.890000	-0.479106E-02
35.900000	-0.346533E-02
35.910000	-0.131330E-02
35.920000	0.198262E-02
35.930000	0.492195E-02
35.940000	0.732247E-02
35.950000	0.866105E-02
35.960000	0.786171E-02
35.970000	0.622980E-02
35.980000	0.487272E-02
35.990000	0.387317E-02
36.000000	0.378497E-02
36.010000	0.510350E-02
36.020000	0.577687E-02
36.030000	0.469257E-02
36.040000	0.333475E-02
36.050000	0.299193E-02
36.060000	0.294368E-02
36.070000	0.302186E-02
36.080000	0.379133E-02
36.090000	0.437045E-02
36.100000	0.500216E-02
36.110000	0.592187E-02
36.120000	0.645610E-02
36.130000	0.666508E-02
36.140000	0.514521E-02
36.150000	0.323410E-02
36.160000	0.216688E-02
36.170000	0.165532E-02
36.180000	0.201826E-02
36.190000	0.339513E-02
36.200000	0.510851E-02
36.210000	0.558608E-02
36.220000	0.453539E-02
36.230000	0.366306E-02
36.240000	0.381014E-02
36.250000	0.464307E-02
36.260000	0.558940E-02
36.270000	0.478795E-02
36.280000	0.173251E-02
36.290000	-0.134437E-02
36.300000	-0.311032E-02
36.310000	-0.484950E-02
36.320000	-0.761638E-02
36.330000	-0.100126E-01
36.340000	-0.103045E-01
36.350000	-0.901241E-02
36.360000	-0.769516E-02
36.370000	-0.684496E-02
36.380000	-0.582132E-02
36.390000	-0.439200E-02
36.400000	-0.311051E-02
36.410000	-0.247256E-02
36.420000	-0.255879E-02
36.430000	-0.327640E-02
36.440000	-0.477655E-02
36.450000	-0.585923E-02
36.460000	-0.623996E-02
36.470000	-0.595059E-02
36.480000	-0.544272E-02
36.490000	-0.530237E-02
36.500000	-0.505625E-02
36.510000	-0.478467E-02
36.520000	-0.483308E-02
36.530000	-0.554205E-02
36.540000	-0.746897E-02
36.550000	-0.904051E-02
36.560000	-0.848873E-02
36.570000	-0.707125E-02
36.580000	-0.524697E-02
36.590000	-0.391067E-02
36.600000	-0.339005E-02
36.610000	-0.291933E-02
36.620000	-0.205847E-02
36.630000	-0.173069E-02
36.640000	-0.151053E-02
36.650000	-0.129986E-02
36.660000	-0.271424E-02
36.670000	-0.527331E-02
36.680000	-0.700563E-02
36.690000	-0.797126E-02
36.700000	-0.889944E-02
36.710000	-0.994263E-02
36.720000	-0.968548E-02
36.730000	-0.833847E-02
36.740000	-0.752470E-02
36.750000	-0.724363E-02
36.760000	-0.595524E-02
36.770000	-0.384474E-02
36.780000	-0.248881E-02
36.790000	-0.182744E-02
36.800000	-0.124171E-02
36.810000	-0.111219E-02
36.820000	-0.163770E-02
36.830000	-0.218489E-02
36.840000	-0.249699E-02
36.850000	-0.250805E-02
36.860000	-0.208996E-02
36.870000	-0.898177E-03
36.880000	0.107992E-02
36.890000	0.128175E-02
36.900000	0.190984E-03
36.910000	0.503424E-03
36.920000	0.185809E-02
36.930000	0.246179E-02
36.940000	0.234770E-02
36.950000	0.238695E-02
36.960000	0.191297E-02
36.970000	0.976600E-03
36.980000	-0.196892E-05
36.990000	-0.342271E-03
37.000000	0.606827E-03
37.010000	0.290783E-02
37.020000	0.584595E-02
37.030000	0.896341E-02
37.040000	0.103237E-01
37.050000	0.975184E-02
37.060000	0.936950E-02
37.070000	0.102336E-01
37.080000	0.105745E-01
37.090000	0.102812E-01
37.100000	0.983074E-02
37.110000	0.856021E-02
37.120000	0.676240E-02
37.130000	0.556068E-02
37.140000	0.481939E-02
37.150000	0.415247E-02
37.160000	0.371490E-02
37.170000	0.322549E-02
37.180000	0.304363E-02
37.190000	0.258879E-02
37.200000	0.224847E-02
37.210000	0.235500E-02
37.220000	0.253098E-02
37.230000	0.289720E-02
37.240000	0.298674E-02
37.250000	0.351279E-02
37.260000	0.493307E-02
37.270000	0.666562E-02
37.280000	0.713391E-02
37.290000	0.659277E-02
37.300000	0.650910E-02
37.310000	0.571781E-02
37.320000	0.366933E-02
37.330000	0.169116E-02
37.340000	0.127433E-02
37.350000	0.256107E-02
37.360000	0.368505E-02
37.370000	0.450950E-02
37.380000	0.519097E-02
37.390000	0.488060E-02
37.400000	0.423715E-02
37.410000	0.384564E-02
37.420000	0.392069E-02
37.430000	0.351969E-02
37.440000	0.227746E-02
37.450000	0.196716E-02
37.460000	0.381243E-02
37.470000	0.686350E-02
37.480000	0.788441E-02
37.490000	0.778281E-02
37.500000	0.818529E-02
37.510000	0.823914E-02
37.520000	0.737510E-02
37.530000	0.607890E-02
37.540000	0.483271E-02
37.550000	0.358632E-02
37.560000	0.195739E-02
37.570000	0.541762E-03
37.580000	-0.513236E-03
37.590000	-0.176015E-02
37.600000	-0.264188E-02
37.610000	-0.250497E-02
37.620000	-0.201754E-02
37.630000	-0.206213E-02
37.640000	-0.202509E-02
37.650000	-0.984715E-03
37.660000	0.310457E-03
37.670000	0.253572E-03
37.680000	-0.126983E-02
37.690000	-0.188168E-02
37.700000	-0.116106E-02
37.710000	-0.130655E-02
37.720000	-0.220328E-02
37.730000	-0.260060E-02
37.740000	-0.253489E-02
37.750000	-0.244756E-02
37.760000	-0.276889E-02
37.770000	-0.282157E-02
37.780000	-0.209287E-02
37.790000	-0.213110E-02
37.800000	-0.309139E-02
37.810000	-0.427588E-02
37.820000	-0.594973E-02
37.830000	-0.721164E-02
37.840000	-0.707745E-02
37.850000	-0.549819E-02
37.860000	-0.383567E-02
37.870000	-0.242413E-02
37.880000	-0.106801E-02
37.890000	0.825483E-03
37.900000	0.230414E-02
37.910000	0.176348E-02
37.920000	0.527738E-03
37.930000	-0.339051E-04
37.940000	-0.746141E-03
37.950000	-0.178628E-02
37.960000	-0.290844E-02
37.970000	-0.448195E-02
37.980000	-0.646183E-02
37.990000	-0.845563E-02
38.000000	-0.972544E-02
38.010000	-0.978361E-02
38.020000	-0.909958E-02
38.030000	-0.795823E-02
38.040000	-0.737961E-02
38.050000	-0.768326E-02
38.060000	-0.782246E-02
38.070000	-0.727445E-02
38.080000	-0.620225E-02
38.090000	-0.473300E-02
38.100000	-0.342113E-02
38.110000	-0.390042E-02
38.120000	-0.512634E-02
38.130000	-0.577516E-02
38.140000	-0.606871E-02
38.150000	-0.619440E-02
38.160000	-0.659206E-02
38.170000	-0.682341E-02
38.180000	-0.620460E-02
38.190000	-0.580548E-02
38.200000	-0.599975E-02
38.210000	-0.598844E-02
38.220000	-0.551560E-02
38.230000	-0.423048E-02
38.240000	-0.238731E-02
38.250000	-0.102358E-02
38.260000	-0.329835E-03
38.270000	0.333536E-03
38.280000	0.527880E-03
38.290000	0.193999E-03
38.300000	0.395869E-03
38.310000	0.131106E-02
38.320000	0.245136E-02
38.330000	0.286721E-02
38.340000	0.263281E-02
38.350000	0.283441E-02
38.360000	0.442720E-02
38.370000	0.594144E-02
38.380000	0.572623E-02
38.390000	0.477727E-02
38.400000	0.472263E-02
38.410000	0.525646E-02
38.420000	0.546230E-02
38.430000	0.512571E-02
38.440000	0.402315E-02
38.450000	0.311567E-02
38.460000	0.318782E-02
38.470000	0.361201E-02
38.480000	0.364329E-02
38.490000	0.353235E-02
38.500000	0.379783E-02
38.510000	0.383581E-02
38.520000	0.358275E-02
38.530000	0.303736E-02
38.540000	0.195071E-02
38.550000	0.811911E-03
38.560000	0.409005E-03
38.570000	0.493757E-03
38.580000	0.456120E-03
38.590000	0.230182E-03
38.600000	0.526971E-03
38.610000	0.165740E-02
38.620000	0.263028E-02
38.630000	0.281060E-02
38.640000	0.244131E-02
38.650000	0.199888E-02
38.660000	0.151674E-02
38.670000	0.126137E-02
38.680000	0.156409E-02
38.690000	0.150658E-02
38.700000	0.723700E-03
38.710000	0.996782E-04
38.720000	-0.146336E-03
38.730000	-0.323947E-03
38.740000	-0.413020E-03
38.750000	0.214673E-03
38.760000	0.155438E-02
38.770000	0.271587E-02
38.780000	0.270163E-02
38.790000	0.182717E-02
38.800000	0.137360E-02
38.810000	0.116374E-02
38.820000	0.402760E-03
38.830000	-0.378437E-03
38.840000	-0.796705E-03
38.850000	-0.101932E-02
38.860000	-0.104348E-02
38.870000	-0.108691E-02
38.880000	-0.124319E-02
38.890000	-0.108904E-02
38.900000	-0.639883E-03
38.910000	-0.451082E-03
38.920000	-0.359559E-03
38.930000	0.549864E-05
38.940000	0.209510E-03
38.950000	0.350569E-03
38.960000	0.146137E-03
38.970000	-0.548290E-03
38.980000	-0.102133E-02
38.990000	-0.136310E-02
39.000000	-0.165326E-02
39.010000	-0.167033E-02
39.020000	-0.179502E-02
39.030000	-0.232746E-02
39.040000	-0.264316E-02
39.050000	-0.275507E-02
39.060000	-0.360322E-02
39.070000	-0.420712E-02
39.080000	-0.371745E-02
39.090000	-0.337348E-02
39.100000	-0.350992E-02
39.110000	-0.326822E-02
39.120000	-0.255384E-02
39.130000	-0.232126E-02
39.140000	-0.295165E-02
39.150000	-0.353097E-02
39.160000	-0.343939E-02
39.170000	-0.302520E-02
39.180000	-0.278000E-02
39.190000	-0.270267E-02
39.200000	-0.236831E-02
39.210000	-0.194988E-02
39.220000	-0.152810E-02
39.230000	-0.966051E-03
39.240000	-0.844735E-03
39.250000	-0.906571E-03
39.260000	-0.861410E-03
39.270000	-0.738819E-03
39.280000	-0.479194E-03
39.290000	-0.279872E-03
39.300000	-0.265148E-03
39.310000	-0.328350E-03
39.320000	-0.271383E-03
39.330000	-0.177014E-03
39.340000	-0.909117E-04
39.350000	0.180246E-03
39.360000	0.636696E-03
39.370000	0.860619E-03
39.380000	0.562761E-03
39.390000	0.250239E-03
39.400000	0.226531E-03
39.410000	0.904181E-04
39.420000	-0.597560E-04
39.430000	0.195410E-03
39.440000	0.587534E-03
39.450000	0.957840E-03
39.460000	0.131227E-02
39.470000	0.162984E-02
39.480000	0.179463E-02
39.490000	0.166397E-02
39.500000	0.158006E-02
39.510000	0.176880E-02
39.520000	0.192487E-02
39.530000	0.185068E-02
39.540000	0.168847E-02
39.550000	0.160614E-02
39.560000	0.149153E-02
39.570000	0.143166E-02
39.580000	0.159883E-02
39.590000	0.175290E-02
39.600000	0.174771E-02
39.610000	0.175529E-02
39.620000	0.185666E-02
39.630000	0.201452E-02
39.640000	0.208364E-02
39.650000	0.208513E-02
39.660000	0.206916E-02
39.670000	0.203075E-02
39.680000	0.200755E-02
39.690000	0.204221E-02
39.700000	0.208045E-02
39.710000	0.200454E-02
39.720000	0.200027E-02
39.730000	0.205481E-02
39.740000	0.196686E-02
39.750000	0.184529E-02
39.760000	0.181467E-02
39.770000	0.181800E-02
39.780000	0.176334E-02
39.790000	0.154686E-02
39.800000	0.134120E-02
39.810000	0.127480E-02
39.820000	0.126585E-02
39.830000	0.126844E-02
39.840000	0.127429E-02
39.850000	0.131181E-02
39.860000	0.136564E-02
39.870000	0.126886E-02
39.880000	0.104911E-02
39.890000	0.866689E-03
39.900000	0.748727E-03
39.910000	0.594866E-03
39.920000	0.482303E-03
39.930000	0.514929E-03
39.940000	0.508186E-03
39.950000	0.390454E-03
39.960000	0.292907E-03
39.970000	0.255304E-03
39.980000	0.208967E-03
39.990000	0.140824E-03
40.000000	0.108868E-03
40.010000	0.144603E-03
40.020000	0.205530E-03
40.030000	0.226785E-03
40.040000	0.135303E-03
40.050000	0.102928E-05
40.060000	-0.713239E-04
40.070000	-0.159186E-03
40.080000	-0.278437E-03
40.090000	-0.361557E-03
40.100000	-0.377543E-03
40.110000	-0.383256E-03
40.120000	-0.391500E-03
40.130000	-0.381782E-03
40.140000	-0.407000E-03
40.150000	-0.440161E-03
40.160000	-0.456272E-03
40.170000	-0.454814E-03
40.180000	-0.443901E-03
40.190000	-0.469506E-03
40.200000	-0.514364E-03
40.210000	-0.546126E-03
40.220000	-0.565221E-03
40.230000	-0.587710E-03
40.240000	-0.616756E-03
40.250000	-0.629797E-03
40.260000	-0.617260E-03
40.270000	-0.593874E-03
40.280000	-0.581350E-03
40.290000	-0.579935E-03
40.300000	-0.573427E-03
40.310000	-0.565712E-03
40.320000	-0.558269E-03
40.330000	-0.542000E-03
40.340000	-0.527615E-03
40.350000	-0.510349E-03
40.360000	-0.493058E-03
40.370000	-0.482234E-03
40.380000	-0.470067E-03
40.390000	-0.466763E-03
40.400000	-0.468505E-03
40.410000	-0.462188E-03
40.420000	-0.445150E-03
40.430000	-0.426140E-03
40.440000	-0.410744E-03
40.450000	-0.397813E-03
40.460000	-0.381857E-03
40.470000	-0.358474E-03
40.480000	-0.335931E-03
40.490000	-0.320493E-03
40.500000	-0.309060E-03
40.510000	-0.299801E-03
40.520000	-0.291590E-03
40.530000	-0.280089E-03
40.540000	-0.269270E-03
40.550000	-0.259939E-03
40.560000	-0.249327E-03
40.570000	-0.239797E-03
40.580000	-0.231897E-03
40.590000	-0.222712E-03
40.600000	-0.210619E-03
40.610000	-0.198026E-03
40.620000	-0.185956E-03
40.630000	-0.175826E-03
40.640000	-0.167673E-03
40.650000	-0.159808E-03
40.660000	-0.152335E-03
40.670000	-0.145012E-03
40.680000	-0.137447E-03
40.690000	-0.130174E-03
40.700000	-0.123337E-03
40.710000	-0.116243E-03
40.720000	-0.108504E-03
40.730000	-0.100482E-03
40.740000	-0.926174E-04
40.750000	-0.849133E-04
40.760000	-0.774277E-04
40.770000	-0.702380E-04
40.780000	-0.632273E-04
40.790000	-0.563351E-04
40.800000	-0.496595E-04
40.810000	-0.432383E-04
40.820000	-0.369657E-04
40.830000	-0.307797E-04
40.840000	-0.246833E-04
40.850000	-0.186875E-04
40.860000	-0.128028E-04
40.870000	-0.703966E-05
40.880000	-0.138443E-05
40.890000	0.417748E-05
40.900000	0.964304E-05
40.910000	0.150002E-04
40.920000	0.202462E-04
40.930000	0.253852E-04
40.940000	0.304198E-04
40.950000	0.353501E-04
40.960000	0.401752E-04
