0.000000	0.000000
0.010000	0.349305E-04
0.020000	0.219954E-04
0.030000	0.399972E-04
0.040000	0.260380E-04
0.050000	0.425748E-04
0.060000	0.198073E-04
0.070000	0.215152E-04
0.080000	0.433277E-05
0.090000	0.189468E-04
0.100000	0.185334E-04
0.110000	0.686961E-04
0.120000	0.661352E-04
0.130000	0.621894E-04
0.140000	0.194215E-04
0.150000	0.327989E-04
0.160000	-0.237401E-04
0.170000	-0.392764E-04
0.180000	-0.481091E-04
0.190000	-0.439130E-04
0.200000	-0.664606E-04
0.210000	-0.136808E-03
0.220000	-0.209811E-03
0.230000	-0.203323E-03
0.240000	-0.136856E-03
0.250000	0.658645E-04
0.260000	0.486344E-04
0.270000	0.157564E-03
0.280000	0.246767E-03
0.290000	0.235335E-03
0.300000	0.241537E-03
0.310000	0.132729E-03
0.320000	-0.998472E-05
0.330000	0.358876E-04
0.340000	0.240071E-03
0.350000	0.309165E-03
0.360000	0.367151E-03
0.370000	0.628957E-03
0.380000	0.413580E-03
0.390000	-0.142621E-04
0.400000	-0.452032E-03
0.410000	-0.767973E-03
0.420000	-0.870958E-03
0.430000	-0.612228E-03
0.440000	-0.141549E-03
0.450000	0.649949E-03
0.460000	0.100085E-02
0.470000	0.139872E-02
0.480000	0.192865E-02
0.490000	0.168922E-02
0.500000	0.102632E-02
0.510000	0.428254E-03
0.520000	0.123454E-03
0.530000	-0.105262E-02
0.540000	-0.267866E-02
0.550000	-0.412891E-02
0.560000	-0.526147E-02
0.570000	-0.553143E-02
0.580000	-0.531741E-02
0.590000	-0.393631E-02
0.600000	-0.234448E-02
0.610000	-0.159613E-02
0.620000	-0.707027E-03
0.630000	-0.217957E-03
0.640000	0.883793E-03
0.650000	0.184212E-02
0.660000	0.313355E-02
0.670000	0.514239E-02
0.680000	0.773443E-02
0.690000	0.920502E-02
0.700000	0.908838E-02
0.710000	0.814757E-02
0.720000	0.614838E-02
0.730000	0.226303E-02
0.740000	-0.212599E-02
0.750000	-0.407686E-02
0.760000	-0.414101E-02
0.770000	-0.430523E-02
0.780000	-0.394483E-02
0.790000	-0.315555E-02
0.800000	-0.319591E-02
0.810000	-0.480593E-02
0.820000	-0.594838E-02
0.830000	-0.645839E-02
0.840000	-0.680170E-02
0.850000	-0.584668E-02
0.860000	-0.424510E-02
0.870000	-0.621178E-03
0.880000	0.301239E-02
0.890000	0.584412E-02
0.900000	0.923309E-02
0.910000	0.111135E-01
0.920000	0.116382E-01
0.930000	0.119628E-01
0.940000	0.102602E-01
0.950000	0.577733E-02
0.960000	-0.189130E-02
0.970000	-0.101442E-01
0.980000	-0.114897E-01
0.990000	-0.744357E-02
1.000000	-0.354926E-02
1.010000	0.717776E-03
1.020000	0.463415E-03
1.030000	-0.380585E-02
1.040000	-0.728160E-02
1.050000	-0.922238E-02
1.060000	-0.871545E-02
1.070000	-0.758994E-02
1.080000	-0.582476E-02
1.090000	-0.383859E-02
1.100000	-0.394145E-02
1.110000	-0.538776E-02
1.120000	-0.552151E-02
1.130000	-0.546369E-02
1.140000	-0.434110E-02
1.150000	-0.291080E-02
1.160000	0.276423E-02
1.170000	0.106974E-01
1.180000	0.180908E-01
1.190000	0.265973E-01
1.200000	0.286102E-01
1.210000	0.268255E-01
1.220000	0.265727E-01
1.230000	0.256883E-01
1.240000	0.213359E-01
1.250000	0.166081E-01
1.260000	0.832647E-02
1.270000	-0.150344E-02
1.280000	-0.108815E-01
1.290000	-0.171142E-01
1.300000	-0.196754E-01
1.310000	-0.205219E-01
1.320000	-0.205859E-01
1.330000	-0.201763E-01
1.340000	-0.217444E-01
1.350000	-0.212796E-01
1.360000	-0.224734E-01
1.370000	-0.233942E-01
1.380000	-0.215542E-01
1.390000	-0.166817E-01
1.400000	-0.307942E-02
1.410000	0.158546E-01
1.420000	0.265608E-01
1.430000	0.268925E-01
1.440000	0.220197E-01
1.450000	0.169201E-01
1.460000	0.105803E-01
1.470000	0.601064E-02
1.480000	-0.191954E-02
1.490000	-0.831570E-02
1.500000	-0.124268E-01
1.510000	-0.126365E-01
1.520000	-0.107923E-01
1.530000	-0.861842E-02
1.540000	-0.389044E-02
1.550000	0.109896E-02
1.560000	0.136364E-02
1.570000	0.430403E-02
1.580000	0.110263E-01
1.590000	0.157282E-01
1.600000	0.188038E-01
1.610000	0.201240E-01
1.620000	0.164857E-01
1.630000	0.815583E-02
1.640000	0.214131E-02
1.650000	-0.346831E-02
1.660000	-0.982009E-02
1.670000	-0.125183E-01
1.680000	-0.137921E-01
1.690000	-0.107343E-01
1.700000	-0.667011E-02
1.710000	-0.153168E-02
1.720000	0.428764E-02
1.730000	0.719787E-02
1.740000	0.918221E-02
1.750000	0.101764E-01
1.760000	0.627159E-02
1.770000	0.100782E-02
1.780000	-0.367917E-02
1.790000	-0.669985E-02
1.800000	-0.828983E-02
1.810000	-0.827403E-02
1.820000	-0.949401E-02
1.830000	-0.132582E-01
1.840000	-0.143038E-01
1.850000	-0.134363E-01
1.860000	-0.117629E-01
1.870000	-0.860455E-02
1.880000	-0.984973E-02
1.890000	-0.925839E-02
1.900000	-0.697654E-02
1.910000	-0.512967E-03
1.920000	0.795452E-02
1.930000	0.171930E-01
1.940000	0.225465E-01
1.950000	0.238510E-01
1.960000	0.217308E-01
1.970000	0.171113E-01
1.980000	0.140350E-01
1.990000	0.114107E-01
2.000000	0.828460E-02
2.010000	0.535411E-02
2.020000	0.334548E-03
2.030000	-0.712337E-02
2.040000	-0.119159E-01
2.050000	-0.123343E-01
2.060000	-0.118996E-01
2.070000	-0.324288E-02
2.080000	-0.154643E-02
2.090000	-0.333720E-02
2.100000	-0.252604E-02
2.110000	-0.231096E-02
2.120000	-0.228892E-02
2.130000	-0.263190E-02
2.140000	-0.380326E-02
2.150000	-0.563497E-02
2.160000	-0.768322E-02
2.170000	-0.110529E-01
2.180000	-0.814112E-02
2.190000	-0.238704E-02
2.200000	-0.622751E-02
2.210000	-0.119013E-01
2.220000	-0.167955E-01
2.230000	-0.208803E-01
2.240000	-0.191852E-01
2.250000	-0.155284E-01
2.260000	-0.108796E-01
2.270000	-0.547121E-02
2.280000	-0.161418E-02
2.290000	0.793716E-03
2.300000	0.147756E-02
2.310000	0.142943E-02
2.320000	0.149138E-02
2.330000	0.262471E-02
2.340000	0.498982E-02
2.350000	0.885260E-02
2.360000	0.140938E-01
2.370000	0.220250E-01
2.380000	0.291016E-01
2.390000	0.321022E-01
2.400000	0.326522E-01
2.410000	0.299323E-01
2.420000	0.229816E-01
2.430000	0.126950E-01
2.440000	0.586367E-02
2.450000	-0.127149E-02
2.460000	-0.890805E-02
2.470000	-0.135272E-01
2.480000	-0.164782E-01
2.490000	-0.197304E-01
2.500000	-0.195885E-01
2.510000	-0.190916E-01
2.520000	-0.164541E-01
2.530000	-0.155017E-01
2.540000	-0.189081E-01
2.550000	-0.237816E-01
2.560000	-0.240053E-01
2.570000	-0.176876E-01
2.580000	-0.137587E-01
2.590000	-0.411658E-02
2.600000	0.423278E-02
2.610000	0.593089E-02
2.620000	0.779366E-02
2.630000	0.461180E-02
2.640000	-0.563381E-03
2.650000	-0.629314E-02
2.660000	-0.148064E-01
2.670000	-0.196677E-01
2.680000	-0.194279E-01
2.690000	-0.152974E-01
2.700000	-0.888371E-02
2.710000	-0.284966E-02
2.720000	0.796712E-03
2.730000	-0.188149E-02
2.740000	-0.923774E-02
2.750000	-0.171806E-01
2.760000	-0.235052E-01
2.770000	-0.256163E-01
2.780000	-0.267754E-01
2.790000	-0.231205E-01
2.800000	-0.194921E-01
2.810000	-0.166536E-01
2.820000	-0.106583E-01
2.830000	0.639255E-03
2.840000	0.185316E-01
2.850000	0.374792E-01
2.860000	0.638113E-01
2.870000	0.882429E-01
2.880000	0.921523E-01
2.890000	0.939303E-01
2.900000	0.960508E-01
2.910000	0.961246E-01
2.920000	0.966404E-01
2.930000	0.981114E-01
2.940000	0.993520E-01
2.950000	0.103542E+00
2.960000	0.105404E+00
2.970000	0.105910E+00
2.980000	0.105402E+00
2.990000	0.101568E+00
3.000000	0.956148E-01
3.010000	0.825463E-01
3.020000	0.329956E-01
3.030000	-0.646341E-02
3.040000	-0.121448E-01
3.050000	-0.163685E-01
3.060000	-0.139864E-01
3.070000	-0.738675E-02
3.080000	0.206828E-01
3.090000	0.970255E-01
3.100000	0.145500E+00
3.110000	0.141282E+00
3.120000	0.139331E+00
3.130000	0.136876E+00
3.140000	0.126794E+00
3.150000	0.102050E+00
3.160000	0.504122E-01
3.170000	0.375247E-03
3.180000	-0.480325E-01
3.190000	-0.822937E-01
3.200000	-0.925695E-01
3.210000	-0.101012E+00
3.220000	-0.112729E+00
3.230000	-0.131711E+00
3.240000	-0.167310E+00
3.250000	-0.205254E+00
3.260000	-0.218655E+00
3.270000	-0.214197E+00
3.280000	-0.214217E+00
3.290000	-0.211160E+00
3.300000	-0.203417E+00
3.310000	-0.193232E+00
3.320000	-0.172726E+00
3.330000	-0.110555E+00
3.340000	0.907092E-02
3.350000	0.133727E+00
3.360000	0.185758E+00
3.370000	0.222741E+00
3.380000	0.258455E+00
3.390000	0.218103E+00
3.400000	0.109104E+00
3.410000	0.149233E-01
3.420000	-0.719807E-01
3.430000	-0.135523E+00
3.440000	-0.154264E+00
3.450000	-0.157493E+00
3.460000	-0.149642E+00
3.470000	-0.133535E+00
3.480000	-0.130103E+00
3.490000	-0.126543E+00
3.500000	-0.103335E+00
3.510000	-0.138868E-01
3.520000	0.787505E-01
3.530000	0.143463E+00
3.540000	0.174745E+00
3.550000	0.153357E+00
3.560000	0.104769E+00
3.570000	0.102117E-01
3.580000	-0.992928E-01
3.590000	-0.200511E+00
3.600000	-0.216364E+00
3.610000	-0.179239E+00
3.620000	-0.201299E+00
3.630000	-0.222695E+00
3.640000	-0.201291E+00
3.650000	-0.185035E+00
3.660000	-0.186532E+00
3.670000	-0.196914E+00
3.680000	-0.212761E+00
3.690000	-0.220939E+00
3.700000	-0.221731E+00
3.710000	-0.215413E+00
3.720000	-0.203791E+00
3.730000	-0.180843E+00
3.740000	-0.113513E+00
3.750000	-0.476803E-01
3.760000	0.137246E-01
3.770000	0.753660E-01
3.780000	0.137786E+00
3.790000	0.161890E+00
3.800000	0.155659E+00
3.810000	0.152744E+00
3.820000	0.139467E+00
3.830000	0.117317E+00
3.840000	0.941370E-01
3.850000	0.806676E-01
3.860000	0.781596E-01
3.870000	0.809923E-01
3.880000	0.938487E-01
3.890000	0.112780E+00
3.900000	0.130339E+00
3.910000	0.143455E+00
3.920000	0.154531E+00
3.930000	0.158507E+00
3.940000	0.156535E+00
3.950000	0.151732E+00
3.960000	0.144508E+00
3.970000	0.135594E+00
3.980000	0.125990E+00
3.990000	0.120319E+00
4.000000	0.984583E-01
4.010000	0.436695E-01
4.020000	-0.108395E-01
4.030000	-0.673023E-01
4.040000	-0.771386E-01
4.050000	-0.522774E-01
4.060000	-0.481095E-01
4.070000	-0.490880E-01
4.080000	-0.333730E-01
4.090000	-0.119164E-01
4.100000	0.139653E-01
4.110000	0.594800E-01
4.120000	0.804467E-01
4.130000	0.480577E-01
4.140000	0.130240E-02
4.150000	-0.392197E-01
4.160000	-0.788186E-01
4.170000	-0.105884E+00
4.180000	-0.115800E+00
4.190000	-0.120458E+00
4.200000	-0.122861E+00
4.210000	-0.121428E+00
4.220000	-0.118028E+00
4.230000	-0.112243E+00
4.240000	-0.101804E+00
4.250000	-0.781513E-01
4.260000	-0.589545E-01
4.270000	-0.435370E-01
4.280000	-0.276993E-01
4.290000	-0.172806E-01
4.300000	-0.114986E-01
4.310000	-0.724699E-02
4.320000	-0.134689E-02
4.330000	0.624673E-02
4.340000	0.184085E-01
4.350000	0.351905E-01
4.360000	0.656476E-01
4.370000	0.101576E+00
4.380000	0.130896E+00
4.390000	0.150098E+00
4.400000	0.165151E+00
4.410000	0.180542E+00
4.420000	0.189712E+00
4.430000	0.194375E+00
4.440000	0.194282E+00
4.450000	0.191130E+00
4.460000	0.183620E+00
4.470000	0.172762E+00
4.480000	0.160829E+00
4.490000	0.136873E+00
4.500000	0.849684E-01
4.510000	0.342904E-01
4.520000	0.165625E-01
4.530000	0.553931E-02
4.540000	-0.360935E-01
4.550000	-0.638073E-01
4.560000	-0.104387E+00
4.570000	-0.171929E+00
4.580000	-0.212095E+00
4.590000	-0.212058E+00
4.600000	-0.203810E+00
4.610000	-0.196020E+00
4.620000	-0.160841E+00
4.630000	-0.935202E-01
4.640000	-0.319897E-01
4.650000	0.221815E-01
4.660000	0.805587E-01
4.670000	0.119120E+00
4.680000	0.138384E+00
4.690000	0.152477E+00
4.700000	0.155651E+00
4.710000	0.168829E+00
4.720000	0.214928E+00
4.730000	0.229304E+00
4.740000	0.207042E+00
4.750000	0.172993E+00
4.760000	0.133479E+00
4.770000	0.111589E+00
4.780000	0.112719E+00
4.790000	0.114160E+00
4.800000	0.102824E+00
4.810000	0.907550E-01
4.820000	0.853907E-01
4.830000	0.770022E-01
4.840000	0.701768E-01
4.850000	0.676618E-01
4.860000	0.650519E-01
4.870000	0.634464E-01
4.880000	0.633056E-01
4.890000	0.636319E-01
4.900000	0.633508E-01
4.910000	0.632335E-01
4.920000	0.601187E-01
4.930000	0.584293E-01
4.940000	0.297566E-01
4.950000	-0.218193E-01
4.960000	-0.374657E-01
4.970000	-0.370045E-01
4.980000	-0.555977E-01
4.990000	-0.775574E-01
5.000000	-0.890587E-01
5.010000	-0.110841E+00
5.020000	-0.137573E+00
5.030000	-0.150955E+00
5.040000	-0.161757E+00
5.050000	-0.142650E+00
5.060000	-0.139202E+00
5.070000	-0.160910E+00
5.080000	-0.174883E+00
5.090000	-0.196148E+00
5.100000	-0.221984E+00
5.110000	-0.239527E+00
5.120000	-0.240875E+00
5.130000	-0.234518E+00
5.140000	-0.228496E+00
5.150000	-0.217482E+00
5.160000	-0.197159E+00
5.170000	-0.160651E+00
5.180000	-0.131861E+00
5.190000	-0.116077E+00
5.200000	-0.107901E+00
5.210000	-0.108816E+00
5.220000	-0.110142E+00
5.230000	-0.107044E+00
5.240000	-0.955643E-01
5.250000	-0.899166E-01
5.260000	-0.840328E-01
5.270000	-0.756649E-01
5.280000	-0.659871E-01
5.290000	-0.564408E-01
5.300000	-0.484507E-01
5.310000	-0.358494E-01
5.320000	-0.217778E-01
5.330000	-0.967865E-02
5.340000	0.258781E-02
5.350000	0.169351E-01
5.360000	0.401094E-01
5.370000	0.717129E-01
5.380000	0.925975E-01
5.390000	0.971740E-01
5.400000	0.954374E-01
5.410000	0.901064E-01
5.420000	0.919375E-01
5.430000	0.104468E+00
5.440000	0.114406E+00
5.450000	0.119888E+00
5.460000	0.123538E+00
5.470000	0.125770E+00
5.480000	0.130629E+00
5.490000	0.137181E+00
5.500000	0.149914E+00
5.510000	0.162497E+00
5.520000	0.169289E+00
5.530000	0.172909E+00
5.540000	0.174541E+00
5.550000	0.172261E+00
5.560000	0.167685E+00
5.570000	0.160937E+00
5.580000	0.151463E+00
5.590000	0.138998E+00
5.600000	0.107397E+00
5.610000	0.536196E-01
5.620000	0.814529E-02
5.630000	-0.402595E-01
5.640000	-0.668103E-01
5.650000	-0.520617E-01
5.660000	-0.501448E-01
5.670000	-0.634360E-01
5.680000	-0.634442E-01
5.690000	-0.532560E-01
5.700000	-0.393097E-01
5.710000	-0.258431E-01
5.720000	-0.152357E-02
5.730000	0.118199E-01
5.740000	0.108450E-01
5.750000	0.387337E-02
5.760000	-0.125298E-01
5.770000	-0.385606E-01
5.780000	-0.533632E-01
5.790000	-0.567070E-01
5.800000	-0.605093E-01
5.810000	-0.737561E-01
5.820000	-0.821377E-01
5.830000	-0.986914E-01
5.840000	-0.113535E+00
5.850000	-0.111347E+00
5.860000	-0.999531E-01
5.870000	-0.798041E-01
5.880000	-0.614209E-01
5.890000	-0.213001E-01
5.900000	0.307727E-01
5.910000	0.473384E-01
5.920000	0.522090E-01
5.930000	0.535563E-01
5.940000	0.468684E-01
5.950000	0.216915E-01
5.960000	0.398277E-03
5.970000	-0.276031E-01
5.980000	-0.619633E-01
5.990000	-0.787598E-01
6.000000	-0.895468E-01
6.010000	-0.108868E+00
6.020000	-0.117377E+00
6.030000	-0.113747E+00
6.040000	-0.102064E+00
6.050000	-0.100810E+00
6.060000	-0.105391E+00
6.070000	-0.102150E+00
6.080000	-0.694499E-01
6.090000	-0.338907E-01
6.100000	-0.237223E-01
6.110000	-0.185113E-01
6.120000	-0.897651E-02
6.130000	-0.740891E-02
6.140000	-0.106232E-01
6.150000	-0.229269E-01
6.160000	-0.360046E-01
6.170000	-0.769372E-01
6.180000	-0.101062E+00
6.190000	-0.106776E+00
6.200000	-0.119066E+00
6.210000	-0.123586E+00
6.220000	-0.121970E+00
6.230000	-0.117108E+00
6.240000	-0.112945E+00
6.250000	-0.971647E-01
6.260000	-0.803911E-01
6.270000	-0.646564E-01
6.280000	-0.550551E-01
6.290000	-0.250481E-01
6.300000	0.173539E-02
6.310000	0.204991E-01
6.320000	0.452054E-01
6.330000	0.765376E-01
6.340000	0.107605E+00
6.350000	0.140256E+00
6.360000	0.173802E+00
6.370000	0.222554E+00
6.380000	0.273788E+00
6.390000	0.323881E+00
6.400000	0.349430E+00
6.410000	0.342859E+00
6.420000	0.352257E+00
6.430000	0.349672E+00
6.440000	0.335966E+00
6.450000	0.339164E+00
6.460000	0.319763E+00
6.470000	0.276643E+00
6.480000	0.235892E+00
6.490000	0.209955E+00
6.500000	0.167105E+00
6.510000	0.115850E+00
6.520000	0.895493E-01
6.530000	0.745090E-01
6.540000	0.219314E-01
6.550000	0.306410E-03
6.560000	-0.256711E-02
6.570000	-0.101304E-01
6.580000	-0.546660E-02
6.590000	0.117627E-02
6.600000	0.767028E-02
6.610000	0.853878E-02
6.620000	0.690997E-02
6.630000	-0.163385E-02
6.640000	-0.147238E-01
6.650000	-0.473412E-01
6.660000	-0.864616E-01
6.670000	-0.129473E+00
6.680000	-0.175730E+00
6.690000	-0.196960E+00
6.700000	-0.215469E+00
6.710000	-0.250061E+00
6.720000	-0.261711E+00
6.730000	-0.251267E+00
6.740000	-0.240747E+00
6.750000	-0.231538E+00
6.760000	-0.223384E+00
6.770000	-0.217667E+00
6.780000	-0.212366E+00
6.790000	-0.211767E+00
6.800000	-0.213479E+00
6.810000	-0.214935E+00
6.820000	-0.212381E+00
6.830000	-0.207730E+00
6.840000	-0.196456E+00
6.850000	-0.184287E+00
6.860000	-0.171834E+00
6.870000	-0.160574E+00
6.880000	-0.128086E+00
6.890000	-0.634398E-01
6.900000	-0.228031E-01
6.910000	-0.470983E-02
6.920000	0.171559E-01
6.930000	0.371167E-01
6.940000	0.542148E-01
6.950000	0.738838E-01
6.960000	0.100839E+00
6.970000	0.125481E+00
6.980000	0.140866E+00
6.990000	0.145693E+00
7.000000	0.143382E+00
7.010000	0.141426E+00
7.020000	0.105264E+00
7.030000	0.415044E-01
7.040000	-0.478657E-03
7.050000	0.625916E-02
7.060000	0.146641E-01
7.070000	0.462062E-01
7.080000	0.105586E+00
7.090000	0.126034E+00
7.100000	0.128204E+00
7.110000	0.135450E+00
7.120000	0.145365E+00
7.130000	0.143839E+00
7.140000	0.140003E+00
7.150000	0.135944E+00
7.160000	0.130960E+00
7.170000	0.120581E+00
7.180000	0.114079E+00
7.190000	0.113669E+00
7.200000	0.120765E+00
7.210000	0.128481E+00
7.220000	0.139542E+00
7.230000	0.143972E+00
7.240000	0.140881E+00
7.250000	0.136343E+00
7.260000	0.101289E+00
7.270000	0.431001E-01
7.280000	-0.564978E-02
7.290000	-0.563788E-01
7.300000	-0.105608E+00
7.310000	-0.148301E+00
7.320000	-0.162771E+00
7.330000	-0.180040E+00
7.340000	-0.189744E+00
7.350000	-0.207981E+00
7.360000	-0.222191E+00
7.370000	-0.233243E+00
7.380000	-0.231121E+00
7.390000	-0.221031E+00
7.400000	-0.132480E+00
7.410000	0.158263E-02
7.420000	0.122901E+00
7.430000	0.141626E+00
7.440000	0.127782E+00
7.450000	0.141592E+00
7.460000	0.145886E+00
7.470000	0.144304E+00
7.480000	0.145556E+00
7.490000	0.146175E+00
7.500000	0.141787E+00
7.510000	0.132368E+00
7.520000	0.125670E+00
7.530000	0.889568E-01
7.540000	0.659174E-01
7.550000	0.611665E-01
7.560000	0.506622E-01
7.570000	0.397382E-01
7.580000	0.101353E-01
7.590000	-0.176786E-01
7.600000	-0.213788E-01
7.610000	-0.197170E-01
7.620000	-0.148791E-01
7.630000	-0.614847E-02
7.640000	0.500655E-02
7.650000	0.929113E-02
7.660000	0.754752E-02
7.670000	0.144357E-02
7.680000	-0.102489E-01
7.690000	-0.268058E-01
7.700000	-0.461154E-01
7.710000	-0.654428E-01
7.720000	-0.835244E-01
7.730000	-0.100654E+00
7.740000	-0.108051E+00
7.750000	-0.123230E+00
7.760000	-0.147140E+00
7.770000	-0.147839E+00
7.780000	-0.143274E+00
7.790000	-0.142174E+00
7.800000	-0.138062E+00
7.810000	-0.137037E+00
7.820000	-0.135255E+00
7.830000	-0.132643E+00
7.840000	-0.128234E+00
7.850000	-0.131432E+00
7.860000	-0.136158E+00
7.870000	-0.144351E+00
7.880000	-0.141896E+00
7.890000	-0.144107E+00
7.900000	-0.143033E+00
7.910000	-0.137662E+00
7.920000	-0.127817E+00
7.930000	-0.122360E+00
7.940000	-0.946360E-01
7.950000	-0.585514E-01
7.960000	0.604960E-01
7.970000	0.137352E+00
7.980000	0.161928E+00
7.990000	0.204476E+00
8.000000	0.263082E+00
8.010000	0.320527E+00
8.020000	0.337312E+00
8.030000	0.339325E+00
8.040000	0.379666E+00
8.050000	0.410890E+00
8.060000	0.415783E+00
8.070000	0.409091E+00
8.080000	0.359355E+00
8.090000	0.291918E+00
8.100000	0.281604E+00
8.110000	0.279020E+00
8.120000	0.259773E+00
8.130000	0.248439E+00
8.140000	0.236598E+00
8.150000	0.226231E+00
8.160000	0.214842E+00
8.170000	0.218266E+00
8.180000	0.196089E+00
8.190000	0.151405E+00
8.200000	0.108312E+00
8.210000	0.787306E-01
8.220000	0.490604E-01
8.230000	0.798073E-02
8.240000	-0.342099E-01
8.250000	-0.653976E-01
8.260000	-0.879962E-01
8.270000	-0.110460E+00
8.280000	-0.134554E+00
8.290000	-0.146950E+00
8.300000	-0.174757E+00
8.310000	-0.208440E+00
8.320000	-0.219371E+00
8.330000	-0.218027E+00
8.340000	-0.216724E+00
8.350000	-0.207995E+00
8.360000	-0.196454E+00
8.370000	-0.188183E+00
8.380000	-0.184371E+00
8.390000	-0.179505E+00
8.400000	-0.177053E+00
8.410000	-0.176321E+00
8.420000	-0.178032E+00
8.430000	-0.178588E+00
8.440000	-0.179460E+00
8.450000	-0.179100E+00
8.460000	-0.181820E+00
8.470000	-0.184064E+00
8.480000	-0.188596E+00
8.490000	-0.196794E+00
8.500000	-0.221894E+00
8.510000	-0.250456E+00
8.520000	-0.273974E+00
8.530000	-0.283704E+00
8.540000	-0.285147E+00
8.550000	-0.288965E+00
8.560000	-0.292060E+00
8.570000	-0.289733E+00
8.580000	-0.283103E+00
8.590000	-0.278431E+00
8.600000	-0.275233E+00
8.610000	-0.273724E+00
8.620000	-0.274403E+00
8.630000	-0.278874E+00
8.640000	-0.280505E+00
8.650000	-0.272587E+00
8.660000	-0.264234E+00
8.670000	-0.254209E+00
8.680000	-0.236207E+00
8.690000	-0.208139E+00
8.700000	-0.182871E+00
8.710000	-0.158756E+00
8.720000	-0.139956E+00
8.730000	-0.124332E+00
8.740000	-0.108342E+00
8.750000	-0.898591E-01
8.760000	-0.680506E-01
8.770000	-0.502825E-01
8.780000	-0.311200E-01
8.790000	-0.118956E-01
8.800000	0.283639E-02
8.810000	0.129657E-01
8.820000	0.178570E-01
8.830000	0.281055E-01
8.840000	0.431041E-01
8.850000	0.573433E-01
8.860000	0.715708E-01
8.870000	0.903310E-01
8.880000	0.100982E+00
8.890000	0.112248E+00
8.900000	0.126306E+00
8.910000	0.139903E+00
8.920000	0.151244E+00
8.930000	0.159683E+00
8.940000	0.165681E+00
8.950000	0.170718E+00
8.960000	0.174929E+00
8.970000	0.177971E+00
8.980000	0.178098E+00
8.990000	0.173742E+00
9.000000	0.166353E+00
9.010000	0.157281E+00
9.020000	0.143727E+00
9.030000	0.132263E+00
9.040000	0.122662E+00
9.050000	0.116241E+00
9.060000	0.109988E+00
9.070000	0.110558E+00
9.080000	0.114739E+00
9.090000	0.123533E+00
9.100000	0.133612E+00
9.110000	0.146340E+00
9.120000	0.158649E+00
9.130000	0.171592E+00
9.140000	0.188495E+00
9.150000	0.238148E+00
9.160000	0.253949E+00
9.170000	0.253769E+00
9.180000	0.257727E+00
9.190000	0.257141E+00
9.200000	0.260278E+00
9.210000	0.307197E+00
9.220000	0.358906E+00
9.230000	0.317641E+00
9.240000	0.200445E+00
9.250000	0.168033E+00
9.260000	0.260774E+00
9.270000	0.270265E+00
9.280000	0.200818E+00
9.290000	0.180978E+00
9.300000	0.171096E+00
9.310000	0.160580E+00
9.320000	0.156516E+00
9.330000	0.156500E+00
9.340000	0.156695E+00
9.350000	0.167407E+00
9.360000	0.149580E+00
9.370000	0.121216E+00
9.380000	0.113843E+00
9.390000	0.105990E+00
9.400000	0.975325E-01
9.410000	0.914608E-01
9.420000	0.841625E-01
9.430000	0.732792E-01
9.440000	0.587532E-01
9.450000	0.427833E-01
9.460000	0.149312E-01
9.470000	-0.113340E-01
9.480000	-0.350787E-01
9.490000	-0.569430E-01
9.500000	-0.725515E-01
9.510000	-0.849754E-01
9.520000	-0.111038E+00
9.530000	-0.137248E+00
9.540000	-0.170967E+00
9.550000	-0.204813E+00
9.560000	-0.219268E+00
9.570000	-0.226404E+00
9.580000	-0.231686E+00
9.590000	-0.236109E+00
9.600000	-0.239087E+00
9.610000	-0.241480E+00
9.620000	-0.238442E+00
9.630000	-0.234102E+00
9.640000	-0.232627E+00
9.650000	-0.228207E+00
9.660000	-0.221801E+00
9.670000	-0.216576E+00
9.680000	-0.211070E+00
9.690000	-0.205420E+00
9.700000	-0.196870E+00
9.710000	-0.189570E+00
9.720000	-0.178695E+00
9.730000	-0.163103E+00
9.740000	-0.149928E+00
9.750000	-0.132829E+00
9.760000	-0.114242E+00
9.770000	-0.999142E-01
9.780000	-0.834240E-01
9.790000	-0.668858E-01
9.800000	-0.642562E-01
9.810000	-0.700631E-01
9.820000	-0.715046E-01
9.830000	-0.613124E-01
9.840000	-0.483857E-01
9.850000	-0.380972E-01
9.860000	-0.266083E-01
9.870000	-0.160652E-01
9.880000	-0.448591E-02
9.890000	0.145850E-01
9.900000	0.302825E-01
9.910000	0.449358E-01
9.920000	0.602619E-01
9.930000	0.736425E-01
9.940000	0.861990E-01
9.950000	0.979596E-01
9.960000	0.111557E+00
9.970000	0.133513E+00
9.980000	0.145349E+00
9.990000	0.143977E+00
10.000000	0.146386E+00
10.010000	0.152350E+00
10.020000	0.205277E+00
10.030000	0.207734E+00
10.040000	0.190084E+00
10.050000	0.209774E+00
10.060000	0.204220E+00
10.070000	0.186044E+00
10.080000	0.182262E+00
10.090000	0.184845E+00
10.100000	0.176474E+00
10.110000	0.165460E+00
10.120000	0.149559E+00
10.130000	0.129034E+00
10.140000	0.998167E-01
10.150000	0.762827E-01
10.160000	0.610873E-01
10.170000	0.504136E-01
10.180000	0.415588E-01
10.190000	0.339601E-01
10.200000	0.242681E-01
10.210000	0.102669E-01
10.220000	-0.947542E-02
10.230000	-0.440077E-01
10.240000	-0.857330E-01
10.250000	-0.100630E+00
10.260000	-0.119804E+00
10.270000	-0.131046E+00
10.280000	-0.131135E+00
10.290000	-0.128240E+00
10.300000	-0.124996E+00
10.310000	-0.119413E+00
10.320000	-0.114150E+00
10.330000	-0.106813E+00
10.340000	-0.100474E+00
10.350000	-0.976070E-01
10.360000	-0.957914E-01
10.370000	-0.945576E-01
10.380000	-0.943372E-01
10.390000	-0.955134E-01
10.400000	-0.942753E-01
10.410000	-0.945782E-01
10.420000	-0.935509E-01
10.430000	-0.902752E-01
10.440000	-0.883368E-01
10.450000	-0.885536E-01
10.460000	-0.909135E-01
10.470000	-0.832285E-01
10.480000	-0.702766E-01
10.490000	-0.468488E-01
10.500000	-0.290692E-01
10.510000	-0.201826E-01
10.520000	0.464424E-02
10.530000	0.334581E-01
10.540000	0.474648E-01
10.550000	0.627459E-01
10.560000	0.833361E-01
10.570000	0.101988E+00
10.580000	0.117616E+00
10.590000	0.137245E+00
10.600000	0.160188E+00
10.610000	0.202424E+00
10.620000	0.229099E+00
10.630000	0.235082E+00
10.640000	0.238505E+00
10.650000	0.234640E+00
10.660000	0.223161E+00
10.670000	0.194042E+00
10.680000	0.120290E+00
10.690000	0.862945E-01
10.700000	0.449623E-01
10.710000	-0.655734E-02
10.720000	-0.192999E-01
10.730000	-0.119032E-01
10.740000	-0.450277E-02
10.750000	-0.899397E-02
10.760000	-0.284275E-01
10.770000	-0.385113E-01
10.780000	-0.435962E-01
10.790000	-0.507504E-01
10.800000	-0.545188E-01
10.810000	-0.561905E-01
10.820000	-0.577278E-01
10.830000	-0.648495E-01
10.840000	-0.758116E-01
10.850000	-0.947262E-01
10.860000	-0.113642E+00
10.870000	-0.130476E+00
10.880000	-0.137452E+00
10.890000	-0.135197E+00
10.900000	-0.130205E+00
10.910000	-0.123634E+00
10.920000	-0.115255E+00
10.930000	-0.107214E+00
10.940000	-0.978630E-01
10.950000	-0.869990E-01
10.960000	-0.744690E-01
10.970000	-0.661918E-01
10.980000	-0.626143E-01
10.990000	-0.598165E-01
11.000000	-0.562960E-01
11.010000	-0.516612E-01
11.020000	-0.441602E-01
11.030000	-0.330472E-01
11.040000	-0.199696E-01
11.050000	-0.101029E-02
11.060000	0.297270E-01
11.070000	0.465878E-01
11.080000	0.502336E-01
11.090000	0.527895E-01
11.100000	0.559849E-01
11.110000	0.555975E-01
11.120000	0.578749E-01
11.130000	0.597808E-01
11.140000	0.607371E-01
11.150000	0.613757E-01
11.160000	0.617756E-01
11.170000	0.574093E-01
11.180000	0.534506E-01
11.190000	0.492915E-01
11.200000	0.468430E-01
11.210000	0.474074E-01
11.220000	0.507393E-01
11.230000	0.569016E-01
11.240000	0.665233E-01
11.250000	0.769204E-01
11.260000	0.843106E-01
11.270000	0.884146E-01
11.280000	0.898982E-01
11.290000	0.855228E-01
11.300000	0.779868E-01
11.310000	0.719757E-01
11.320000	0.636519E-01
11.330000	0.577045E-01
11.340000	0.561885E-01
11.350000	0.554254E-01
11.360000	0.565683E-01
11.370000	0.595716E-01
11.380000	0.613379E-01
11.390000	0.577993E-01
11.400000	0.513711E-01
11.410000	0.374897E-01
11.420000	0.124272E-01
11.430000	-0.227748E-01
11.440000	-0.446810E-01
11.450000	-0.556168E-01
11.460000	-0.652738E-01
11.470000	-0.732147E-01
11.480000	-0.781305E-01
11.490000	-0.855272E-01
11.500000	-0.908818E-01
11.510000	-0.950026E-01
11.520000	-0.989861E-01
11.530000	-0.999865E-01
11.540000	-0.979977E-01
11.550000	-0.960706E-01
11.560000	-0.939521E-01
11.570000	-0.931812E-01
11.580000	-0.921872E-01
11.590000	-0.935532E-01
11.600000	-0.966067E-01
11.610000	-0.985485E-01
11.620000	-0.995268E-01
11.630000	-0.103388E+00
11.640000	-0.108862E+00
11.650000	-0.114599E+00
11.660000	-0.118634E+00
11.670000	-0.123639E+00
11.680000	-0.127347E+00
11.690000	-0.126638E+00
11.700000	-0.123331E+00
11.710000	-0.123190E+00
11.720000	-0.121387E+00
11.730000	-0.117196E+00
11.740000	-0.116144E+00
11.750000	-0.117940E+00
11.760000	-0.119588E+00
11.770000	-0.120588E+00
11.780000	-0.122154E+00
11.790000	-0.121811E+00
11.800000	-0.118573E+00
11.810000	-0.111965E+00
11.820000	-0.106451E+00
11.830000	-0.989023E-01
11.840000	-0.862501E-01
11.850000	-0.748516E-01
11.860000	-0.660305E-01
11.870000	-0.557269E-01
11.880000	-0.450284E-01
11.890000	-0.350980E-01
11.900000	-0.259404E-01
11.910000	-0.129370E-01
11.920000	0.212363E-02
11.930000	0.179582E-01
11.940000	0.308675E-01
11.950000	0.441433E-01
11.960000	0.584486E-01
11.970000	0.683619E-01
11.980000	0.814576E-01
11.990000	0.961174E-01
12.000000	0.107995E+00
12.010000	0.118063E+00
12.020000	0.127269E+00
12.030000	0.134036E+00
12.040000	0.140232E+00
12.050000	0.149202E+00
12.060000	0.162099E+00
12.070000	0.174968E+00
12.080000	0.184669E+00
12.090000	0.189279E+00
12.100000	0.189003E+00
12.110000	0.187332E+00
12.120000	0.183250E+00
12.130000	0.175838E+00
12.140000	0.167946E+00
12.150000	0.160920E+00
12.160000	0.152706E+00
12.170000	0.145954E+00
12.180000	0.139784E+00
12.190000	0.134742E+00
12.200000	0.129436E+00
12.210000	0.122081E+00
12.220000	0.110471E+00
12.230000	0.934655E-01
12.240000	0.812454E-01
12.250000	0.748067E-01
12.260000	0.709319E-01
12.270000	0.686760E-01
12.280000	0.644500E-01
12.290000	0.584632E-01
12.300000	0.525250E-01
12.310000	0.456381E-01
12.320000	0.392761E-01
12.330000	0.344043E-01
12.340000	0.280851E-01
12.350000	0.215189E-01
12.360000	0.137681E-01
12.370000	0.448380E-02
12.380000	-0.578067E-02
12.390000	-0.154575E-01
12.400000	-0.231624E-01
12.410000	-0.321649E-01
12.420000	-0.423902E-01
12.430000	-0.523775E-01
12.440000	-0.598225E-01
12.450000	-0.653648E-01
12.460000	-0.718183E-01
12.470000	-0.766221E-01
12.480000	-0.793389E-01
12.490000	-0.820401E-01
12.500000	-0.857723E-01
12.510000	-0.867218E-01
12.520000	-0.871300E-01
12.530000	-0.884794E-01
12.540000	-0.905529E-01
12.550000	-0.928662E-01
12.560000	-0.981423E-01
12.570000	-0.102353E+00
12.580000	-0.107423E+00
12.590000	-0.112607E+00
12.600000	-0.117441E+00
12.610000	-0.118322E+00
12.620000	-0.117197E+00
12.630000	-0.119658E+00
12.640000	-0.117522E+00
12.650000	-0.114256E+00
12.660000	-0.111094E+00
12.670000	-0.106384E+00
12.680000	-0.975162E-01
12.690000	-0.833952E-01
12.700000	-0.490647E-01
12.710000	-0.322242E-01
12.720000	-0.270775E-01
12.730000	-0.193419E-01
12.740000	-0.170198E-01
12.750000	-0.133334E-01
12.760000	-0.111280E-01
12.770000	-0.774035E-02
12.780000	-0.202285E-02
12.790000	0.429010E-02
12.800000	0.135281E-01
12.810000	0.234568E-01
12.820000	0.335135E-01
12.830000	0.443502E-01
12.840000	0.547381E-01
12.850000	0.633815E-01
12.860000	0.675456E-01
12.870000	0.687335E-01
12.880000	0.702073E-01
12.890000	0.682814E-01
12.900000	0.622165E-01
12.910000	0.592453E-01
12.920000	0.520871E-01
12.930000	0.428071E-01
12.940000	0.342119E-01
12.950000	0.268957E-01
12.960000	0.226500E-01
12.970000	0.198128E-01
12.980000	0.205478E-01
12.990000	0.223076E-01
13.000000	0.216160E-01
13.010000	0.209368E-01
13.020000	0.177869E-01
13.030000	0.140313E-01
13.040000	0.130213E-01
13.050000	0.112663E-01
13.060000	0.104841E-01
13.070000	0.103635E-01
13.080000	0.996532E-02
13.090000	0.100579E-01
13.100000	0.123841E-01
13.110000	0.179492E-01
13.120000	0.234063E-01
13.130000	0.275919E-01
13.140000	0.321229E-01
13.150000	0.353629E-01
13.160000	0.363524E-01
13.170000	0.387569E-01
13.180000	0.417082E-01
13.190000	0.454227E-01
13.200000	0.489007E-01
13.210000	0.505579E-01
13.220000	0.512018E-01
13.230000	0.534164E-01
13.240000	0.545938E-01
13.250000	0.555792E-01
13.260000	0.575984E-01
13.270000	0.578816E-01
13.280000	0.586308E-01
13.290000	0.583752E-01
13.300000	0.565503E-01
13.310000	0.547186E-01
13.320000	0.518323E-01
13.330000	0.439784E-01
13.340000	0.361130E-01
13.350000	0.272618E-01
13.360000	0.169940E-01
13.370000	0.601056E-02
13.380000	-0.268393E-02
13.390000	-0.934242E-02
13.400000	-0.135617E-01
13.410000	-0.146155E-01
13.420000	-0.150417E-01
13.430000	-0.175329E-01
13.440000	-0.192700E-01
13.450000	-0.201711E-01
13.460000	-0.228676E-01
13.470000	-0.274200E-01
13.480000	-0.338253E-01
13.490000	-0.385767E-01
13.500000	-0.429827E-01
13.510000	-0.473332E-01
13.520000	-0.496320E-01
13.530000	-0.492052E-01
13.540000	-0.480876E-01
13.550000	-0.464816E-01
13.560000	-0.429633E-01
13.570000	-0.398892E-01
13.580000	-0.368574E-01
13.590000	-0.360286E-01
13.600000	-0.351710E-01
13.610000	-0.368951E-01
13.620000	-0.399600E-01
13.630000	-0.433327E-01
13.640000	-0.481079E-01
13.650000	-0.539542E-01
13.660000	-0.575839E-01
13.670000	-0.643795E-01
13.680000	-0.701586E-01
13.690000	-0.769780E-01
13.700000	-0.824906E-01
13.710000	-0.873262E-01
13.720000	-0.943503E-01
13.730000	-0.975207E-01
13.740000	-0.998293E-01
13.750000	-0.100825E+00
13.760000	-0.982802E-01
13.770000	-0.941444E-01
13.780000	-0.872715E-01
13.790000	-0.773575E-01
13.800000	-0.647731E-01
13.810000	-0.504716E-01
13.820000	-0.377867E-01
13.830000	-0.297311E-01
13.840000	-0.243160E-01
13.850000	-0.194969E-01
13.860000	-0.146330E-01
13.870000	-0.111691E-01
13.880000	-0.839996E-02
13.890000	-0.673904E-02
13.900000	-0.648564E-02
13.910000	-0.514321E-02
13.920000	-0.228372E-02
13.930000	-0.421203E-03
13.940000	-0.308120E-03
13.950000	0.164906E-02
13.960000	0.324831E-02
13.970000	0.484010E-02
13.980000	0.510930E-02
13.990000	0.540025E-02
14.000000	0.744706E-02
14.010000	0.994352E-02
14.020000	0.100586E-01
14.030000	0.100520E-01
14.040000	0.102608E-01
14.050000	0.101041E-01
14.060000	0.713935E-02
14.070000	0.486410E-02
14.080000	0.270699E-02
14.090000	0.264609E-02
14.100000	0.323574E-02
14.110000	0.339501E-02
14.120000	0.652388E-02
14.130000	0.107979E-01
14.140000	0.145673E-01
14.150000	0.207083E-01
14.160000	0.263539E-01
14.170000	0.265544E-01
14.180000	0.260869E-01
14.190000	0.241776E-01
14.200000	0.201334E-01
14.210000	0.161019E-01
14.220000	0.149314E-01
14.230000	0.145178E-01
14.240000	0.126330E-01
14.250000	0.136753E-01
14.260000	0.150044E-01
14.270000	0.148647E-01
14.280000	0.166787E-01
14.290000	0.200802E-01
14.300000	0.228312E-01
14.310000	0.224539E-01
14.320000	0.254059E-01
14.330000	0.285221E-01
14.340000	0.301232E-01
14.350000	0.330942E-01
14.360000	0.387614E-01
14.370000	0.453665E-01
14.380000	0.518844E-01
14.390000	0.599390E-01
14.400000	0.651562E-01
14.410000	0.677800E-01
14.420000	0.713899E-01
14.430000	0.710643E-01
14.440000	0.686042E-01
14.450000	0.654107E-01
14.460000	0.604410E-01
14.470000	0.551785E-01
14.480000	0.496088E-01
14.490000	0.436071E-01
14.500000	0.390266E-01
14.510000	0.378290E-01
14.520000	0.393012E-01
14.530000	0.407177E-01
14.540000	0.441753E-01
14.550000	0.495657E-01
14.560000	0.537197E-01
14.570000	0.571110E-01
14.580000	0.604402E-01
14.590000	0.638141E-01
14.600000	0.654194E-01
14.610000	0.641012E-01
14.620000	0.597092E-01
14.630000	0.528957E-01
14.640000	0.427337E-01
14.650000	0.315597E-01
14.660000	0.172318E-01
14.670000	0.106749E-02
14.680000	-0.126809E-01
14.690000	-0.262069E-01
14.700000	-0.410101E-01
14.710000	-0.539855E-01
14.720000	-0.604806E-01
14.730000	-0.666520E-01
14.740000	-0.716305E-01
14.750000	-0.736887E-01
14.760000	-0.741973E-01
14.770000	-0.722262E-01
14.780000	-0.687619E-01
14.790000	-0.634699E-01
14.800000	-0.533673E-01
14.810000	-0.389059E-01
14.820000	-0.258115E-01
14.830000	-0.156018E-01
14.840000	-0.754126E-02
14.850000	-0.234442E-02
14.860000	-0.487441E-03
14.870000	-0.285053E-03
14.880000	-0.245576E-03
14.890000	-0.347385E-03
14.900000	-0.250378E-02
14.910000	-0.450640E-02
14.920000	-0.434533E-02
14.930000	-0.413989E-02
14.940000	-0.286204E-02
14.950000	-0.199096E-02
14.960000	-0.202820E-02
14.970000	-0.349423E-02
14.980000	-0.620419E-02
14.990000	-0.861428E-02
15.000000	-0.135470E-01
15.010000	-0.158489E-01
15.020000	-0.156362E-01
15.030000	-0.150472E-01
15.040000	-0.140965E-01
15.050000	-0.963930E-02
15.060000	-0.567990E-02
15.070000	0.926300E-03
15.080000	0.778190E-02
15.090000	0.137716E-01
15.100000	0.181205E-01
15.110000	0.231628E-01
15.120000	0.269997E-01
15.130000	0.296180E-01
15.140000	0.294926E-01
15.150000	0.265554E-01
15.160000	0.208810E-01
15.170000	0.169171E-01
15.180000	0.123453E-01
15.190000	0.714524E-02
15.200000	0.422848E-02
15.210000	0.171175E-02
15.220000	0.428808E-03
15.230000	0.192759E-02
15.240000	0.326612E-02
15.250000	0.695255E-02
15.260000	0.121223E-01
15.270000	0.164697E-01
15.280000	0.208897E-01
15.290000	0.234394E-01
15.300000	0.247374E-01
15.310000	0.235335E-01
15.320000	0.202978E-01
15.330000	0.171024E-01
15.340000	0.125622E-01
15.350000	0.501852E-02
15.360000	-0.822222E-03
15.370000	-0.648160E-02
15.380000	-0.140349E-01
15.390000	-0.198771E-01
15.400000	-0.225457E-01
15.410000	-0.245267E-01
15.420000	-0.276533E-01
15.430000	-0.319049E-01
15.440000	-0.361465E-01
15.450000	-0.386816E-01
15.460000	-0.434253E-01
15.470000	-0.513685E-01
15.480000	-0.577397E-01
15.490000	-0.621050E-01
15.500000	-0.655796E-01
15.510000	-0.668635E-01
15.520000	-0.645614E-01
15.530000	-0.613227E-01
15.540000	-0.574274E-01
15.550000	-0.492998E-01
15.560000	-0.416652E-01
15.570000	-0.333874E-01
15.580000	-0.236907E-01
15.590000	-0.169834E-01
15.600000	-0.640733E-02
15.610000	0.753975E-03
15.620000	0.555246E-02
15.630000	0.965739E-02
15.640000	0.994368E-02
15.650000	0.100031E-01
15.660000	0.957937E-02
15.670000	0.673454E-02
15.680000	0.244217E-02
15.690000	0.477590E-03
15.700000	0.170651E-02
15.710000	0.446830E-02
15.720000	0.967755E-02
15.730000	0.151430E-01
15.740000	0.185836E-01
15.750000	0.238776E-01
15.760000	0.271411E-01
15.770000	0.312925E-01
15.780000	0.326606E-01
15.790000	0.357410E-01
15.800000	0.402240E-01
15.810000	0.451634E-01
15.820000	0.489023E-01
15.830000	0.498439E-01
15.840000	0.479535E-01
15.850000	0.445430E-01
15.860000	0.386012E-01
15.870000	0.333564E-01
15.880000	0.291972E-01
15.890000	0.243677E-01
15.900000	0.208695E-01
15.910000	0.199194E-01
15.920000	0.194553E-01
15.930000	0.185404E-01
15.940000	0.179481E-01
15.950000	0.143516E-01
15.960000	0.972255E-02
15.970000	0.278861E-02
15.980000	-0.521450E-02
15.990000	-0.110660E-01
16.000000	-0.173252E-01
16.010000	-0.229468E-01
16.020000	-0.275715E-01
16.030000	-0.302116E-01
16.040000	-0.296613E-01
16.050000	-0.288485E-01
16.060000	-0.297808E-01
16.070000	-0.276036E-01
16.080000	-0.246945E-01
16.090000	-0.223538E-01
16.100000	-0.191900E-01
16.110000	-0.172315E-01
16.120000	-0.143032E-01
16.130000	-0.110839E-01
16.140000	-0.579319E-02
16.150000	-0.159241E-02
16.160000	0.329039E-02
16.170000	0.801089E-02
16.180000	0.118821E-01
16.190000	0.157860E-01
16.200000	0.166992E-01
16.210000	0.174124E-01
16.220000	0.197310E-01
16.230000	0.243486E-01
16.240000	0.284898E-01
16.250000	0.298217E-01
16.260000	0.309491E-01
16.270000	0.309382E-01
16.280000	0.276220E-01
16.290000	0.268365E-01
16.300000	0.243607E-01
16.310000	0.215829E-01
16.320000	0.198636E-01
16.330000	0.180668E-01
16.340000	0.160075E-01
16.350000	0.147836E-01
16.360000	0.134360E-01
16.370000	0.100692E-01
16.380000	0.707782E-02
16.390000	0.470298E-02
16.400000	0.140719E-02
16.410000	-0.218529E-02
16.420000	-0.458339E-02
16.430000	-0.721507E-02
16.440000	-0.970967E-02
16.450000	-0.133543E-01
16.460000	-0.186018E-01
16.470000	-0.245518E-01
16.480000	-0.311602E-01
16.490000	-0.392590E-01
16.500000	-0.446060E-01
16.510000	-0.478411E-01
16.520000	-0.498213E-01
16.530000	-0.477753E-01
16.540000	-0.427774E-01
16.550000	-0.378997E-01
16.560000	-0.308712E-01
16.570000	-0.225758E-01
16.580000	-0.142648E-01
16.590000	-0.527244E-02
16.600000	0.105228E-02
16.610000	0.741588E-02
16.620000	0.111000E-01
16.630000	0.164250E-01
16.640000	0.220149E-01
16.650000	0.261799E-01
16.660000	0.305077E-01
16.670000	0.348434E-01
16.680000	0.371503E-01
16.690000	0.369495E-01
16.700000	0.378909E-01
16.710000	0.392238E-01
16.720000	0.380253E-01
16.730000	0.380501E-01
16.740000	0.367200E-01
16.750000	0.346073E-01
16.760000	0.333059E-01
16.770000	0.307317E-01
16.780000	0.297164E-01
16.790000	0.289026E-01
16.800000	0.294800E-01
16.810000	0.296320E-01
16.820000	0.301084E-01
16.830000	0.293319E-01
16.840000	0.281480E-01
16.850000	0.272860E-01
16.860000	0.265553E-01
16.870000	0.244025E-01
16.880000	0.205797E-01
16.890000	0.181946E-01
16.900000	0.165365E-01
16.910000	0.108366E-01
16.920000	0.374817E-02
16.930000	-0.291416E-02
16.940000	-0.104462E-01
16.950000	-0.202893E-01
16.960000	-0.270872E-01
16.970000	-0.314270E-01
16.980000	-0.381714E-01
16.990000	-0.416892E-01
17.000000	-0.446082E-01
17.010000	-0.455349E-01
17.020000	-0.444009E-01
17.030000	-0.435418E-01
17.040000	-0.412480E-01
17.050000	-0.362577E-01
17.060000	-0.331071E-01
17.070000	-0.284914E-01
17.080000	-0.247018E-01
17.090000	-0.217123E-01
17.100000	-0.196695E-01
17.110000	-0.206922E-01
17.120000	-0.242393E-01
17.130000	-0.275667E-01
17.140000	-0.327176E-01
17.150000	-0.395870E-01
17.160000	-0.460642E-01
17.170000	-0.498037E-01
17.180000	-0.531236E-01
17.190000	-0.526712E-01
17.200000	-0.511409E-01
17.210000	-0.500176E-01
17.220000	-0.486015E-01
17.230000	-0.440466E-01
17.240000	-0.390378E-01
17.250000	-0.344213E-01
17.260000	-0.296572E-01
17.270000	-0.236279E-01
17.280000	-0.179544E-01
17.290000	-0.165044E-01
17.300000	-0.162076E-01
17.310000	-0.153100E-01
17.320000	-0.146520E-01
17.330000	-0.141962E-01
17.340000	-0.132126E-01
17.350000	-0.934432E-02
17.360000	-0.446918E-02
17.370000	0.176277E-02
17.380000	0.718003E-02
17.390000	0.118305E-01
17.400000	0.170486E-01
17.410000	0.207285E-01
17.420000	0.208621E-01
17.430000	0.201998E-01
17.440000	0.188074E-01
17.450000	0.140498E-01
17.460000	0.891627E-02
17.470000	0.417608E-02
17.480000	0.289154E-02
17.490000	0.344658E-03
17.500000	-0.614190E-03
17.510000	0.117026E-02
17.520000	0.467851E-02
17.530000	0.829099E-02
17.540000	0.118901E-01
17.550000	0.141961E-01
17.560000	0.163313E-01
17.570000	0.168692E-01
17.580000	0.164844E-01
17.590000	0.154849E-01
17.600000	0.136797E-01
17.610000	0.134272E-01
17.620000	0.131397E-01
17.630000	0.114093E-01
17.640000	0.997829E-02
17.650000	0.850190E-02
17.660000	0.812679E-02
17.670000	0.547276E-02
17.680000	0.279766E-03
17.690000	-0.939619E-03
17.700000	-0.203480E-02
17.710000	-0.124825E-02
17.720000	0.125147E-02
17.730000	0.530794E-02
17.740000	0.104236E-01
17.750000	0.140894E-01
17.760000	0.150338E-01
17.770000	0.160196E-01
17.780000	0.159412E-01
17.790000	0.154969E-01
17.800000	0.152157E-01
17.810000	0.148601E-01
17.820000	0.145863E-01
17.830000	0.142541E-01
17.840000	0.139582E-01
17.850000	0.135556E-01
17.860000	0.130788E-01
17.870000	0.141861E-01
17.880000	0.168312E-01
17.890000	0.165041E-01
17.900000	0.172962E-01
17.910000	0.193098E-01
17.920000	0.201962E-01
17.930000	0.225113E-01
17.940000	0.235738E-01
17.950000	0.226180E-01
17.960000	0.209306E-01
17.970000	0.186913E-01
17.980000	0.150951E-01
17.990000	0.100242E-01
18.000000	0.553339E-02
18.010000	0.287816E-02
18.020000	-0.100379E-02
18.030000	-0.290954E-02
18.040000	-0.400781E-02
18.050000	-0.375738E-02
18.060000	-0.962144E-03
18.070000	0.416928E-04
18.080000	0.123939E-02
18.090000	0.175926E-02
18.100000	0.180277E-02
18.110000	-0.265893E-03
18.120000	-0.283982E-02
18.130000	-0.258475E-02
18.140000	-0.214504E-02
18.150000	-0.137233E-03
18.160000	0.534709E-02
18.170000	0.115264E-01
18.180000	0.172094E-01
18.190000	0.228034E-01
18.200000	0.267238E-01
18.210000	0.292590E-01
18.220000	0.316807E-01
18.230000	0.323168E-01
18.240000	0.323812E-01
18.250000	0.315112E-01
18.260000	0.285292E-01
18.270000	0.245647E-01
18.280000	0.191461E-01
18.290000	0.135200E-01
18.300000	0.667837E-02
18.310000	-0.118364E-02
18.320000	-0.693867E-02
18.330000	-0.116262E-01
18.340000	-0.166638E-01
18.350000	-0.225341E-01
18.360000	-0.296178E-01
18.370000	-0.348787E-01
18.380000	-0.383143E-01
18.390000	-0.412106E-01
18.400000	-0.432215E-01
18.410000	-0.436369E-01
18.420000	-0.421860E-01
18.430000	-0.399866E-01
18.440000	-0.368544E-01
18.450000	-0.301634E-01
18.460000	-0.230908E-01
18.470000	-0.178208E-01
18.480000	-0.125477E-01
18.490000	-0.569864E-02
18.500000	-0.149026E-02
18.510000	0.155215E-02
18.520000	0.162038E-02
18.530000	0.292675E-02
18.540000	0.420328E-02
18.550000	0.555052E-02
18.560000	0.574532E-02
18.570000	0.607471E-02
18.580000	0.740352E-02
18.590000	0.724488E-02
18.600000	0.686895E-02
18.610000	0.682255E-02
18.620000	0.642230E-02
18.630000	0.631955E-02
18.640000	0.603193E-02
18.650000	0.727539E-02
18.660000	0.845041E-02
18.670000	0.109298E-01
18.680000	0.120156E-01
18.690000	0.144347E-01
18.700000	0.193617E-01
18.710000	0.236683E-01
18.720000	0.280080E-01
18.730000	0.335744E-01
18.740000	0.379765E-01
18.750000	0.425447E-01
18.760000	0.478120E-01
18.770000	0.512885E-01
18.780000	0.547829E-01
18.790000	0.578315E-01
18.800000	0.587492E-01
18.810000	0.596239E-01
18.820000	0.570834E-01
18.830000	0.512853E-01
18.840000	0.453195E-01
18.850000	0.353221E-01
18.860000	0.259654E-01
18.870000	0.186395E-01
18.880000	0.128555E-01
18.890000	0.693685E-02
18.900000	0.131710E-02
18.910000	-0.354041E-02
18.920000	-0.727694E-02
18.930000	-0.114714E-01
18.940000	-0.141566E-01
18.950000	-0.181898E-01
18.960000	-0.232102E-01
18.970000	-0.281096E-01
18.980000	-0.316750E-01
18.990000	-0.349806E-01
19.000000	-0.380949E-01
19.010000	-0.410616E-01
19.020000	-0.424082E-01
19.030000	-0.443236E-01
19.040000	-0.451807E-01
19.050000	-0.452061E-01
19.060000	-0.443103E-01
19.070000	-0.417166E-01
19.080000	-0.404176E-01
19.090000	-0.398060E-01
19.100000	-0.388493E-01
19.110000	-0.391783E-01
19.120000	-0.396073E-01
19.130000	-0.406310E-01
19.140000	-0.439973E-01
19.150000	-0.464577E-01
19.160000	-0.500456E-01
19.170000	-0.538885E-01
19.180000	-0.558198E-01
19.190000	-0.555200E-01
19.200000	-0.568938E-01
19.210000	-0.531891E-01
19.220000	-0.463943E-01
19.230000	-0.378263E-01
19.240000	-0.254622E-01
19.250000	-0.147972E-01
19.260000	-0.660939E-02
19.270000	-0.350317E-03
19.280000	0.258427E-02
19.290000	0.365265E-02
19.300000	0.213898E-02
19.310000	-0.764980E-03
19.320000	-0.414767E-02
19.330000	-0.447797E-02
19.340000	-0.594714E-02
19.350000	-0.853584E-02
19.360000	-0.497390E-02
19.370000	-0.295653E-02
19.380000	-0.685126E-03
19.390000	0.261791E-02
19.400000	0.497919E-02
19.410000	0.980565E-02
19.420000	0.130648E-01
19.430000	0.150703E-01
19.440000	0.165443E-01
19.450000	0.181002E-01
19.460000	0.202836E-01
19.470000	0.197748E-01
19.480000	0.194195E-01
19.490000	0.206222E-01
19.500000	0.205741E-01
19.510000	0.196714E-01
19.520000	0.193906E-01
19.530000	0.174529E-01
19.540000	0.160823E-01
19.550000	0.158824E-01
19.560000	0.154250E-01
19.570000	0.148571E-01
19.580000	0.144850E-01
19.590000	0.138523E-01
19.600000	0.119272E-01
19.610000	0.104159E-01
19.620000	0.899692E-02
19.630000	0.841140E-02
19.640000	0.686235E-02
19.650000	0.431990E-02
19.660000	0.705955E-02
19.670000	0.784798E-02
19.680000	0.787833E-02
19.690000	0.101417E-01
19.700000	0.108439E-01
19.710000	0.109416E-01
19.720000	0.126469E-01
19.730000	0.102844E-01
19.740000	0.697082E-02
19.750000	0.476786E-02
19.760000	0.298230E-02
19.770000	0.659161E-03
19.780000	-0.121485E-02
19.790000	-0.398603E-02
19.800000	-0.560890E-02
19.810000	-0.764459E-02
19.820000	-0.857285E-02
19.830000	-0.802824E-02
19.840000	-0.822155E-02
19.850000	-0.796196E-02
19.860000	-0.103313E-01
19.870000	-0.122706E-01
19.880000	-0.122862E-01
19.890000	-0.150095E-01
19.900000	-0.158478E-01
19.910000	-0.148301E-01
19.920000	-0.146567E-01
19.930000	-0.114346E-01
19.940000	-0.966913E-02
19.950000	-0.100666E-01
19.960000	-0.893144E-02
19.970000	-0.601746E-02
19.980000	-0.467990E-02
19.990000	-0.484098E-02
20.000000	-0.257664E-02
20.010000	-0.709853E-03
20.020000	0.139375E-02
20.030000	0.370032E-02
20.040000	0.653144E-02
20.050000	0.771861E-02
20.060000	0.821111E-02
20.070000	0.111398E-01
20.080000	0.113196E-01
20.090000	0.931172E-02
20.100000	0.813243E-02
20.110000	0.771538E-02
20.120000	0.654974E-02
20.130000	0.738217E-02
20.140000	0.753577E-02
20.150000	0.691615E-02
20.160000	0.657920E-02
20.170000	0.438701E-02
20.180000	0.178642E-02
20.190000	-0.189414E-02
20.200000	-0.449440E-02
20.210000	-0.722773E-02
20.220000	-0.882952E-02
20.230000	-0.111400E-01
20.240000	-0.143191E-01
20.250000	-0.151331E-01
20.260000	-0.172850E-01
20.270000	-0.197827E-01
20.280000	-0.228369E-01
20.290000	-0.242272E-01
20.300000	-0.272122E-01
20.310000	-0.293867E-01
20.320000	-0.294117E-01
20.330000	-0.303763E-01
20.340000	-0.320402E-01
20.350000	-0.311882E-01
20.360000	-0.303436E-01
20.370000	-0.283078E-01
20.380000	-0.279744E-01
20.390000	-0.280607E-01
20.400000	-0.274393E-01
20.410000	-0.289405E-01
20.420000	-0.298405E-01
20.430000	-0.287515E-01
20.440000	-0.306769E-01
20.450000	-0.314560E-01
20.460000	-0.299018E-01
20.470000	-0.291340E-01
20.480000	-0.281772E-01
20.490000	-0.286481E-01
20.500000	-0.301026E-01
20.510000	-0.298116E-01
20.520000	-0.289421E-01
20.530000	-0.297718E-01
20.540000	-0.285828E-01
20.550000	-0.286930E-01
20.560000	-0.259420E-01
20.570000	-0.230579E-01
20.580000	-0.197604E-01
20.590000	-0.155449E-01
20.600000	-0.127864E-01
20.610000	-0.583856E-02
20.620000	0.958506E-03
20.630000	0.743712E-02
20.640000	0.134753E-01
20.650000	0.203242E-01
20.660000	0.281331E-01
20.670000	0.321279E-01
20.680000	0.353922E-01
20.690000	0.386779E-01
20.700000	0.413719E-01
20.710000	0.425701E-01
20.720000	0.444199E-01
20.730000	0.439471E-01
20.740000	0.427978E-01
20.750000	0.422247E-01
20.760000	0.412966E-01
20.770000	0.403644E-01
20.780000	0.394536E-01
20.790000	0.387571E-01
20.800000	0.378674E-01
20.810000	0.371425E-01
20.820000	0.361081E-01
20.830000	0.354723E-01
20.840000	0.345565E-01
20.850000	0.362350E-01
20.860000	0.375484E-01
20.870000	0.367309E-01
20.880000	0.387332E-01
20.890000	0.404499E-01
20.900000	0.418687E-01
20.910000	0.423643E-01
20.920000	0.434169E-01
20.930000	0.450664E-01
20.940000	0.465983E-01
20.950000	0.489243E-01
20.960000	0.481251E-01
20.970000	0.465294E-01
20.980000	0.453831E-01
20.990000	0.442968E-01
21.000000	0.429124E-01
21.010000	0.424002E-01
21.020000	0.417961E-01
21.030000	0.392891E-01
21.040000	0.379934E-01
21.050000	0.354388E-01
21.060000	0.319968E-01
21.070000	0.295193E-01
21.080000	0.258474E-01
21.090000	0.223863E-01
21.100000	0.193746E-01
21.110000	0.155288E-01
21.120000	0.984338E-02
21.130000	0.609113E-02
21.140000	0.125018E-02
21.150000	-0.324446E-02
21.160000	-0.708535E-02
21.170000	-0.121046E-01
21.180000	-0.152270E-01
21.190000	-0.177540E-01
21.200000	-0.222840E-01
21.210000	-0.272383E-01
21.220000	-0.302761E-01
21.230000	-0.335631E-01
21.240000	-0.359064E-01
21.250000	-0.364195E-01
21.260000	-0.385703E-01
21.270000	-0.382415E-01
21.280000	-0.370501E-01
21.290000	-0.363947E-01
21.300000	-0.334174E-01
21.310000	-0.285515E-01
21.320000	-0.242838E-01
21.330000	-0.193408E-01
21.340000	-0.128224E-01
21.350000	-0.805421E-02
21.360000	-0.567225E-02
21.370000	-0.347636E-02
21.380000	-0.370794E-02
21.390000	-0.531780E-02
21.400000	-0.630888E-02
21.410000	-0.876262E-02
21.420000	-0.114167E-01
21.430000	-0.148323E-01
21.440000	-0.151157E-01
21.450000	-0.145322E-01
21.460000	-0.133140E-01
21.470000	-0.104879E-01
21.480000	-0.956422E-02
21.490000	-0.920984E-02
21.500000	-0.729627E-02
21.510000	-0.699816E-02
21.520000	-0.577614E-02
21.530000	-0.435956E-02
21.540000	-0.268003E-02
21.550000	-0.690228E-03
21.560000	0.924901E-03
21.570000	0.455225E-02
21.580000	0.721541E-02
21.590000	0.784670E-02
21.600000	0.107479E-01
21.610000	0.140323E-01
21.620000	0.150640E-01
21.630000	0.147364E-01
21.640000	0.142325E-01
21.650000	0.140132E-01
21.660000	0.134394E-01
21.670000	0.132444E-01
21.680000	0.113327E-01
21.690000	0.798947E-02
21.700000	0.740082E-02
21.710000	0.752779E-02
21.720000	0.717733E-02
21.730000	0.905489E-02
21.740000	0.112708E-01
21.750000	0.122603E-01
21.760000	0.121079E-01
21.770000	0.127566E-01
21.780000	0.129648E-01
21.790000	0.128740E-01
21.800000	0.104937E-01
21.810000	0.750902E-02
21.820000	0.473491E-02
21.830000	0.893021E-03
21.840000	-0.324891E-02
21.850000	-0.704962E-02
21.860000	-0.100315E-01
21.870000	-0.122379E-01
21.880000	-0.156962E-01
21.890000	-0.177801E-01
21.900000	-0.182518E-01
21.910000	-0.201336E-01
21.920000	-0.216424E-01
21.930000	-0.220279E-01
21.940000	-0.227507E-01
21.950000	-0.222603E-01
21.960000	-0.215052E-01
21.970000	-0.193683E-01
21.980000	-0.188976E-01
21.990000	-0.164821E-01
22.000000	-0.135744E-01
22.010000	-0.136677E-01
22.020000	-0.126688E-01
22.030000	-0.912367E-02
22.040000	-0.814410E-02
22.050000	-0.868464E-02
22.060000	-0.575729E-02
22.070000	-0.353042E-02
22.080000	-0.408388E-02
22.090000	-0.280820E-02
22.100000	0.360736E-03
22.110000	0.262716E-02
22.120000	0.459294E-02
22.130000	0.481999E-02
22.140000	0.759970E-02
22.150000	0.828219E-02
22.160000	0.488303E-02
22.170000	0.356984E-02
22.180000	0.108993E-02
22.190000	-0.130431E-02
22.200000	-0.454538E-02
22.210000	-0.785945E-02
22.220000	-0.888953E-02
22.230000	-0.109459E-01
22.240000	-0.131414E-01
22.250000	-0.142841E-01
22.260000	-0.144216E-01
22.270000	-0.153729E-01
22.280000	-0.178751E-01
22.290000	-0.188657E-01
22.300000	-0.192576E-01
22.310000	-0.204275E-01
22.320000	-0.206963E-01
22.330000	-0.198825E-01
22.340000	-0.201480E-01
22.350000	-0.209844E-01
22.360000	-0.205608E-01
22.370000	-0.229803E-01
22.380000	-0.238504E-01
22.390000	-0.231066E-01
22.400000	-0.250707E-01
22.410000	-0.257930E-01
22.420000	-0.248942E-01
22.430000	-0.237638E-01
22.440000	-0.207058E-01
22.450000	-0.156577E-01
22.460000	-0.128678E-01
22.470000	-0.899812E-02
22.480000	-0.495243E-02
22.490000	-0.246074E-02
22.500000	-0.199743E-02
22.510000	-0.100099E-02
22.520000	0.723420E-03
22.530000	0.103928E-02
22.540000	0.383617E-02
22.550000	0.769265E-02
22.560000	0.890277E-02
22.570000	0.991690E-02
22.580000	0.120047E-01
22.590000	0.160390E-01
22.600000	0.176581E-01
22.610000	0.200398E-01
22.620000	0.218317E-01
22.630000	0.250289E-01
22.640000	0.272729E-01
22.650000	0.303386E-01
22.660000	0.345100E-01
22.670000	0.367489E-01
22.680000	0.374104E-01
22.690000	0.378069E-01
22.700000	0.381967E-01
22.710000	0.373761E-01
22.720000	0.361398E-01
22.730000	0.354876E-01
22.740000	0.337632E-01
22.750000	0.307487E-01
22.760000	0.271741E-01
22.770000	0.254498E-01
22.780000	0.217561E-01
22.790000	0.189130E-01
22.800000	0.142446E-01
22.810000	0.737473E-02
22.820000	0.943217E-03
22.830000	-0.396657E-02
22.840000	-0.929095E-02
22.850000	-0.156753E-01
22.860000	-0.208506E-01
22.870000	-0.228802E-01
22.880000	-0.239133E-01
22.890000	-0.259912E-01
22.900000	-0.281390E-01
22.910000	-0.288994E-01
22.920000	-0.303148E-01
22.930000	-0.321311E-01
22.940000	-0.327158E-01
22.950000	-0.340281E-01
22.960000	-0.340862E-01
22.970000	-0.346193E-01
22.980000	-0.338366E-01
22.990000	-0.327203E-01
23.000000	-0.303219E-01
23.010000	-0.283298E-01
23.020000	-0.255533E-01
23.030000	-0.221452E-01
23.040000	-0.176376E-01
23.050000	-0.120156E-01
23.060000	-0.705507E-02
23.070000	-0.398494E-02
23.080000	-0.598076E-03
23.090000	0.367493E-02
23.100000	0.741421E-02
23.110000	0.918943E-02
23.120000	0.946322E-02
23.130000	0.126623E-01
23.140000	0.131367E-01
23.150000	0.125384E-01
23.160000	0.125283E-01
23.170000	0.123920E-01
23.180000	0.126402E-01
23.190000	0.138166E-01
23.200000	0.148158E-01
23.210000	0.157257E-01
23.220000	0.170191E-01
23.230000	0.187511E-01
23.240000	0.198845E-01
23.250000	0.223939E-01
23.260000	0.232605E-01
23.270000	0.249869E-01
23.280000	0.255659E-01
23.290000	0.267070E-01
23.300000	0.282283E-01
23.310000	0.275006E-01
23.320000	0.267076E-01
23.330000	0.247362E-01
23.340000	0.229012E-01
23.350000	0.211156E-01
23.360000	0.192405E-01
23.370000	0.175769E-01
23.380000	0.168150E-01
23.390000	0.166724E-01
23.400000	0.154514E-01
23.410000	0.139592E-01
23.420000	0.111600E-01
23.430000	0.855178E-02
23.440000	0.539517E-02
23.450000	0.322870E-02
23.460000	-0.297066E-03
23.470000	-0.344455E-02
23.480000	-0.493590E-02
23.490000	-0.590437E-02
23.500000	-0.849502E-02
23.510000	-0.923600E-02
23.520000	-0.105252E-01
23.530000	-0.105517E-01
23.540000	-0.113869E-01
23.550000	-0.110616E-01
23.560000	-0.975418E-02
23.570000	-0.958401E-02
23.580000	-0.956246E-02
23.590000	-0.915332E-02
23.600000	-0.903572E-02
23.610000	-0.735552E-02
23.620000	-0.604606E-02
23.630000	-0.443911E-02
23.640000	-0.416078E-02
23.650000	-0.317913E-02
23.660000	-0.174985E-02
23.670000	-0.116294E-03
23.680000	0.201934E-02
23.690000	0.363170E-02
23.700000	0.607637E-02
23.710000	0.858626E-02
23.720000	0.104562E-01
23.730000	0.131888E-01
23.740000	0.141108E-01
23.750000	0.145055E-01
23.760000	0.172373E-01
23.770000	0.172608E-01
23.780000	0.163215E-01
23.790000	0.159054E-01
23.800000	0.138060E-01
23.810000	0.123003E-01
23.820000	0.107573E-01
23.830000	0.102689E-01
23.840000	0.992313E-02
23.850000	0.938024E-02
23.860000	0.919724E-02
23.870000	0.813932E-02
23.880000	0.642515E-02
23.890000	0.487580E-02
23.900000	0.362200E-02
23.910000	0.360656E-02
23.920000	0.331597E-02
23.930000	0.378177E-02
23.940000	0.591312E-02
23.950000	0.717559E-02
23.960000	0.674419E-02
23.970000	0.961295E-02
23.980000	0.104661E-01
23.990000	0.970764E-02
24.000000	0.829550E-02
24.010000	0.690434E-02
24.020000	0.666110E-02
24.030000	0.648971E-02
24.040000	0.591372E-02
24.050000	0.655540E-02
24.060000	0.756587E-02
24.070000	0.729691E-02
24.080000	0.673130E-02
24.090000	0.638016E-02
24.100000	0.352077E-02
24.110000	0.188353E-02
24.120000	-0.704215E-03
24.130000	-0.449503E-02
24.140000	-0.856933E-02
24.150000	-0.118389E-01
24.160000	-0.166254E-01
24.170000	-0.194357E-01
24.180000	-0.213127E-01
24.190000	-0.230743E-01
24.200000	-0.227273E-01
24.210000	-0.245307E-01
24.220000	-0.253434E-01
24.230000	-0.231821E-01
24.240000	-0.225605E-01
24.250000	-0.209634E-01
24.260000	-0.195812E-01
24.270000	-0.194275E-01
24.280000	-0.180835E-01
24.290000	-0.162745E-01
24.300000	-0.160883E-01
24.310000	-0.159335E-01
24.320000	-0.150529E-01
24.330000	-0.130377E-01
24.340000	-0.125446E-01
24.350000	-0.113800E-01
24.360000	-0.977352E-02
24.370000	-0.975770E-02
24.380000	-0.945038E-02
24.390000	-0.986751E-02
24.400000	-0.111085E-01
24.410000	-0.109922E-01
24.420000	-0.105094E-01
24.430000	-0.104170E-01
24.440000	-0.964910E-02
24.450000	-0.715895E-02
24.460000	-0.546898E-02
24.470000	-0.560545E-02
24.480000	-0.534531E-02
24.490000	-0.512364E-02
24.500000	-0.491550E-02
24.510000	-0.498307E-02
24.520000	-0.468484E-02
24.530000	-0.448876E-02
24.540000	-0.141078E-02
24.550000	0.550279E-03
24.560000	0.187314E-02
24.570000	0.481654E-02
24.580000	0.603623E-02
24.590000	0.711325E-02
24.600000	0.784612E-02
24.610000	0.706082E-02
24.620000	0.540255E-02
24.630000	0.427831E-02
24.640000	0.291982E-02
24.650000	0.278011E-02
24.660000	0.100285E-02
24.670000	0.304053E-03
24.680000	0.464144E-03
24.690000	0.147438E-02
24.700000	0.261586E-02
24.710000	0.237769E-02
24.720000	0.254445E-02
24.730000	0.484372E-02
24.740000	0.643763E-02
24.750000	0.724227E-02
24.760000	0.946444E-02
24.770000	0.100417E-01
24.780000	0.993380E-02
24.790000	0.113345E-01
24.800000	0.112998E-01
24.810000	0.107227E-01
24.820000	0.104679E-01
24.830000	0.102217E-01
24.840000	0.995253E-02
24.850000	0.899679E-02
24.860000	0.721802E-02
24.870000	0.577445E-02
24.880000	0.301011E-02
24.890000	0.193791E-02
24.900000	-0.776662E-04
24.910000	-0.206884E-02
24.920000	-0.333324E-02
24.930000	-0.436552E-02
24.940000	-0.428410E-02
24.950000	-0.413745E-02
24.960000	-0.428591E-02
24.970000	-0.410328E-02
24.980000	-0.521289E-02
24.990000	-0.629293E-02
25.000000	-0.749171E-02
25.010000	-0.846616E-02
25.020000	-0.978477E-02
25.030000	-0.987940E-02
25.040000	-0.943575E-02
25.050000	-0.935592E-02
25.060000	-0.919456E-02
25.070000	-0.855849E-02
25.080000	-0.681594E-02
25.090000	-0.644213E-02
25.100000	-0.644058E-02
25.110000	-0.468519E-02
25.120000	-0.352092E-02
25.130000	-0.159647E-02
25.140000	0.348067E-03
25.150000	0.136366E-02
25.160000	0.375038E-02
25.170000	0.463732E-02
25.180000	0.579474E-02
25.190000	0.689540E-02
25.200000	0.802503E-02
25.210000	0.678902E-02
25.220000	0.376455E-02
25.230000	0.325206E-02
25.240000	0.226056E-02
25.250000	-0.874662E-03
25.260000	-0.239419E-02
25.270000	-0.318638E-02
25.280000	-0.340440E-02
25.290000	-0.332246E-02
25.300000	-0.280095E-02
25.310000	-0.104937E-02
25.320000	-0.112883E-02
25.330000	-0.119694E-02
25.340000	-0.935007E-03
25.350000	0.869641E-03
25.360000	0.103427E-02
25.370000	0.177039E-02
25.380000	0.291375E-02
25.390000	0.291526E-02
25.400000	0.283587E-02
25.410000	0.476209E-02
25.420000	0.388290E-02
25.430000	0.210438E-02
25.440000	-0.561482E-03
25.450000	-0.267485E-02
25.460000	-0.536231E-02
25.470000	-0.683173E-02
25.480000	-0.894587E-02
25.490000	-0.103181E-01
25.500000	-0.983247E-02
25.510000	-0.959067E-02
25.520000	-0.959428E-02
25.530000	-0.843943E-02
25.540000	-0.791844E-02
25.550000	-0.901532E-02
25.560000	-0.889705E-02
25.570000	-0.100202E-01
25.580000	-0.104021E-01
25.590000	-0.981598E-02
25.600000	-0.109397E-01
25.610000	-0.116855E-01
25.620000	-0.111569E-01
25.630000	-0.108285E-01
25.640000	-0.107288E-01
25.650000	-0.920212E-02
25.660000	-0.633525E-02
25.670000	-0.370075E-02
25.680000	-0.792123E-03
25.690000	0.269782E-02
25.700000	0.394642E-02
25.710000	0.620344E-02
25.720000	0.729204E-02
25.730000	0.638851E-02
25.740000	0.493077E-02
25.750000	0.372655E-02
25.760000	0.251530E-02
25.770000	0.237790E-02
25.780000	0.236095E-02
25.790000	0.170982E-02
25.800000	0.128613E-03
25.810000	-0.342768E-04
25.820000	0.303051E-03
25.830000	0.156220E-02
25.840000	0.231699E-02
25.850000	0.255334E-02
25.860000	0.506260E-02
25.870000	0.641015E-02
25.880000	0.599896E-02
25.890000	0.585944E-02
25.900000	0.587954E-02
25.910000	0.581488E-02
25.920000	0.556273E-02
25.930000	0.661301E-02
25.940000	0.762465E-02
25.950000	0.870943E-02
25.960000	0.102208E-01
25.970000	0.128268E-01
25.980000	0.138337E-01
25.990000	0.155328E-01
26.000000	0.151083E-01
26.010000	0.150521E-01
26.020000	0.163918E-01
26.030000	0.169333E-01
26.040000	0.166307E-01
26.050000	0.158372E-01
26.060000	0.158374E-01
26.070000	0.146068E-01
26.080000	0.121850E-01
26.090000	0.883174E-02
26.100000	0.765898E-02
26.110000	0.444897E-02
26.120000	0.147749E-02
26.130000	-0.183996E-03
26.140000	-0.312503E-02
26.150000	-0.602736E-02
26.160000	-0.562879E-02
26.170000	-0.687848E-02
26.180000	-0.583696E-02
26.190000	-0.535495E-02
26.200000	-0.440256E-02
26.210000	-0.180926E-02
26.220000	0.658509E-03
26.230000	0.100244E-02
26.240000	0.784727E-03
26.250000	0.800791E-03
26.260000	0.880676E-03
26.270000	0.676014E-03
26.280000	0.718419E-03
26.290000	-0.144444E-04
26.300000	-0.220308E-02
26.310000	-0.496530E-02
26.320000	-0.579286E-02
26.330000	-0.720787E-02
26.340000	-0.815587E-02
26.350000	-0.101516E-01
26.360000	-0.116133E-01
26.370000	-0.125396E-01
26.380000	-0.133258E-01
26.390000	-0.145279E-01
26.400000	-0.149495E-01
26.410000	-0.144117E-01
26.420000	-0.140838E-01
26.430000	-0.138075E-01
26.440000	-0.146448E-01
26.450000	-0.168842E-01
26.460000	-0.171033E-01
26.470000	-0.159240E-01
26.480000	-0.140239E-01
26.490000	-0.135141E-01
26.500000	-0.133725E-01
26.510000	-0.113979E-01
26.520000	-0.861839E-02
26.530000	-0.794466E-02
26.540000	-0.741615E-02
26.550000	-0.465841E-02
26.560000	-0.303908E-02
26.570000	-0.185845E-02
26.580000	-0.785787E-03
26.590000	-0.859036E-03
26.600000	-0.735978E-03
26.610000	-0.762918E-03
26.620000	0.447705E-03
26.630000	0.169589E-02
26.640000	0.159504E-02
26.650000	0.179985E-02
26.660000	0.398974E-02
26.670000	0.637840E-02
26.680000	0.870424E-02
26.690000	0.969900E-02
26.700000	0.953800E-02
26.710000	0.103403E-01
26.720000	0.101179E-01
26.730000	0.965822E-02
26.740000	0.893232E-02
26.750000	0.627188E-02
26.760000	0.472296E-02
26.770000	0.477186E-02
26.780000	0.300981E-02
26.790000	0.208960E-02
26.800000	0.156062E-02
26.810000	0.177472E-02
26.820000	0.429254E-02
26.830000	0.408700E-02
26.840000	0.374064E-02
26.850000	0.379549E-02
26.860000	0.368959E-02
26.870000	0.512622E-02
26.880000	0.775507E-02
26.890000	0.733132E-02
26.900000	0.856850E-02
26.910000	0.955805E-02
26.920000	0.106888E-01
26.930000	0.113262E-01
26.940000	0.134626E-01
26.950000	0.143220E-01
26.960000	0.149097E-01
26.970000	0.136368E-01
26.980000	0.125590E-01
26.990000	0.125014E-01
27.000000	0.120321E-01
27.010000	0.102342E-01
27.020000	0.713940E-02
27.030000	0.494507E-02
27.040000	0.385149E-02
27.050000	0.147730E-02
27.060000	-0.140506E-02
27.070000	-0.246671E-02
27.080000	-0.279731E-02
27.090000	-0.606812E-02
27.100000	-0.681969E-02
27.110000	-0.809491E-02
27.120000	-0.110157E-01
27.130000	-0.106931E-01
27.140000	-0.120728E-01
27.150000	-0.141546E-01
27.160000	-0.141463E-01
27.170000	-0.134203E-01
27.180000	-0.133623E-01
27.190000	-0.115483E-01
27.200000	-0.104300E-01
27.210000	-0.999670E-02
27.220000	-0.683615E-02
27.230000	-0.345104E-02
27.240000	-0.250382E-02
27.250000	-0.891619E-04
27.260000	0.751290E-03
27.270000	0.893016E-03
27.280000	0.309338E-02
27.290000	0.477590E-02
27.300000	0.316056E-02
27.310000	0.208556E-02
27.320000	0.188713E-02
27.330000	0.466235E-03
27.340000	-0.341475E-03
27.350000	0.178004E-03
27.360000	-0.255964E-02
27.370000	-0.450881E-02
27.380000	-0.553232E-02
27.390000	-0.646034E-02
27.400000	-0.774807E-02
27.410000	-0.750190E-02
27.420000	-0.851709E-02
27.430000	-0.881675E-02
27.440000	-0.702366E-02
27.450000	-0.566120E-02
27.460000	-0.442242E-02
27.470000	-0.282160E-02
27.480000	-0.201621E-03
27.490000	0.178680E-02
27.500000	0.241633E-02
27.510000	0.449619E-02
27.520000	0.684345E-02
27.530000	0.766136E-02
27.540000	0.912727E-02
27.550000	0.119227E-01
27.560000	0.114079E-01
27.570000	0.117698E-01
27.580000	0.116873E-01
27.590000	0.108733E-01
27.600000	0.923813E-02
27.610000	0.771005E-02
27.620000	0.655842E-02
27.630000	0.397825E-02
27.640000	0.184346E-02
27.650000	0.141157E-02
27.660000	-0.134750E-02
27.670000	-0.283844E-02
27.680000	-0.454868E-02
27.690000	-0.562610E-02
27.700000	-0.516467E-02
27.710000	-0.478367E-02
27.720000	-0.342646E-02
27.730000	-0.239781E-02
27.740000	-0.119405E-02
27.750000	-0.123226E-02
27.760000	-0.146547E-02
27.770000	-0.267031E-02
27.780000	-0.346897E-02
27.790000	-0.433471E-02
27.800000	-0.413586E-02
27.810000	-0.287653E-02
27.820000	-0.176844E-02
27.830000	-0.760036E-03
27.840000	0.114038E-02
27.850000	0.300979E-02
27.860000	0.414304E-02
27.870000	0.594096E-02
27.880000	0.732429E-02
27.890000	0.773464E-02
27.900000	0.783183E-02
27.910000	0.555488E-02
27.920000	0.443036E-02
27.930000	0.307233E-02
27.940000	0.673289E-03
27.950000	-0.563434E-03
27.960000	-0.142172E-02
27.970000	-0.322512E-02
27.980000	-0.392759E-02
27.990000	-0.310108E-02
28.000000	-0.206765E-02
28.010000	-0.976967E-03
28.020000	-0.255509E-03
28.030000	0.184223E-02
28.040000	0.316789E-02
28.050000	0.380086E-02
28.060000	0.450848E-02
28.070000	0.521611E-02
28.080000	0.501010E-02
28.090000	0.457909E-02
28.100000	0.425603E-02
28.110000	0.288251E-02
28.120000	0.271020E-02
28.130000	0.102084E-02
28.140000	-0.787930E-03
28.150000	-0.686882E-03
28.160000	-0.167172E-02
28.170000	-0.201756E-02
28.180000	-0.244234E-02
28.190000	-0.330755E-02
28.200000	-0.306155E-02
28.210000	-0.298832E-02
28.220000	-0.279917E-02
28.230000	-0.389951E-02
28.240000	-0.469541E-02
28.250000	-0.367838E-02
28.260000	-0.341890E-02
28.270000	-0.232695E-02
28.280000	-0.244411E-02
28.290000	-0.267899E-02
28.300000	-0.308567E-02
28.310000	-0.421402E-02
28.320000	-0.380663E-02
28.330000	-0.361143E-02
28.340000	-0.336708E-02
28.350000	-0.327528E-02
28.360000	-0.233863E-02
28.370000	-0.150794E-02
28.380000	0.381424E-03
28.390000	0.229364E-02
28.400000	0.293712E-02
28.410000	0.387246E-02
28.420000	0.574189E-02
28.430000	0.680116E-02
28.440000	0.760119E-02
28.450000	0.882640E-02
28.460000	0.100600E-01
28.470000	0.101242E-01
28.480000	0.100480E-01
28.490000	0.960003E-02
28.500000	0.894364E-02
28.510000	0.842510E-02
28.520000	0.782333E-02
28.530000	0.731977E-02
28.540000	0.675066E-02
28.550000	0.625733E-02
28.560000	0.570166E-02
28.570000	0.527775E-02
28.580000	0.469730E-02
28.590000	0.497903E-02
28.600000	0.563903E-02
28.610000	0.445528E-02
28.620000	0.288089E-02
28.630000	0.216306E-02
28.640000	0.129565E-02
28.650000	0.316917E-04
28.660000	-0.166067E-02
28.670000	-0.276758E-02
28.680000	-0.372658E-02
28.690000	-0.474229E-02
28.700000	-0.558268E-02
28.710000	-0.637410E-02
28.720000	-0.659486E-02
28.730000	-0.631704E-02
28.740000	-0.615012E-02
28.750000	-0.595475E-02
28.760000	-0.574030E-02
28.770000	-0.516970E-02
28.780000	-0.421698E-02
28.790000	-0.337209E-02
28.800000	-0.298608E-02
28.810000	-0.203405E-02
28.820000	-0.144235E-02
28.830000	-0.543078E-03
28.840000	-0.245325E-03
28.850000	-0.135232E-03
28.860000	-0.109461E-03
28.870000	-0.756383E-03
28.880000	-0.111663E-02
28.890000	-0.204320E-02
28.900000	-0.330779E-02
28.910000	-0.433224E-02
28.920000	-0.452500E-02
28.930000	-0.526935E-02
28.940000	-0.598467E-02
28.950000	-0.608180E-02
28.960000	-0.620164E-02
28.970000	-0.630215E-02
28.980000	-0.633960E-02
28.990000	-0.631654E-02
29.000000	-0.608168E-02
29.010000	-0.557793E-02
29.020000	-0.536998E-02
29.030000	-0.528749E-02
29.040000	-0.478912E-02
29.050000	-0.452225E-02
29.060000	-0.446714E-02
29.070000	-0.374248E-02
29.080000	-0.308890E-02
29.090000	-0.247650E-02
29.100000	-0.184387E-02
29.110000	-0.138930E-02
29.120000	-0.801923E-03
29.130000	-0.242868E-03
29.140000	0.241027E-03
29.150000	0.647482E-03
29.160000	0.108409E-02
29.170000	0.149773E-02
29.180000	0.154722E-02
29.190000	0.181977E-02
29.200000	0.215614E-02
29.210000	0.225835E-02
29.220000	0.227544E-02
29.230000	0.245237E-02
29.240000	0.256946E-02
29.250000	0.243684E-02
29.260000	0.243091E-02
29.270000	0.237052E-02
29.280000	0.227273E-02
29.290000	0.223685E-02
29.300000	0.205609E-02
29.310000	0.188753E-02
29.320000	0.179759E-02
29.330000	0.171144E-02
29.340000	0.157074E-02
29.350000	0.147217E-02
29.360000	0.139556E-02
29.370000	0.127958E-02
29.380000	0.121790E-02
29.390000	0.112990E-02
29.400000	0.102616E-02
29.410000	0.939392E-03
29.420000	0.870322E-03
29.430000	0.828288E-03
29.440000	0.788483E-03
29.450000	0.746490E-03
29.460000	0.726031E-03
29.470000	0.707695E-03
29.480000	0.665005E-03
29.490000	0.645063E-03
29.500000	0.613397E-03
29.510000	0.562840E-03
29.520000	0.521473E-03
29.530000	0.479494E-03
29.540000	0.440791E-03
29.550000	0.400508E-03
29.560000	0.370703E-03
29.570000	0.346242E-03
29.580000	0.311245E-03
29.590000	0.282763E-03
29.600000	0.264257E-03
29.610000	0.232301E-03
29.620000	0.203363E-03
29.630000	0.174432E-03
29.640000	0.142221E-03
29.650000	0.110959E-03
29.660000	0.860981E-04
29.670000	0.579981E-04
29.680000	0.335879E-04
29.690000	0.106062E-04
29.700000	-0.956895E-05
29.710000	-0.287785E-04
29.720000	-0.456673E-04
29.730000	-0.619828E-04
29.740000	-0.740248E-04
29.750000	-0.865160E-04
29.760000	-0.963162E-04
29.770000	-0.103924E-03
29.780000	-0.111460E-03
29.790000	-0.117938E-03
29.800000	-0.122083E-03
29.810000	-0.125671E-03
29.820000	-0.128451E-03
29.830000	-0.130402E-03
29.840000	-0.131161E-03
29.850000	-0.131244E-03
29.860000	-0.130317E-03
29.870000	-0.128679E-03
29.880000	-0.126217E-03
29.890000	-0.123217E-03
29.900000	-0.119436E-03
29.910000	-0.115088E-03
29.920000	-0.110121E-03
29.930000	-0.104649E-03
29.940000	-0.986185E-04
29.950000	-0.921240E-04
29.960000	-0.851634E-04
29.970000	-0.777910E-04
29.980000	-0.700239E-04
29.990000	-0.618935E-04
