0.000000	0.000000
0.010000	-0.271115E-04
0.020000	-0.321714E-04
0.030000	-0.298917E-04
0.040000	-0.398059E-04
0.050000	-0.391057E-04
0.060000	-0.453388E-04
0.070000	-0.381528E-04
0.080000	-0.467910E-04
0.090000	-0.579588E-04
0.100000	-0.874697E-04
0.110000	-0.113885E-03
0.120000	-0.155251E-03
0.130000	-0.168590E-03
0.140000	-0.161550E-03
0.150000	-0.131073E-03
0.160000	-0.103246E-03
0.170000	-0.587726E-04
0.180000	-0.100919E-04
0.190000	0.594578E-04
0.200000	0.121036E-03
0.210000	0.160572E-03
0.220000	0.163957E-03
0.230000	0.170549E-03
0.240000	0.176093E-03
0.250000	0.189501E-03
0.260000	0.173129E-03
0.270000	0.757534E-04
0.280000	-0.768515E-04
0.290000	-0.166661E-03
0.300000	-0.201168E-03
0.310000	-0.228137E-03
0.320000	-0.278519E-03
0.330000	-0.332215E-03
0.340000	-0.385559E-03
0.350000	-0.438770E-03
0.360000	-0.496407E-03
0.370000	-0.562595E-03
0.380000	-0.593543E-03
0.390000	-0.293142E-04
0.400000	0.167212E-02
0.410000	0.264901E-02
0.420000	0.192372E-02
0.430000	0.633532E-03
0.440000	-0.370119E-03
0.450000	-0.372942E-03
0.460000	0.116111E-02
0.470000	0.363024E-02
0.480000	0.508534E-02
0.490000	0.182731E-02
0.500000	-0.428473E-02
0.510000	-0.632333E-02
0.520000	-0.363673E-02
0.530000	-0.251176E-03
0.540000	0.375049E-03
0.550000	-0.895548E-03
0.560000	-0.121470E-02
0.570000	-0.296550E-03
0.580000	0.554413E-03
0.590000	-0.174797E-02
0.600000	-0.387335E-02
0.610000	0.390169E-03
0.620000	0.610847E-02
0.630000	0.297986E-02
0.640000	-0.764159E-02
0.650000	-0.116013E-01
0.660000	-0.526524E-02
0.670000	0.316736E-02
0.680000	0.887020E-02
0.690000	0.463927E-02
0.700000	-0.912903E-03
0.710000	0.112279E-02
0.720000	0.664854E-02
0.730000	0.112037E-01
0.740000	0.136671E-01
0.750000	0.842886E-02
0.760000	0.762275E-03
0.770000	0.132706E-03
0.780000	0.181513E-03
0.790000	-0.422685E-02
0.800000	-0.820851E-02
0.810000	-0.527873E-02
0.820000	0.201562E-02
0.830000	0.436179E-02
0.840000	-0.217267E-02
0.850000	-0.114675E-01
0.860000	-0.113121E-01
0.870000	0.214494E-02
0.880000	0.120160E-01
0.890000	0.256954E-03
0.900000	-0.214400E-01
0.910000	-0.171669E-01
0.920000	0.129125E-01
0.930000	0.240327E-01
0.940000	-0.116799E-02
0.950000	-0.291628E-01
0.960000	-0.224167E-01
0.970000	0.830163E-02
0.980000	0.108940E-01
0.990000	-0.910473E-02
1.000000	-0.851565E-02
1.010000	0.164037E-01
1.020000	0.280846E-01
1.030000	0.555930E-02
1.040000	-0.322722E-01
1.050000	-0.437888E-01
1.060000	-0.724575E-02
1.070000	0.431882E-01
1.080000	0.419136E-01
1.090000	-0.834979E-02
1.100000	-0.449440E-01
1.110000	-0.175318E-01
1.120000	0.251724E-01
1.130000	0.764732E-02
1.140000	-0.327512E-01
1.150000	-0.354680E-01
1.160000	-0.726978E-02
1.170000	0.180823E-01
1.180000	0.140585E-01
1.190000	-0.218527E-01
1.200000	-0.492968E-01
1.210000	-0.329265E-01
1.220000	0.103343E-01
1.230000	0.346438E-01
1.240000	0.186955E-01
1.250000	-0.699596E-02
1.260000	-0.468920E-02
1.270000	0.371970E-02
1.280000	0.273241E-02
1.290000	0.489818E-02
1.300000	0.135861E-01
1.310000	0.227932E-01
1.320000	0.162872E-01
1.330000	-0.432100E-02
1.340000	-0.252054E-01
1.350000	-0.233563E-01
1.360000	0.183924E-02
1.370000	0.303195E-01
1.380000	0.362155E-01
1.390000	0.164726E-01
1.400000	-0.870986E-02
1.410000	-0.151812E-01
1.420000	0.151754E-02
1.430000	0.157998E-01
1.440000	0.780268E-02
1.450000	-0.751315E-02
1.460000	-0.454234E-02
1.470000	0.131244E-01
1.480000	0.140770E-01
1.490000	-0.751475E-02
1.500000	-0.203597E-01
1.510000	-0.126344E-01
1.520000	0.156642E-02
1.530000	0.954846E-02
1.540000	0.361734E-02
1.550000	-0.116265E-01
1.560000	-0.109310E-01
1.570000	0.107055E-01
1.580000	0.257427E-01
1.590000	0.134646E-01
1.600000	-0.879456E-02
1.610000	-0.133934E-01
1.620000	-0.193445E-02
1.630000	0.979619E-02
1.640000	0.138015E-01
1.650000	0.844475E-02
1.660000	-0.470490E-03
1.670000	-0.141411E-03
1.680000	0.100167E-01
1.690000	0.200760E-01
1.700000	0.121876E-01
1.710000	0.526731E-03
1.720000	0.214374E-02
1.730000	-0.108206E-01
1.740000	-0.283006E-01
1.750000	-0.206182E-01
1.760000	0.593134E-02
1.770000	0.227578E-01
1.780000	0.114413E-01
1.790000	-0.166197E-01
1.800000	-0.295239E-01
1.810000	-0.124861E-01
1.820000	0.172764E-01
1.830000	0.326097E-01
1.840000	0.220730E-01
1.850000	0.330924E-02
1.860000	-0.816254E-03
1.870000	0.535434E-02
1.880000	0.730030E-02
1.890000	0.399679E-02
1.900000	0.524485E-03
1.910000	0.106918E-04
1.920000	0.646068E-03
1.930000	0.101991E-02
1.940000	0.245759E-02
1.950000	0.646346E-02
1.960000	0.982496E-02
1.970000	0.738978E-02
1.980000	-0.109413E-03
1.990000	0.375999E-03
2.000000	0.736541E-04
2.010000	-0.292450E-03
2.020000	0.662848E-02
2.030000	0.150358E-01
2.040000	0.142306E-01
2.050000	0.400847E-02
2.060000	-0.683098E-02
2.070000	-0.130453E-01
2.080000	-0.115159E-01
2.090000	-0.571375E-02
2.100000	-0.478355E-02
2.110000	-0.107626E-01
2.120000	-0.107124E-01
2.130000	-0.898514E-03
2.140000	0.375716E-02
2.150000	0.517770E-02
2.160000	0.121369E-01
2.170000	0.221035E-01
2.180000	0.217865E-01
2.190000	0.876895E-02
2.200000	0.244951E-02
2.210000	0.936710E-02
2.220000	0.188809E-01
2.230000	0.157312E-01
2.240000	-0.375366E-02
2.250000	-0.268851E-01
2.260000	-0.303766E-01
2.270000	-0.525112E-02
2.280000	-0.252003E-02
2.290000	-0.113114E-01
2.300000	0.348437E-02
2.310000	0.164586E-01
2.320000	0.478337E-02
2.330000	-0.228912E-02
2.340000	0.141109E-01
2.350000	0.216446E-01
2.360000	0.721188E-02
2.370000	-0.141146E-01
2.380000	-0.234631E-01
2.390000	-0.167299E-01
2.400000	-0.375040E-02
2.410000	-0.241269E-02
2.420000	-0.135726E-01
2.430000	-0.154781E-01
2.440000	-0.461153E-02
2.450000	0.381201E-02
2.460000	0.881659E-02
2.470000	0.156996E-01
2.480000	0.138813E-01
2.490000	0.221983E-02
2.500000	0.660847E-02
2.510000	0.129233E-01
2.520000	0.121853E-02
2.530000	-0.204538E-01
2.540000	-0.290812E-01
2.550000	-0.193363E-01
2.560000	-0.436376E-02
2.570000	0.600583E-02
2.580000	0.107330E-02
2.590000	-0.177788E-01
2.600000	-0.242093E-01
2.610000	-0.119757E-01
2.620000	0.433665E-02
2.630000	0.151301E-01
2.640000	0.207439E-01
2.650000	0.145199E-01
2.660000	0.698020E-02
2.670000	0.115040E-01
2.680000	0.130933E-01
2.690000	0.206742E-02
2.700000	-0.103088E-01
2.710000	-0.129907E-01
2.720000	-0.803015E-02
2.730000	-0.381227E-02
2.740000	-0.425844E-02
2.750000	-0.101472E-01
2.760000	-0.206642E-01
2.770000	-0.143337E-01
2.780000	0.316532E-01
2.790000	0.552106E-01
2.800000	0.247639E-01
2.810000	-0.215087E-01
2.820000	-0.486922E-01
2.830000	-0.425613E-01
2.840000	-0.192457E-01
2.850000	0.126382E-02
2.860000	0.123538E-01
2.870000	0.125809E-01
2.880000	-0.515114E-02
2.890000	-0.352905E-01
2.900000	-0.392526E-01
2.910000	-0.427937E-02
2.920000	0.423831E-01
2.930000	0.599651E-01
2.940000	0.279221E-01
2.950000	-0.296442E-01
2.960000	-0.792477E-01
2.970000	-0.624098E-01
2.980000	0.211293E-01
2.990000	0.622292E-01
3.000000	0.292435E-01
3.010000	-0.203972E-01
3.020000	-0.403568E-01
3.030000	-0.461891E-01
3.040000	-0.639898E-01
3.050000	-0.440285E-01
3.060000	0.290633E-01
3.070000	0.601567E-01
3.080000	0.144246E-01
3.090000	-0.519570E-01
3.100000	-0.485531E-01
3.110000	0.776907E-02
3.120000	0.377365E-01
3.130000	0.159301E-01
3.140000	-0.279128E-01
3.150000	-0.461310E-01
3.160000	-0.237665E-01
3.170000	0.805884E-02
3.180000	0.620391E-02
3.190000	-0.239998E-01
3.200000	-0.541604E-01
3.210000	-0.652329E-01
3.220000	-0.533358E-01
3.230000	-0.326837E-01
3.240000	-0.329925E-01
3.250000	-0.784794E-01
3.260000	-0.106739E+00
3.270000	-0.762025E-01
3.280000	-0.245317E-01
3.290000	-0.259687E-02
3.300000	-0.157449E-01
3.310000	-0.218621E-01
3.320000	-0.748381E-02
3.330000	0.947659E-02
3.340000	0.176670E-02
3.350000	-0.250471E-01
3.360000	-0.226055E-01
3.370000	0.259341E-01
3.380000	0.844994E-01
3.390000	0.759593E-01
3.400000	-0.553572E-02
3.410000	-0.342687E-01
3.420000	0.248903E-01
3.430000	0.930699E-01
3.440000	0.939005E-01
3.450000	0.432186E-01
3.460000	0.861188E-02
3.470000	0.232627E-01
3.480000	0.640723E-01
3.490000	0.988096E-01
3.500000	0.117539E+00
3.510000	0.869602E-01
3.520000	0.127107E-01
3.530000	-0.379807E-01
3.540000	-0.213026E-01
3.550000	0.266013E-01
3.560000	0.360666E-01
3.570000	0.149909E-01
3.580000	0.582449E-02
3.590000	0.135498E-01
3.600000	0.224262E-01
3.610000	0.249216E-01
3.620000	0.257538E-01
3.630000	0.282939E-01
3.640000	0.324483E-01
3.650000	0.405825E-01
3.660000	0.556206E-01
3.670000	0.731235E-01
3.680000	0.900792E-01
3.690000	0.105278E+00
3.700000	0.116249E+00
3.710000	0.666361E-01
3.720000	-0.454648E-01
3.730000	-0.131659E+00
3.740000	-0.117630E+00
3.750000	-0.363706E-01
3.760000	0.392109E-01
3.770000	0.582178E-01
3.780000	0.287267E-01
3.790000	-0.331089E-02
3.800000	0.307898E-02
3.810000	0.503647E-01
3.820000	0.935343E-01
3.830000	0.105385E+00
3.840000	0.971671E-01
3.850000	0.920906E-01
3.860000	0.926919E-01
3.870000	0.950717E-01
3.880000	0.939361E-01
3.890000	0.858848E-01
3.900000	0.681280E-01
3.910000	0.489808E-01
3.920000	0.447834E-01
3.930000	0.657336E-01
3.940000	0.803402E-01
3.950000	0.666301E-01
3.960000	0.363598E-01
3.970000	0.982230E-02
3.980000	-0.124242E-01
3.990000	-0.331197E-01
4.000000	-0.442934E-01
4.010000	-0.395367E-01
4.020000	-0.313479E-01
4.030000	-0.354958E-01
4.040000	-0.111129E+00
4.050000	-0.183310E+00
4.060000	-0.165681E+00
4.070000	-0.100333E+00
4.080000	-0.883768E-01
4.090000	-0.141092E+00
4.100000	-0.153421E+00
4.110000	-0.976347E-01
4.120000	-0.501660E-01
4.130000	-0.539540E-01
4.140000	-0.683214E-01
4.150000	-0.510661E-01
4.160000	-0.144790E-01
4.170000	-0.138634E-02
4.180000	-0.195235E-01
4.190000	-0.252064E-01
4.200000	-0.423846E-01
4.210000	-0.960941E-01
4.220000	-0.155103E+00
4.230000	-0.180443E+00
4.240000	-0.169679E+00
4.250000	-0.155945E+00
4.260000	-0.159959E+00
4.270000	-0.140986E+00
4.280000	-0.737783E-01
4.290000	0.124372E-01
4.300000	0.890039E-01
4.310000	0.135112E+00
4.320000	0.149638E+00
4.330000	0.147322E+00
4.340000	0.142830E+00
4.350000	0.181126E+00
4.360000	0.205522E+00
4.370000	0.167686E+00
4.380000	0.108224E+00
4.390000	0.657426E-01
4.400000	0.619711E-01
4.410000	0.597952E-01
4.420000	0.649207E-02
4.430000	-0.856688E-01
4.440000	-0.143397E+00
4.450000	-0.122487E+00
4.460000	-0.576255E-01
4.470000	0.116271E-02
4.480000	0.468399E-01
4.490000	0.890096E-01
4.500000	0.103810E+00
4.510000	0.571656E-01
4.520000	-0.927142E-02
4.530000	-0.276238E-01
4.540000	-0.236799E-02
4.550000	-0.624049E-02
4.560000	-0.845189E-01
4.570000	-0.200227E+00
4.580000	-0.253151E+00
4.590000	-0.184254E+00
4.600000	-0.591886E-01
4.610000	-0.166089E-01
4.620000	-0.665575E-01
4.630000	-0.114428E+00
4.640000	-0.848841E-01
4.650000	-0.232783E-02
4.660000	0.254981E-01
4.670000	-0.303439E-01
4.680000	-0.108238E+00
4.690000	-0.122810E+00
4.700000	-0.577161E-01
4.710000	0.109315E-01
4.720000	0.803004E-03
4.730000	-0.625709E-01
4.740000	-0.593005E-01
4.750000	0.268357E-01
4.760000	0.114072E+00
4.770000	0.111301E+00
4.780000	0.424001E-01
4.790000	0.493752E-01
4.800000	0.152090E+00
4.810000	0.244947E+00
4.820000	0.237050E+00
4.830000	0.158661E+00
4.840000	0.834936E-01
4.850000	0.288879E-01
4.860000	-0.217438E-01
4.870000	-0.780772E-01
4.880000	-0.127636E+00
4.890000	-0.126631E+00
4.900000	-0.763481E-01
4.910000	-0.206063E-01
4.920000	0.239329E-01
4.930000	0.628046E-01
4.940000	0.100109E+00
4.950000	0.744686E-01
4.960000	-0.196984E-01
4.970000	-0.637466E-01
4.980000	-0.229547E-01
4.990000	0.830582E-02
5.000000	-0.114574E-01
5.010000	-0.437559E-01
5.020000	-0.529293E-01
5.030000	-0.464578E-01
5.040000	-0.424451E-01
5.050000	-0.450111E-01
5.060000	-0.477192E-01
5.070000	-0.423209E-01
5.080000	-0.859888E-02
5.090000	0.483598E-01
5.100000	0.104193E+00
5.110000	0.115128E+00
5.120000	0.816915E-01
5.130000	0.424435E-01
5.140000	0.129711E-01
5.150000	-0.120369E-01
5.160000	-0.394112E-01
5.170000	-0.633765E-01
5.180000	-0.754788E-01
5.190000	-0.783813E-01
5.200000	-0.806376E-01
5.210000	-0.827890E-01
5.220000	-0.831666E-01
5.230000	-0.822983E-01
5.240000	-0.860317E-01
5.250000	-0.990052E-01
5.260000	-0.117453E+00
5.270000	-0.135517E+00
5.280000	-0.150020E+00
5.290000	-0.145941E+00
5.300000	-0.115877E+00
5.310000	-0.749228E-01
5.320000	-0.370387E-01
5.330000	-0.344694E-02
5.340000	0.288843E-01
5.350000	0.526964E-01
5.360000	0.659382E-01
5.370000	0.752815E-01
5.380000	0.751593E-01
5.390000	0.599366E-01
5.400000	0.372026E-01
5.410000	0.160157E-01
5.420000	0.264042E-02
5.430000	0.177635E-02
5.440000	0.889382E-02
5.450000	0.136658E-01
5.460000	0.156219E-01
5.470000	0.247168E-01
5.480000	0.359027E-01
5.490000	0.256235E-01
5.500000	-0.511851E-02
5.510000	-0.349900E-01
5.520000	-0.152938E-01
5.530000	0.443856E-01
5.540000	0.643200E-01
5.550000	0.309952E-01
5.560000	-0.114081E-01
5.570000	-0.341616E-01
5.580000	-0.262057E-01
5.590000	-0.115137E-01
5.600000	-0.189102E-01
5.610000	-0.409291E-01
5.620000	-0.529335E-01
5.630000	-0.426510E-01
5.640000	-0.383106E-01
5.650000	-0.606489E-01
5.660000	-0.768517E-01
5.670000	-0.397483E-01
5.680000	0.246033E-01
5.690000	0.453377E-01
5.700000	0.207405E-01
5.710000	0.194635E-01
5.720000	0.633005E-01
5.730000	0.952941E-01
5.740000	0.993174E-01
5.750000	0.913841E-01
5.760000	0.641482E-01
5.770000	0.349222E-01
5.780000	0.409544E-01
5.790000	0.686733E-01
5.800000	0.774151E-01
5.810000	0.647542E-01
5.820000	0.502626E-01
5.830000	0.491572E-01
5.840000	0.635617E-01
5.850000	0.839007E-01
5.860000	0.933891E-01
5.870000	0.793943E-01
5.880000	0.499210E-01
5.890000	0.214264E-01
5.900000	-0.769073E-03
5.910000	-0.185104E-01
5.920000	-0.362562E-01
5.930000	-0.537967E-01
5.940000	-0.706777E-01
5.950000	-0.861302E-01
5.960000	-0.999046E-01
5.970000	-0.910010E-01
5.980000	-0.550945E-01
5.990000	-0.416228E-01
6.000000	-0.947959E-01
6.010000	-0.118976E+00
6.020000	-0.621716E-01
6.030000	-0.121209E-01
6.040000	-0.176148E-01
6.050000	-0.462868E-01
6.060000	-0.538839E-01
6.070000	-0.205365E-01
6.080000	0.338903E-01
6.090000	0.540678E-01
6.100000	0.264981E-01
6.110000	-0.145273E-01
6.120000	-0.251545E-01
6.130000	0.146287E-01
6.140000	0.767711E-01
6.150000	0.936590E-01
6.160000	0.699968E-01
6.170000	0.965648E-01
6.180000	0.187717E+00
6.190000	0.286743E+00
6.200000	0.342296E+00
6.210000	0.347712E+00
6.220000	0.350728E+00
6.230000	0.375536E+00
6.240000	0.406312E+00
6.250000	0.430404E+00
6.260000	0.446326E+00
6.270000	0.411181E+00
6.280000	0.290948E+00
6.290000	0.173307E+00
6.300000	0.120514E+00
6.310000	0.989836E-01
6.320000	0.667382E-01
6.330000	0.204543E-01
6.340000	-0.233364E-01
6.350000	-0.593285E-01
6.360000	-0.805475E-01
6.370000	-0.845721E-01
6.380000	-0.871281E-01
6.390000	-0.986277E-01
6.400000	-0.113185E+00
6.410000	-0.116259E+00
6.420000	-0.106444E+00
6.430000	-0.952317E-01
6.440000	-0.938848E-01
6.450000	-0.123188E+00
6.460000	-0.164024E+00
6.470000	-0.171389E+00
6.480000	-0.146745E+00
6.490000	-0.118962E+00
6.500000	-0.997674E-01
6.510000	-0.838017E-01
6.520000	-0.704050E-01
6.530000	-0.579544E-01
6.540000	-0.325375E-01
6.550000	0.548987E-02
6.560000	0.312074E-01
6.570000	0.377406E-01
6.580000	0.367669E-01
6.590000	0.273520E-01
6.600000	0.985001E-02
6.610000	0.219613E-02
6.620000	0.126952E-01
6.630000	0.302624E-01
6.640000	0.445710E-01
6.650000	0.480427E-01
6.660000	0.499425E-01
6.670000	0.595197E-01
6.680000	0.714880E-01
6.690000	0.814537E-01
6.700000	0.895596E-01
6.710000	0.966172E-01
6.720000	0.901345E-01
6.730000	0.624434E-01
6.740000	0.256452E-01
6.750000	-0.464668E-02
6.760000	-0.220642E-01
6.770000	-0.319509E-01
6.780000	-0.419992E-01
6.790000	-0.495616E-01
6.800000	-0.457673E-01
6.810000	-0.327098E-01
6.820000	-0.321410E-01
6.830000	-0.526759E-01
6.840000	-0.882334E-01
6.850000	-0.127678E+00
6.860000	-0.164677E+00
6.870000	-0.199257E+00
6.880000	-0.233076E+00
6.890000	-0.266057E+00
6.900000	-0.296354E+00
6.910000	-0.304672E+00
6.920000	-0.288028E+00
6.930000	-0.269325E+00
6.940000	-0.288431E+00
6.950000	-0.326171E+00
6.960000	-0.306097E+00
6.970000	-0.226692E+00
6.980000	-0.143347E+00
6.990000	-0.104879E+00
7.000000	-0.106608E+00
7.010000	-0.874855E-01
7.020000	-0.288833E-01
7.030000	0.378747E-01
7.040000	0.590102E-01
7.050000	0.350708E-01
7.060000	0.132483E-01
7.070000	0.361233E-01
7.080000	0.935729E-01
7.090000	0.149941E+00
7.100000	0.196149E+00
7.110000	0.237902E+00
7.120000	0.273700E+00
7.130000	0.299766E+00
7.140000	0.319831E+00
7.150000	0.338935E+00
7.160000	0.356890E+00
7.170000	0.350778E+00
7.180000	0.285302E+00
7.190000	0.178837E+00
7.200000	0.936310E-01
7.210000	0.633587E-01
7.220000	0.548557E-01
7.230000	0.242200E-01
7.240000	-0.202542E-01
7.250000	-0.403046E-01
7.260000	-0.319257E-01
7.270000	-0.199748E-01
7.280000	-0.148076E-01
7.290000	-0.136972E-01
7.300000	-0.268806E-01
7.310000	-0.607278E-01
7.320000	-0.904795E-01
7.330000	-0.105514E+00
7.340000	-0.138478E+00
7.350000	-0.201501E+00
7.360000	-0.269344E+00
7.370000	-0.313492E+00
7.380000	-0.303469E+00
7.390000	-0.261106E+00
7.400000	-0.245267E+00
7.410000	-0.263553E+00
7.420000	-0.256898E+00
7.430000	-0.189990E+00
7.440000	-0.115088E+00
7.450000	-0.829804E-01
7.460000	-0.748643E-01
7.470000	-0.498726E-01
7.480000	-0.375518E-02
7.490000	0.341044E-01
7.500000	0.517370E-01
7.510000	0.601729E-01
7.520000	0.698853E-01
7.530000	0.686225E-01
7.540000	0.525456E-01
7.550000	0.238429E-01
7.560000	-0.123536E-01
7.570000	-0.490929E-01
7.580000	-0.821838E-01
7.590000	-0.918696E-01
7.600000	-0.694288E-01
7.610000	-0.626486E-01
7.620000	-0.979350E-01
7.630000	-0.115210E+00
7.640000	-0.752449E-01
7.650000	-0.100232E-01
7.660000	0.459027E-01
7.670000	0.751364E-01
7.680000	0.777380E-01
7.690000	0.744946E-01
7.700000	0.883021E-01
7.710000	0.115329E+00
7.720000	0.140427E+00
7.730000	0.143288E+00
7.740000	0.115789E+00
7.750000	0.893701E-01
7.760000	0.832713E-01
7.770000	0.645831E-01
7.780000	0.203869E-01
7.790000	-0.304128E-01
7.800000	-0.736480E-01
7.810000	-0.107652E+00
7.820000	-0.122358E+00
7.830000	-0.115884E+00
7.840000	-0.100439E+00
7.850000	-0.854418E-01
7.860000	-0.564117E-01
7.870000	0.858414E-03
7.880000	0.716870E-01
7.890000	0.106807E+00
7.900000	0.860937E-01
7.910000	0.425010E-01
7.920000	0.149509E-01
7.930000	0.161496E-02
7.940000	-0.183088E-01
7.950000	-0.458863E-01
7.960000	-0.655391E-01
7.970000	-0.731175E-01
7.980000	-0.779133E-01
7.990000	-0.820827E-01
8.000000	-0.743401E-01
8.010000	-0.533698E-01
8.020000	-0.308258E-01
8.030000	-0.159456E-01
8.040000	-0.228079E-01
8.050000	-0.332618E-01
8.060000	-0.197784E-01
8.070000	0.687544E-02
8.080000	0.107514E-01
8.090000	-0.117950E-01
8.100000	-0.365480E-01
8.110000	-0.420204E-01
8.120000	-0.228066E-01
8.130000	-0.905381E-03
8.140000	0.579340E-02
8.150000	0.581596E-02
8.160000	0.743023E-02
8.170000	0.300500E-02
8.180000	-0.784899E-02
8.190000	-0.147801E-01
8.200000	-0.457982E-02
8.210000	-0.118659E-02
8.220000	-0.188421E-01
8.230000	-0.427159E-01
8.240000	-0.492746E-01
8.250000	-0.363948E-01
8.260000	-0.195303E-01
8.270000	-0.185382E-02
8.280000	0.292323E-01
8.290000	0.564215E-01
8.300000	0.522244E-01
8.310000	0.277220E-01
8.320000	0.286985E-01
8.330000	0.709533E-01
8.340000	0.126374E+00
8.350000	0.169516E+00
8.360000	0.168790E+00
8.370000	0.131445E+00
8.380000	0.964181E-01
8.390000	0.692326E-01
8.400000	0.383975E-01
8.410000	0.418804E-02
8.420000	-0.517842E-03
8.430000	0.300428E-01
8.440000	0.679269E-01
8.450000	0.966467E-01
8.460000	0.952074E-01
8.470000	0.621122E-01
8.480000	0.348330E-01
8.490000	0.233011E-01
8.500000	0.941866E-02
8.510000	-0.116257E-01
8.520000	-0.254045E-01
8.530000	-0.227947E-01
8.540000	-0.191244E-01
8.550000	-0.298805E-01
8.560000	-0.318464E-01
8.570000	0.995855E-02
8.580000	0.819004E-01
8.590000	0.144391E+00
8.600000	0.168939E+00
8.610000	0.166767E+00
8.620000	0.163880E+00
8.630000	0.155247E+00
8.640000	0.120522E+00
8.650000	0.655941E-01
8.660000	0.112332E-01
8.670000	-0.359354E-01
8.680000	-0.759607E-01
8.690000	-0.112180E+00
8.700000	-0.146756E+00
8.710000	-0.177844E+00
8.720000	-0.177153E+00
8.730000	-0.141923E+00
8.740000	-0.999739E-01
8.750000	-0.658594E-01
8.760000	-0.445468E-01
8.770000	-0.390397E-01
8.780000	-0.354441E-01
8.790000	-0.392670E-02
8.800000	0.494763E-01
8.810000	0.823853E-01
8.820000	0.734870E-01
8.830000	0.445537E-01
8.840000	0.283703E-01
8.850000	0.406802E-01
8.860000	0.691048E-01
8.870000	0.950434E-01
8.880000	0.116305E+00
8.890000	0.136969E+00
8.900000	0.156535E+00
8.910000	0.141951E+00
8.920000	0.112808E+00
8.930000	0.102812E+00
8.940000	0.941496E-01
8.950000	0.682706E-01
8.960000	0.311604E-01
8.970000	-0.291041E-02
8.980000	-0.284114E-01
8.990000	-0.427747E-01
9.000000	-0.508082E-01
9.010000	-0.577311E-01
9.020000	-0.609784E-01
9.030000	-0.616270E-01
9.040000	-0.697629E-01
9.050000	-0.852190E-01
9.060000	-0.946172E-01
9.070000	-0.865276E-01
9.080000	-0.683985E-01
9.090000	-0.616681E-01
9.100000	-0.702457E-01
9.110000	-0.653092E-01
9.120000	-0.372079E-01
9.130000	-0.381009E-02
9.140000	0.189442E-01
9.150000	0.218284E-01
9.160000	0.278406E-01
9.170000	0.513609E-01
9.180000	0.802039E-01
9.190000	0.104203E+00
9.200000	0.115252E+00
9.210000	0.948047E-01
9.220000	0.486430E-01
9.230000	0.654528E-02
9.240000	-0.165022E-01
9.250000	-0.268938E-01
9.260000	-0.207825E-01
9.270000	0.564028E-02
9.280000	0.372895E-01
9.290000	0.477823E-01
9.300000	0.224968E-01
9.310000	0.106719E-01
9.320000	0.375235E-01
9.330000	0.763404E-01
9.340000	0.876397E-01
9.350000	0.511723E-01
9.360000	-0.296274E-02
9.370000	-0.258171E-01
9.380000	-0.243827E-01
9.390000	-0.353787E-01
9.400000	-0.643422E-01
9.410000	-0.939393E-01
9.420000	-0.106532E+00
9.430000	-0.791219E-01
9.440000	-0.218780E-01
9.450000	0.358001E-01
9.460000	0.743737E-01
9.470000	0.896047E-01
9.480000	0.947274E-01
9.490000	0.100193E+00
9.500000	0.936763E-01
9.510000	0.568337E-01
9.520000	0.170602E-02
9.530000	-0.242168E-01
9.540000	-0.112850E-01
9.550000	0.940004E-02
9.560000	0.148191E-01
9.570000	0.664540E-02
9.580000	0.624188E-02
9.590000	0.176213E-01
9.600000	0.256735E-01
9.610000	0.189163E-01
9.620000	-0.376338E-02
9.630000	-0.344474E-01
9.640000	-0.632226E-01
9.650000	-0.871872E-01
9.660000	-0.858301E-01
9.670000	-0.595563E-01
9.680000	-0.311742E-01
9.690000	-0.401268E-01
9.700000	-0.866635E-01
9.710000	-0.120685E+00
9.720000	-0.106273E+00
9.730000	-0.622568E-01
9.740000	-0.304804E-01
9.750000	-0.274122E-01
9.760000	-0.332155E-01
9.770000	-0.387472E-01
9.780000	-0.498708E-01
9.790000	-0.642519E-01
9.800000	-0.732176E-01
9.810000	-0.643359E-01
9.820000	-0.432473E-01
9.830000	-0.221589E-01
9.840000	-0.126237E-01
9.850000	-0.428843E-01
9.860000	-0.949697E-01
9.870000	-0.947738E-01
9.880000	-0.397761E-01
9.890000	0.815227E-02
9.900000	0.943875E-02
9.910000	-0.135091E-01
9.920000	0.107810E-02
9.930000	0.679807E-01
9.940000	0.102731E+00
9.950000	0.710096E-01
9.960000	0.210445E-01
9.970000	0.795384E-02
9.980000	0.409469E-01
9.990000	0.714826E-01
10.000000	0.706313E-01
10.010000	0.525246E-01
10.020000	0.365911E-01
10.030000	0.260160E-01
10.040000	0.176652E-01
10.050000	0.197379E-01
10.060000	0.333892E-01
10.070000	0.492600E-01
10.080000	0.626551E-01
10.090000	0.743941E-01
10.100000	0.840195E-01
10.110000	0.587807E-01
10.120000	0.667106E-03
10.130000	-0.238711E-01
10.140000	-0.148991E-01
10.150000	-0.373102E-01
10.160000	-0.765123E-01
10.170000	-0.850430E-01
10.180000	-0.903066E-01
10.190000	-0.104635E+00
10.200000	-0.103412E+00
10.210000	-0.838016E-01
10.220000	-0.654117E-01
10.230000	-0.700106E-01
10.240000	-0.920157E-01
10.250000	-0.106198E+00
10.260000	-0.942443E-01
10.270000	-0.652241E-01
10.280000	-0.361962E-01
10.290000	0.586403E-02
10.300000	0.550264E-01
10.310000	0.739517E-01
10.320000	0.619811E-01
10.330000	0.591331E-01
10.340000	0.833976E-01
10.350000	0.118255E+00
10.360000	0.147263E+00
10.370000	0.149139E+00
10.380000	0.100464E+00
10.390000	0.295290E-01
10.400000	0.179045E-01
10.410000	0.695948E-01
10.420000	0.934872E-01
10.430000	0.555984E-01
10.440000	0.292641E-02
10.450000	-0.149747E-01
10.460000	0.579802E-02
10.470000	0.373473E-01
10.480000	0.601640E-01
10.490000	0.500866E-01
10.500000	0.557161E-02
10.510000	-0.298253E-01
10.520000	-0.303365E-01
10.530000	-0.133306E-01
10.540000	-0.461265E-02
10.550000	0.337832E-02
10.560000	0.209502E-02
10.570000	-0.225840E-01
10.580000	-0.590287E-01
10.590000	-0.692617E-01
10.600000	-0.464006E-01
10.610000	-0.176875E-01
10.620000	0.328844E-02
10.630000	0.301368E-01
10.640000	0.701663E-01
10.650000	0.112421E+00
10.660000	0.141823E+00
10.670000	0.120831E+00
10.680000	0.582037E-01
10.690000	0.382870E-01
10.700000	0.631282E-01
10.710000	0.627526E-01
10.720000	0.254807E-01
10.730000	0.101513E-02
10.740000	0.102530E-01
10.750000	0.292264E-01
10.760000	0.396987E-01
10.770000	0.248395E-01
10.780000	-0.136427E-01
10.790000	-0.575844E-01
10.800000	-0.969369E-01
10.810000	-0.133054E+00
10.820000	-0.167320E+00
10.830000	-0.170820E+00
10.840000	-0.123721E+00
10.850000	-0.535437E-01
10.860000	-0.116516E-01
10.870000	-0.311705E-01
10.880000	-0.620387E-01
10.890000	-0.479368E-01
10.900000	-0.332070E-02
10.910000	0.314081E-01
10.920000	0.166685E-01
10.930000	-0.228667E-01
10.940000	-0.226881E-01
10.950000	0.186956E-01
10.960000	0.611943E-01
10.970000	0.575755E-01
10.980000	0.119771E-01
10.990000	-0.333452E-02
11.000000	0.299995E-01
11.010000	0.694705E-01
11.020000	0.442869E-01
11.030000	-0.300738E-01
11.040000	-0.581754E-01
11.050000	-0.283368E-01
11.060000	0.459531E-03
11.070000	-0.169719E-01
11.080000	-0.625844E-01
11.090000	-0.922536E-01
11.100000	-0.766375E-01
11.110000	-0.350518E-01
11.120000	-0.208111E-01
11.130000	-0.544521E-01
11.140000	-0.792610E-01
11.150000	-0.495733E-01
11.160000	0.518684E-02
11.170000	0.177335E-01
11.180000	-0.161205E-01
11.190000	-0.545589E-01
11.200000	-0.775355E-01
11.210000	-0.872652E-01
11.220000	-0.938735E-01
11.230000	-0.101254E+00
11.240000	-0.978291E-01
11.250000	-0.688565E-01
11.260000	-0.236384E-01
11.270000	0.581022E-02
11.280000	-0.325443E-02
11.290000	-0.277702E-01
11.300000	-0.146292E-01
11.310000	0.360283E-01
11.320000	0.868336E-01
11.330000	0.809827E-01
11.340000	0.191631E-01
11.350000	-0.319429E-01
11.360000	-0.153890E-01
11.370000	0.164292E-01
11.380000	0.650392E-03
11.390000	-0.422182E-01
11.400000	-0.636632E-01
11.410000	-0.249406E-01
11.420000	0.478631E-01
11.430000	0.741903E-01
11.440000	0.366177E-01
11.450000	-0.130780E-01
11.460000	-0.355058E-01
11.470000	-0.220909E-01
11.480000	0.220124E-02
11.490000	0.849983E-02
11.500000	-0.322691E-01
11.510000	-0.102475E+00
11.520000	-0.147047E+00
11.530000	-0.107393E+00
11.540000	-0.107882E-01
11.550000	0.508441E-01
11.560000	0.260470E-01
11.570000	-0.426324E-01
11.580000	-0.927916E-01
11.590000	-0.590038E-01
11.600000	0.415989E-01
11.610000	0.139776E+00
11.620000	0.141952E+00
11.630000	0.544439E-01
11.640000	-0.284908E-01
11.650000	-0.433712E-01
11.660000	-0.107276E-01
11.670000	-0.143324E-01
11.680000	-0.216687E-01
11.690000	0.124561E-01
11.700000	0.354788E-01
11.710000	0.176074E-01
11.720000	0.131649E-01
11.730000	0.590347E-01
11.740000	0.126532E+00
11.750000	0.142027E+00
11.760000	0.845690E-01
11.770000	0.366703E-01
11.780000	0.605475E-01
11.790000	0.124755E+00
11.800000	0.173323E+00
11.810000	0.151869E+00
11.820000	0.746215E-01
11.830000	-0.194195E-02
11.840000	-0.375987E-01
11.850000	-0.255450E-01
11.860000	-0.321238E-01
11.870000	-0.907296E-01
11.880000	-0.166636E+00
11.890000	-0.181537E+00
11.900000	-0.132302E+00
11.910000	-0.760355E-01
11.920000	-0.439692E-01
11.930000	-0.368738E-01
11.940000	-0.313533E-01
11.950000	-0.653206E-02
11.960000	0.312892E-01
11.970000	0.662385E-01
11.980000	0.789546E-01
11.990000	0.795353E-01
12.000000	0.906961E-01
12.010000	0.109522E+00
12.020000	0.974573E-01
12.030000	0.563633E-01
12.040000	0.431503E-01
12.050000	0.683551E-01
12.060000	0.100143E+00
12.070000	0.114575E+00
12.080000	0.950662E-01
12.090000	0.649320E-01
12.100000	0.578775E-01
12.110000	0.681067E-01
12.120000	0.704538E-01
12.130000	0.445125E-01
12.140000	0.676116E-03
12.150000	-0.416261E-01
12.160000	-0.765482E-01
12.170000	-0.923261E-01
12.180000	-0.878399E-01
12.190000	-0.780542E-01
12.200000	-0.712925E-01
12.210000	-0.782084E-01
12.220000	-0.116691E+00
12.230000	-0.154730E+00
12.240000	-0.129325E+00
12.250000	-0.530095E-01
12.260000	0.152071E-01
12.270000	0.877582E-03
12.280000	-0.822436E-01
12.290000	-0.134221E+00
12.300000	-0.109268E+00
12.310000	-0.494960E-01
12.320000	-0.156131E-01
12.330000	-0.232168E-01
12.340000	-0.302145E-01
12.350000	-0.395964E-02
12.360000	-0.227932E-02
12.370000	-0.485922E-01
12.380000	-0.752345E-01
12.390000	-0.554419E-01
12.400000	-0.231462E-01
12.410000	-0.119427E-01
12.420000	-0.343823E-01
12.430000	-0.723287E-01
12.440000	-0.940304E-01
12.450000	-0.705654E-01
12.460000	-0.169461E-01
12.470000	0.127726E-01
12.480000	-0.136156E-01
12.490000	-0.674553E-01
12.500000	-0.697438E-01
12.510000	-0.339073E-02
12.520000	0.338966E-01
12.530000	0.540469E-02
12.540000	-0.182605E-01
12.550000	-0.102700E-01
12.560000	-0.481281E-02
12.570000	-0.291315E-02
12.580000	0.116705E-01
12.590000	0.361959E-01
12.600000	0.596668E-01
12.610000	0.772791E-01
12.620000	0.920390E-01
12.630000	0.107315E+00
12.640000	0.121597E+00
12.650000	0.119329E+00
12.660000	0.960602E-01
12.670000	0.802993E-01
12.680000	0.847264E-01
12.690000	0.967064E-01
12.700000	0.103405E+00
12.710000	0.900637E-01
12.720000	0.562914E-01
12.730000	0.467789E-01
12.740000	0.844666E-01
12.750000	0.135684E+00
12.760000	0.122583E+00
12.770000	0.452017E-01
12.780000	-0.223175E-01
12.790000	-0.204158E-01
12.800000	0.293078E-01
12.810000	0.623547E-01
12.820000	0.232818E-01
12.830000	-0.332197E-01
12.840000	-0.222734E-01
12.850000	0.361451E-01
12.860000	0.647391E-01
12.870000	0.382139E-01
12.880000	-0.324384E-02
12.890000	-0.331609E-01
12.900000	-0.400167E-01
12.910000	-0.336443E-01
12.920000	-0.268735E-01
12.930000	-0.232469E-01
12.940000	-0.193519E-01
12.950000	-0.171794E-01
12.960000	-0.243473E-01
12.970000	-0.280204E-01
12.980000	-0.428371E-02
12.990000	0.386405E-01
13.000000	0.817798E-01
13.010000	0.116874E+00
13.020000	0.137584E+00
13.030000	0.136154E+00
13.040000	0.123327E+00
13.050000	0.112498E+00
13.060000	0.116571E+00
13.070000	0.131111E+00
13.080000	0.142821E+00
13.090000	0.103871E+00
13.100000	0.268910E-01
13.110000	-0.718307E-02
13.120000	0.124362E-01
13.130000	0.391163E-01
13.140000	0.209022E-01
13.150000	-0.244100E-01
13.160000	-0.326845E-01
13.170000	-0.782615E-03
13.180000	0.346818E-01
13.190000	0.425917E-01
13.200000	0.193829E-01
13.210000	-0.146293E-01
13.220000	-0.424946E-01
13.230000	-0.632653E-01
13.240000	-0.877025E-01
13.250000	-0.127070E+00
13.260000	-0.175766E+00
13.270000	-0.221787E+00
13.280000	-0.253350E+00
13.290000	-0.250576E+00
13.300000	-0.220884E+00
13.310000	-0.191334E+00
13.320000	-0.170360E+00
13.330000	-0.146480E+00
13.340000	-0.105252E+00
13.350000	-0.674325E-01
13.360000	-0.620975E-01
13.370000	-0.810775E-01
13.380000	-0.997685E-01
13.390000	-0.109341E+00
13.400000	-0.114312E+00
13.410000	-0.120842E+00
13.420000	-0.128314E+00
13.430000	-0.133089E+00
13.440000	-0.975339E-01
13.450000	-0.559427E-02
13.460000	0.690864E-01
13.470000	0.719276E-01
13.480000	0.382174E-01
13.490000	0.339362E-01
13.500000	0.813605E-01
13.510000	0.125989E+00
13.520000	0.122895E+00
13.530000	0.914500E-01
13.540000	0.800478E-01
13.550000	0.101983E+00
13.560000	0.134282E+00
13.570000	0.149785E+00
13.580000	0.126969E+00
13.590000	0.781913E-01
13.600000	0.468356E-01
13.610000	0.474831E-01
13.620000	0.588750E-01
13.630000	0.269324E-01
13.640000	-0.223226E-01
13.650000	-0.301007E-01
13.660000	-0.245653E-01
13.670000	-0.496854E-01
13.680000	-0.702727E-01
13.690000	-0.569474E-01
13.700000	-0.296697E-01
13.710000	-0.846178E-02
13.720000	0.214071E-03
13.730000	-0.523397E-03
13.740000	-0.709930E-02
13.750000	-0.215114E-01
13.760000	-0.423253E-01
13.770000	-0.634890E-01
13.780000	-0.826679E-01
13.790000	-0.100612E+00
13.800000	-0.117907E+00
13.810000	-0.134003E+00
13.820000	-0.137013E+00
13.830000	-0.119809E+00
13.840000	-0.938005E-01
13.850000	-0.697464E-01
13.860000	-0.489692E-01
13.870000	-0.275381E-01
13.880000	-0.440218E-02
13.890000	0.263963E-01
13.900000	0.698647E-01
13.910000	0.119001E+00
13.920000	0.155480E+00
13.930000	0.171440E+00
13.940000	0.182681E+00
13.950000	0.198285E+00
13.960000	0.203780E+00
13.970000	0.194422E+00
13.980000	0.181419E+00
13.990000	0.171388E+00
14.000000	0.163476E+00
14.010000	0.155752E+00
14.020000	0.149313E+00
14.030000	0.144290E+00
14.040000	0.139445E+00
14.050000	0.128462E+00
14.060000	0.110163E+00
14.070000	0.902088E-01
14.080000	0.728004E-01
14.090000	0.695293E-01
14.100000	0.803647E-01
14.110000	0.891221E-01
14.120000	0.717048E-01
14.130000	0.326753E-01
14.140000	0.388370E-02
14.150000	-0.491257E-02
14.160000	-0.173717E-01
14.170000	-0.617666E-01
14.180000	-0.127326E+00
14.190000	-0.170225E+00
14.200000	-0.172670E+00
14.210000	-0.162736E+00
14.220000	-0.166482E+00
14.230000	-0.176473E+00
14.240000	-0.168653E+00
14.250000	-0.145027E+00
14.260000	-0.137795E+00
14.270000	-0.155627E+00
14.280000	-0.177788E+00
14.290000	-0.194251E+00
14.300000	-0.207700E+00
14.310000	-0.219828E+00
14.320000	-0.200057E+00
14.330000	-0.144246E+00
14.340000	-0.802471E-01
14.350000	-0.133574E-01
14.360000	0.382707E-01
14.370000	0.586346E-01
14.380000	0.780839E-01
14.390000	0.115173E+00
14.400000	0.158974E+00
14.410000	0.195755E+00
14.420000	0.204218E+00
14.430000	0.162934E+00
14.440000	0.111513E+00
14.450000	0.933280E-01
14.460000	0.971477E-01
14.470000	0.851248E-01
14.480000	0.507686E-01
14.490000	0.205043E-01
14.500000	0.148356E-01
14.510000	0.156910E-01
14.520000	0.285683E-02
14.530000	-0.171111E-01
14.540000	-0.237471E-01
14.550000	-0.145679E-01
14.560000	-0.120159E-01
14.570000	-0.272149E-01
14.580000	-0.503813E-01
14.590000	-0.704347E-01
14.600000	-0.869648E-01
14.610000	-0.102574E+00
14.620000	-0.118539E+00
14.630000	-0.136848E+00
14.640000	-0.155632E+00
14.650000	-0.162927E+00
14.660000	-0.149805E+00
14.670000	-0.125824E+00
14.680000	-0.109009E+00
14.690000	-0.104879E+00
14.700000	-0.928179E-01
14.710000	-0.639957E-01
14.720000	-0.327687E-01
14.730000	-0.227782E-01
14.740000	-0.236175E-01
14.750000	-0.778689E-02
14.760000	0.229024E-01
14.770000	0.537587E-01
14.780000	0.780307E-01
14.790000	0.877495E-01
14.800000	0.814513E-01
14.810000	0.762970E-01
14.820000	0.794452E-01
14.830000	0.781618E-01
14.840000	0.613904E-01
14.850000	0.360216E-01
14.860000	0.121364E-01
14.870000	-0.710084E-02
14.880000	-0.847346E-02
14.890000	0.136308E-01
14.900000	0.443585E-01
14.910000	0.695222E-01
14.920000	0.657365E-01
14.930000	0.379396E-01
14.940000	0.355696E-01
14.950000	0.742962E-01
14.960000	0.124803E+00
14.970000	0.164919E+00
14.980000	0.168090E+00
14.990000	0.130750E+00
15.000000	0.815387E-01
15.010000	0.618985E-01
15.020000	0.871519E-01
15.030000	0.100589E+00
15.040000	0.792312E-01
15.050000	0.736723E-01
15.060000	0.829356E-01
15.070000	0.808408E-01
15.080000	0.787847E-01
15.090000	0.882215E-01
15.100000	0.100611E+00
15.110000	0.810563E-01
15.120000	0.294981E-01
15.130000	-0.422188E-03
15.140000	0.140246E-01
15.150000	0.450375E-01
15.160000	0.565337E-01
15.170000	0.400673E-01
15.180000	0.277087E-01
15.190000	0.360271E-01
15.200000	0.512276E-01
15.210000	0.606257E-01
15.220000	0.496695E-01
15.230000	0.167738E-01
15.240000	-0.232004E-01
15.250000	-0.586381E-01
15.260000	-0.723313E-01
15.270000	-0.784958E-01
15.280000	-0.109227E+00
15.290000	-0.159489E+00
15.300000	-0.190360E+00
15.310000	-0.161150E+00
15.320000	-0.923889E-01
15.330000	-0.490291E-01
15.340000	-0.514585E-01
15.350000	-0.654812E-01
15.360000	-0.534152E-01
15.370000	-0.257312E-01
15.380000	-0.256769E-01
15.390000	-0.479398E-01
15.400000	-0.623423E-01
15.410000	-0.653617E-01
15.420000	-0.625777E-01
15.430000	-0.468210E-01
15.440000	-0.194243E-01
15.450000	0.312837E-02
15.460000	0.805588E-02
15.470000	0.173129E-02
15.480000	-0.431191E-02
15.490000	-0.107003E-01
15.500000	-0.215078E-01
15.510000	-0.350564E-01
15.520000	-0.475322E-01
15.530000	-0.490721E-01
15.540000	-0.249593E-01
15.550000	0.156691E-01
15.560000	0.453499E-01
15.570000	0.593596E-01
15.580000	0.697184E-01
15.590000	0.750493E-01
15.600000	0.520842E-01
15.610000	0.997875E-02
15.620000	-0.108543E-01
15.630000	-0.154592E-01
15.640000	-0.276270E-01
15.650000	-0.479971E-01
15.660000	-0.664208E-01
15.670000	-0.660365E-01
15.680000	-0.493706E-01
15.690000	-0.313605E-01
15.700000	-0.160335E-01
15.710000	0.300185E-02
15.720000	0.272850E-01
15.730000	0.519015E-01
15.740000	0.731178E-01
15.750000	0.752873E-01
15.760000	0.541720E-01
15.770000	0.381860E-01
15.780000	0.393427E-01
15.790000	0.317991E-01
15.800000	0.113083E-02
15.810000	-0.267825E-01
15.820000	-0.224995E-01
15.830000	0.492750E-02
15.840000	0.315522E-01
15.850000	0.508364E-01
15.860000	0.607004E-01
15.870000	0.629669E-01
15.880000	0.557258E-01
15.890000	0.378833E-01
15.900000	0.163641E-01
15.910000	-0.658844E-03
15.920000	-0.154478E-01
15.930000	-0.382892E-01
15.940000	-0.681311E-01
15.950000	-0.927599E-01
15.960000	-0.957620E-01
15.970000	-0.817218E-01
15.980000	-0.680886E-01
15.990000	-0.600966E-01
16.000000	-0.524463E-01
16.010000	-0.391675E-01
16.020000	-0.243340E-01
16.030000	-0.227981E-01
16.040000	-0.349916E-01
16.050000	-0.487947E-01
16.060000	-0.592920E-01
16.070000	-0.680512E-01
16.080000	-0.770051E-01
16.090000	-0.854221E-01
16.100000	-0.900631E-01
16.110000	-0.881416E-01
16.120000	-0.872100E-01
16.130000	-0.991069E-01
16.140000	-0.120531E+00
16.150000	-0.128849E+00
16.160000	-0.118853E+00
16.170000	-0.104253E+00
16.180000	-0.939367E-01
16.190000	-0.923595E-01
16.200000	-0.980544E-01
16.210000	-0.105122E+00
16.220000	-0.111484E+00
16.230000	-0.115865E+00
16.240000	-0.101039E+00
16.250000	-0.601917E-01
16.260000	-0.215818E-01
16.270000	-0.197473E-02
16.280000	0.835060E-02
16.290000	0.209017E-01
16.300000	0.349186E-01
16.310000	0.424446E-01
16.320000	0.402767E-01
16.330000	0.239931E-01
16.340000	-0.359355E-02
16.350000	-0.315097E-01
16.360000	-0.556006E-01
16.370000	-0.572534E-01
16.380000	-0.356589E-01
16.390000	-0.853228E-02
16.400000	0.182997E-01
16.410000	0.590913E-01
16.420000	0.114156E+00
16.430000	0.166026E+00
16.440000	0.188542E+00
16.450000	0.193908E+00
16.460000	0.206523E+00
16.470000	0.224319E+00
16.480000	0.220035E+00
16.490000	0.164417E+00
16.500000	0.836100E-01
16.510000	0.316475E-01
16.520000	0.128970E-01
16.530000	-0.120558E-02
16.540000	-0.227345E-01
16.550000	-0.451598E-01
16.560000	-0.513560E-01
16.570000	-0.318955E-01
16.580000	0.348113E-03
16.590000	0.305812E-01
16.600000	0.564364E-01
16.610000	0.799488E-01
16.620000	0.795139E-01
16.630000	0.502806E-01
16.640000	0.139254E-01
16.650000	-0.169675E-01
16.660000	-0.437290E-01
16.670000	-0.704638E-01
16.680000	-0.884695E-01
16.690000	-0.798306E-01
16.700000	-0.501201E-01
16.710000	-0.194520E-01
16.720000	0.420830E-02
16.730000	0.171875E-01
16.740000	0.234220E-01
16.750000	0.357664E-01
16.760000	0.577241E-01
16.770000	0.780594E-01
16.780000	0.730125E-01
16.790000	0.449366E-01
16.800000	0.267835E-01
16.810000	0.273929E-01
16.820000	0.249199E-01
16.830000	0.933249E-02
16.840000	-0.848073E-02
16.850000	-0.472505E-02
16.860000	0.249198E-01
16.870000	0.606543E-01
16.880000	0.914046E-01
16.890000	0.118358E+00
16.900000	0.144618E+00
16.910000	0.152760E+00
16.920000	0.142533E+00
16.930000	0.137910E+00
16.940000	0.144257E+00
16.950000	0.138440E+00
16.960000	0.114214E+00
16.970000	0.861329E-01
16.980000	0.673584E-01
16.990000	0.627696E-01
17.000000	0.645720E-01
17.010000	0.490946E-01
17.020000	0.103441E-01
17.030000	-0.341468E-01
17.040000	-0.624311E-01
17.050000	-0.655251E-01
17.060000	-0.631215E-01
17.070000	-0.754157E-01
17.080000	-0.983331E-01
17.090000	-0.118674E+00
17.100000	-0.133548E+00
17.110000	-0.147384E+00
17.120000	-0.162410E+00
17.130000	-0.176551E+00
17.140000	-0.180826E+00
17.150000	-0.162181E+00
17.160000	-0.128356E+00
17.170000	-0.956550E-01
17.180000	-0.761303E-01
17.190000	-0.677859E-01
17.200000	-0.562482E-01
17.210000	-0.319438E-01
17.220000	-0.453046E-04
17.230000	0.295373E-01
17.240000	0.455822E-01
17.250000	0.434773E-01
17.260000	0.330249E-01
17.270000	0.210564E-01
17.280000	0.167377E-02
17.290000	-0.183316E-01
17.300000	-0.153688E-01
17.310000	0.789023E-02
17.320000	0.200813E-01
17.330000	0.113950E-01
17.340000	0.244955E-02
17.350000	0.812547E-02
17.360000	0.226601E-01
17.370000	0.350171E-01
17.380000	0.412998E-01
17.390000	0.406153E-01
17.400000	0.366269E-01
17.410000	0.358169E-01
17.420000	0.412523E-01
17.430000	0.489813E-01
17.440000	0.514195E-01
17.450000	0.393824E-01
17.460000	0.171498E-01
17.470000	-0.505821E-02
17.480000	-0.240979E-01
17.490000	-0.420888E-01
17.500000	-0.599939E-01
17.510000	-0.736357E-01
17.520000	-0.788573E-01
17.530000	-0.666295E-01
17.540000	-0.320967E-01
17.550000	0.122358E-01
17.560000	0.512995E-01
17.570000	0.680005E-01
17.580000	0.659099E-01
17.590000	0.599399E-01
17.600000	0.463316E-01
17.610000	0.227974E-01
17.620000	-0.336549E-02
17.630000	-0.272340E-01
17.640000	-0.476483E-01
17.650000	-0.499457E-01
17.660000	-0.289193E-01
17.670000	-0.321832E-03
17.680000	0.251662E-01
17.690000	0.470148E-01
17.700000	0.671320E-01
17.710000	0.600235E-01
17.720000	0.229089E-01
17.730000	-0.192244E-01
17.740000	-0.502566E-01
17.750000	-0.649234E-01
17.760000	-0.709922E-01
17.770000	-0.768306E-01
17.780000	-0.778812E-01
17.790000	-0.641260E-01
17.800000	-0.395631E-01
17.810000	-0.152409E-01
17.820000	0.330297E-02
17.830000	0.112135E-01
17.840000	0.112988E-01
17.850000	0.105375E-01
17.860000	0.111471E-01
17.870000	0.112691E-01
17.880000	-0.720806E-03
17.890000	-0.265728E-01
17.900000	-0.545397E-01
17.910000	-0.703588E-01
17.920000	-0.627377E-01
17.930000	-0.409390E-01
17.940000	-0.184880E-01
17.950000	0.399352E-02
17.960000	0.293233E-01
17.970000	0.554193E-01
17.980000	0.788884E-01
17.990000	0.803333E-01
18.000000	0.598509E-01
18.010000	0.443724E-01
18.020000	0.478311E-01
18.030000	0.572649E-01
18.040000	0.573980E-01
18.050000	0.530492E-01
18.060000	0.577346E-01
18.070000	0.715560E-01
18.080000	0.855224E-01
18.090000	0.918835E-01
18.100000	0.903413E-01
18.110000	0.895926E-01
18.120000	0.943279E-01
18.130000	0.101504E+00
18.140000	0.107139E+00
18.150000	0.111433E+00
18.160000	0.114557E+00
18.170000	0.114655E+00
18.180000	0.110166E+00
18.190000	0.983345E-01
18.200000	0.809212E-01
18.210000	0.634002E-01
18.220000	0.461232E-01
18.230000	0.262709E-01
18.240000	0.481657E-02
18.250000	-0.705553E-02
18.260000	-0.554642E-02
18.270000	0.603594E-03
18.280000	0.505297E-02
18.290000	0.740428E-02
18.300000	0.852847E-02
18.310000	0.869541E-02
18.320000	0.866789E-02
18.330000	0.838918E-02
18.340000	0.545769E-02
18.350000	-0.883948E-02
18.360000	-0.330383E-01
18.370000	-0.579190E-01
18.380000	-0.795999E-01
18.390000	-0.978215E-01
18.400000	-0.111359E+00
18.410000	-0.121363E+00
18.420000	-0.130379E+00
18.430000	-0.139153E+00
18.440000	-0.142475E+00
18.450000	-0.138393E+00
18.460000	-0.131527E+00
18.470000	-0.123304E+00
18.480000	-0.111409E+00
18.490000	-0.966330E-01
18.500000	-0.818299E-01
18.510000	-0.679005E-01
18.520000	-0.493017E-01
18.530000	-0.245707E-01
18.540000	0.134449E-02
18.550000	0.250899E-01
18.560000	0.431357E-01
18.570000	0.437636E-01
18.580000	0.289696E-01
18.590000	0.123977E-01
18.600000	-0.830127E-03
18.610000	-0.124331E-01
18.620000	-0.247725E-01
18.630000	-0.368882E-01
18.640000	-0.435562E-01
18.650000	-0.377136E-01
18.660000	-0.235252E-01
18.670000	-0.991368E-02
18.680000	0.928242E-05
18.690000	0.848099E-02
18.700000	0.176334E-01
18.710000	0.272017E-01
18.720000	0.320000E-01
18.730000	0.310143E-01
18.740000	0.285024E-01
18.750000	0.268719E-01
18.760000	0.256408E-01
18.770000	0.207397E-01
18.780000	0.751183E-02
18.790000	-0.112214E-01
18.800000	-0.295313E-01
18.810000	-0.451194E-01
18.820000	-0.481501E-01
18.830000	-0.355701E-01
18.840000	-0.179720E-01
18.850000	-0.810952E-02
18.860000	-0.114909E-01
18.870000	-0.154146E-01
18.880000	-0.101833E-01
18.890000	-0.280875E-03
18.900000	0.816499E-02
18.910000	0.144892E-01
18.920000	0.191822E-01
18.930000	0.205549E-01
18.940000	0.189980E-01
18.950000	0.167120E-01
18.960000	0.110761E-01
18.970000	-0.791359E-04
18.980000	-0.137846E-01
18.990000	-0.267455E-01
19.000000	-0.384224E-01
19.010000	-0.496465E-01
19.020000	-0.607149E-01
19.030000	-0.711862E-01
19.040000	-0.778891E-01
19.050000	-0.764332E-01
19.060000	-0.707609E-01
19.070000	-0.688106E-01
19.080000	-0.710794E-01
19.090000	-0.736868E-01
19.100000	-0.750166E-01
19.110000	-0.754446E-01
19.120000	-0.681236E-01
19.130000	-0.488335E-01
19.140000	-0.243293E-01
19.150000	-0.131973E-02
19.160000	0.192870E-01
19.170000	0.391092E-01
19.180000	0.556960E-01
19.190000	0.635797E-01
19.200000	0.595141E-01
19.210000	0.453767E-01
19.220000	0.275791E-01
19.230000	0.114577E-01
19.240000	0.456316E-02
19.250000	0.140638E-01
19.260000	0.333078E-01
19.270000	0.512644E-01
19.280000	0.590950E-01
19.290000	0.590860E-01
19.300000	0.600140E-01
19.310000	0.669255E-01
19.320000	0.774597E-01
19.330000	0.868324E-01
19.340000	0.873619E-01
19.350000	0.761382E-01
19.360000	0.603377E-01
19.370000	0.457378E-01
19.380000	0.304601E-01
19.390000	0.118639E-01
19.400000	-0.772411E-02
19.410000	-0.238409E-01
19.420000	-0.334979E-01
19.430000	-0.394907E-01
19.440000	-0.437867E-01
19.450000	-0.456784E-01
19.460000	-0.452751E-01
19.470000	-0.440110E-01
19.480000	-0.354919E-01
19.490000	-0.189069E-01
19.500000	-0.121673E-02
19.510000	0.936194E-02
19.520000	0.124520E-01
19.530000	0.151278E-01
19.540000	0.217261E-01
19.550000	0.307405E-01
19.560000	0.389414E-01
19.570000	0.452082E-01
19.580000	0.464175E-01
19.590000	0.492476E-01
19.600000	0.580688E-01
19.610000	0.645548E-01
19.620000	0.610645E-01
19.630000	0.509939E-01
19.640000	0.431935E-01
19.650000	0.427243E-01
19.660000	0.465530E-01
19.670000	0.422362E-01
19.680000	0.282254E-01
19.690000	0.127195E-01
19.700000	-0.113426E-03
19.710000	-0.108719E-01
19.720000	-0.162994E-01
19.730000	-0.162111E-01
19.740000	-0.148598E-01
19.750000	-0.145404E-01
19.760000	-0.171240E-01
19.770000	-0.235550E-01
19.780000	-0.319052E-01
19.790000	-0.399288E-01
19.800000	-0.471432E-01
19.810000	-0.537957E-01
19.820000	-0.560397E-01
19.830000	-0.514364E-01
19.840000	-0.436313E-01
19.850000	-0.363819E-01
19.860000	-0.302201E-01
19.870000	-0.242027E-01
19.880000	-0.180028E-01
19.890000	-0.122323E-01
19.900000	-0.109544E-01
19.910000	-0.172178E-01
19.920000	-0.273936E-01
19.930000	-0.367057E-01
19.940000	-0.395309E-01
19.950000	-0.358733E-01
19.960000	-0.307852E-01
19.970000	-0.267359E-01
19.980000	-0.230493E-01
19.990000	-0.188367E-01
20.000000	-0.144497E-01
20.010000	-0.103491E-01
20.020000	-0.656450E-02
20.030000	-0.388265E-02
20.040000	-0.894726E-02
20.050000	-0.212866E-01
20.060000	-0.249155E-01
20.070000	-0.147574E-01
20.080000	-0.113065E-02
20.090000	0.842516E-02
20.100000	0.131772E-01
20.110000	0.173100E-01
20.120000	0.224357E-01
20.130000	0.275304E-01
20.140000	0.316715E-01
20.150000	0.320588E-01
20.160000	0.279490E-01
20.170000	0.221322E-01
20.180000	0.159815E-01
20.190000	0.751955E-02
20.200000	-0.330926E-02
20.210000	-0.133868E-01
20.220000	-0.153123E-01
20.230000	-0.900189E-02
20.240000	0.900099E-03
20.250000	0.116582E-01
20.260000	0.217342E-01
20.270000	0.306543E-01
20.280000	0.355194E-01
20.290000	0.367686E-01
20.300000	0.371668E-01
20.310000	0.381698E-01
20.320000	0.392598E-01
20.330000	0.400553E-01
20.340000	0.413352E-01
20.350000	0.438000E-01
20.360000	0.466988E-01
20.370000	0.493339E-01
20.380000	0.515723E-01
20.390000	0.533287E-01
20.400000	0.504360E-01
20.410000	0.396112E-01
20.420000	0.245697E-01
20.430000	0.103172E-01
20.440000	-0.214194E-02
20.450000	-0.139147E-01
20.460000	-0.253582E-01
20.470000	-0.337556E-01
20.480000	-0.386199E-01
20.490000	-0.423939E-01
20.500000	-0.463823E-01
20.510000	-0.502118E-01
20.520000	-0.509308E-01
20.530000	-0.466397E-01
20.540000	-0.397758E-01
20.550000	-0.334200E-01
20.560000	-0.287478E-01
20.570000	-0.310162E-01
20.580000	-0.398833E-01
20.590000	-0.494804E-01
20.600000	-0.571867E-01
20.610000	-0.620804E-01
20.620000	-0.590344E-01
20.630000	-0.486718E-01
20.640000	-0.375578E-01
20.650000	-0.282415E-01
20.660000	-0.201195E-01
20.670000	-0.125941E-01
20.680000	-0.654474E-02
20.690000	-0.165852E-02
20.700000	0.269277E-02
20.710000	0.701444E-02
20.720000	0.110671E-01
20.730000	0.148465E-01
20.740000	0.182665E-01
20.750000	0.214503E-01
20.760000	0.234711E-01
20.770000	0.244547E-01
20.780000	0.250437E-01
20.790000	0.256953E-01
20.800000	0.262567E-01
20.810000	0.267975E-01
20.820000	0.273961E-01
20.830000	0.281813E-01
20.840000	0.288325E-01
20.850000	0.293601E-01
20.860000	0.293159E-01
20.870000	0.281441E-01
20.880000	0.260304E-01
20.890000	0.239911E-01
20.900000	0.221401E-01
20.910000	0.204366E-01
20.920000	0.181132E-01
20.930000	0.152603E-01
20.940000	0.122907E-01
20.950000	0.968884E-02
20.960000	0.715737E-02
20.970000	0.354288E-02
20.980000	-0.333865E-02
20.990000	-0.121738E-01
21.000000	-0.206191E-01
21.010000	-0.276684E-01
21.020000	-0.341085E-01
21.030000	-0.399936E-01
21.040000	-0.446841E-01
21.050000	-0.377931E-01
21.060000	-0.263954E-01
21.070000	-0.216530E-01
21.080000	-0.210328E-01
21.090000	-0.199965E-01
21.100000	-0.173756E-01
21.110000	-0.149341E-01
21.120000	-0.136004E-01
21.130000	-0.133486E-01
21.140000	-0.132828E-01
21.150000	-0.130838E-01
21.160000	-0.123957E-01
21.170000	-0.902237E-02
21.180000	-0.307084E-02
21.190000	0.288725E-02
21.200000	0.791920E-02
21.210000	0.122155E-01
21.220000	0.163003E-01
21.230000	0.200674E-01
21.240000	0.234208E-01
21.250000	0.262924E-01
21.260000	0.287187E-01
21.270000	0.297326E-01
21.280000	0.286623E-01
21.290000	0.264472E-01
21.300000	0.243430E-01
21.310000	0.225857E-01
21.320000	0.209678E-01
21.330000	0.196367E-01
21.340000	0.187312E-01
21.350000	0.179187E-01
21.360000	0.170356E-01
21.370000	0.160405E-01
21.380000	0.144560E-01
21.390000	0.118043E-01
21.400000	0.872062E-02
21.410000	0.594929E-02
21.420000	0.371651E-02
21.430000	0.214663E-02
21.440000	0.110581E-02
21.450000	0.230717E-03
21.460000	-0.563688E-03
21.470000	-0.113482E-02
21.480000	-0.122284E-02
21.490000	-0.100003E-02
21.500000	-0.665417E-03
21.510000	-0.308553E-03
21.520000	0.328764E-04
21.530000	0.337229E-03
21.540000	0.771959E-03
21.550000	0.141006E-02
21.560000	0.206876E-02
21.570000	0.257305E-02
21.580000	0.292629E-02
21.590000	0.317209E-02
21.600000	0.331687E-02
21.610000	0.327488E-02
21.620000	0.221040E-02
21.630000	0.262367E-03
21.640000	-0.156788E-02
21.650000	-0.292784E-02
21.660000	-0.395258E-02
21.670000	-0.482983E-02
21.680000	-0.553496E-02
21.690000	-0.602012E-02
21.700000	-0.591701E-02
21.710000	-0.491748E-02
21.720000	-0.349150E-02
21.730000	-0.228326E-02
21.740000	-0.139715E-02
21.750000	-0.708328E-03
21.760000	-0.130112E-03
21.770000	0.302720E-03
21.780000	0.569044E-03
21.790000	0.640448E-03
21.800000	0.566552E-03
21.810000	0.217599E-03
21.820000	-0.399384E-03
21.830000	-0.103195E-02
21.840000	-0.128630E-02
21.850000	-0.119637E-02
21.860000	-0.123227E-02
21.870000	-0.150970E-02
21.880000	-0.181882E-02
21.890000	-0.204835E-02
21.900000	-0.222713E-02
21.910000	-0.238903E-02
21.920000	-0.251638E-02
21.930000	-0.261509E-02
21.940000	-0.270448E-02
21.950000	-0.279605E-02
21.960000	-0.288443E-02
21.970000	-0.296425E-02
21.980000	-0.303094E-02
21.990000	-0.308608E-02
22.000000	-0.312782E-02
22.010000	-0.315681E-02
22.020000	-0.317037E-02
22.030000	-0.316957E-02
22.040000	-0.314983E-02
22.050000	-0.311359E-02
22.060000	-0.306534E-02
22.070000	-0.301799E-02
22.080000	-0.296611E-02
22.090000	-0.289445E-02
22.100000	-0.279829E-02
22.110000	-0.268304E-02
22.120000	-0.255344E-02
22.130000	-0.241217E-02
22.140000	-0.226036E-02
22.150000	-0.209982E-02
22.160000	-0.193316E-02
22.170000	-0.176326E-02
22.180000	-0.159110E-02
22.190000	-0.141742E-02
22.200000	-0.124276E-02
22.210000	-0.106814E-02
22.220000	-0.893889E-03
22.230000	-0.720277E-03
22.240000	-0.547798E-03
22.250000	-0.377196E-03
22.260000	-0.208968E-03
22.270000	-0.434744E-04
22.280000	0.119100E-03
22.290000	0.278608E-03
22.300000	0.434922E-03
