0.000000	0.000000
0.010000	0.502735E-03
0.020000	0.748869E-03
0.030000	0.112548E-02
0.040000	0.126848E-02
0.050000	0.127161E-02
0.060000	0.113219E-02
0.070000	0.132489E-02
0.080000	0.194844E-02
0.090000	0.242433E-02
0.100000	0.273864E-02
0.110000	0.247960E-02
0.120000	0.155848E-02
0.130000	0.167540E-02
0.140000	0.246211E-02
0.150000	0.181961E-02
0.160000	0.337563E-03
0.170000	-0.932151E-04
0.180000	0.316018E-04
0.190000	-0.656665E-03
0.200000	-0.158618E-02
0.210000	-0.237678E-02
0.220000	-0.264579E-02
0.230000	-0.158689E-02
0.240000	0.283716E-03
0.250000	0.282725E-02
0.260000	0.455580E-02
0.270000	0.475779E-02
0.280000	0.551290E-02
0.290000	0.580722E-02
0.300000	0.458188E-02
0.310000	0.321374E-02
0.320000	0.180565E-02
0.330000	0.274451E-03
0.340000	0.184141E-02
0.350000	0.975026E-02
0.360000	0.183362E-01
0.370000	0.205075E-01
0.380000	0.146184E-01
0.390000	0.129602E-02
0.400000	-0.937244E-02
0.410000	-0.116016E-01
0.420000	-0.119894E-01
0.430000	-0.965224E-02
0.440000	-0.621505E-02
0.450000	-0.930118E-02
0.460000	-0.155120E-01
0.470000	-0.183268E-01
0.480000	-0.127791E-01
0.490000	0.145479E-02
0.500000	0.974314E-02
0.510000	0.784867E-02
0.520000	0.875770E-02
0.530000	0.100193E-01
0.540000	0.671959E-02
0.550000	0.546132E-02
0.560000	0.736959E-02
0.570000	0.745755E-02
0.580000	0.309552E-02
0.590000	-0.449604E-02
0.600000	-0.996389E-02
0.610000	-0.101695E-01
0.620000	-0.102808E-01
0.630000	-0.103076E-01
0.640000	-0.551906E-02
0.650000	0.187321E-02
0.660000	0.636119E-02
0.670000	0.835051E-02
0.680000	0.122673E-01
0.690000	0.161160E-01
0.700000	0.142609E-01
0.710000	0.799876E-02
0.720000	0.409577E-02
0.730000	0.376012E-02
0.740000	0.361171E-02
0.750000	-0.366321E-03
0.760000	-0.673831E-02
0.770000	-0.892808E-02
0.780000	-0.735304E-02
0.790000	-0.367394E-02
0.800000	0.210488E-02
0.810000	0.738992E-02
0.820000	0.124369E-01
0.830000	0.185113E-01
0.840000	0.237878E-01
0.850000	0.263922E-01
0.860000	0.213588E-01
0.870000	-0.121755E-02
0.880000	-0.251210E-01
0.890000	-0.245513E-01
0.900000	-0.194216E-01
0.910000	-0.237423E-01
0.920000	-0.164553E-01
0.930000	0.989950E-03
0.940000	0.140565E-01
0.950000	0.234463E-01
0.960000	0.274567E-01
0.970000	0.237099E-01
0.980000	0.525849E-02
0.990000	-0.183934E-01
1.000000	-0.151399E-01
1.010000	-0.571950E-02
1.020000	-0.194536E-01
1.030000	-0.315764E-01
1.040000	-0.304068E-01
1.050000	-0.302010E-01
1.060000	-0.313489E-01
1.070000	-0.256541E-01
1.080000	-0.128705E-01
1.090000	0.691323E-04
1.100000	0.561135E-02
1.110000	0.462756E-02
1.120000	0.391644E-02
1.130000	0.128597E-01
1.140000	0.274274E-01
1.150000	0.299321E-01
1.160000	0.269935E-01
1.170000	0.254320E-01
1.180000	0.112680E-01
1.190000	-0.269385E-02
1.200000	0.718232E-03
1.210000	0.655257E-02
1.220000	0.784362E-02
1.230000	0.102801E-01
1.240000	0.117503E-01
1.250000	0.961319E-02
1.260000	0.865975E-02
1.270000	0.161596E-01
1.280000	0.271656E-01
1.290000	0.304477E-01
1.300000	0.288186E-01
1.310000	0.274224E-01
1.320000	0.221274E-01
1.330000	0.154104E-01
1.340000	0.998326E-02
1.350000	0.307391E-02
1.360000	-0.371394E-02
1.370000	-0.699474E-02
1.380000	-0.566542E-02
1.390000	-0.158238E-02
1.400000	-0.870587E-03
1.410000	-0.691137E-02
1.420000	-0.140514E-01
1.430000	-0.176699E-01
1.440000	-0.199941E-01
1.450000	-0.202995E-01
1.460000	-0.144412E-01
1.470000	-0.671629E-02
1.480000	-0.487291E-02
1.490000	-0.198445E-02
1.500000	0.122313E-01
1.510000	0.284825E-01
1.520000	0.354149E-01
1.530000	0.374488E-01
1.540000	0.307745E-01
1.550000	0.427824E-02
1.560000	-0.264370E-01
1.570000	-0.558874E-01
1.580000	-0.100622E+00
1.590000	-0.137638E+00
1.600000	-0.140185E+00
1.610000	-0.120525E+00
1.620000	-0.985378E-01
1.630000	-0.860459E-01
1.640000	-0.808329E-01
1.650000	-0.718303E-01
1.660000	-0.588213E-01
1.670000	-0.497095E-01
1.680000	-0.430757E-01
1.690000	-0.425666E-01
1.700000	-0.505533E-01
1.710000	-0.538383E-01
1.720000	-0.473250E-01
1.730000	-0.231458E-01
1.740000	0.195739E-01
1.750000	0.545389E-01
1.760000	0.724471E-01
1.770000	0.923993E-01
1.780000	0.115125E+00
1.790000	0.126281E+00
1.800000	0.129294E+00
1.810000	0.114596E+00
1.820000	0.773221E-01
1.830000	0.289452E-01
1.840000	-0.871896E-02
1.850000	-0.719456E-02
1.860000	0.705709E-02
1.870000	0.247505E-01
1.880000	0.579778E-01
1.890000	0.808794E-01
1.900000	0.995885E-01
1.910000	0.119562E+00
1.920000	0.125407E+00
1.930000	0.124873E+00
1.940000	0.104721E+00
1.950000	0.621452E-01
1.960000	0.137564E-01
1.970000	-0.501021E-01
1.980000	-0.728969E-01
1.990000	-0.508257E-01
2.000000	-0.390186E-01
2.010000	0.342165E-01
2.020000	0.101412E+00
2.030000	0.705332E-01
2.040000	0.386961E-01
2.050000	0.112273E-02
2.060000	-0.508361E-01
2.070000	-0.638259E-01
2.080000	-0.529385E-01
2.090000	-0.239068E-01
2.100000	0.116123E-01
2.110000	0.154530E-01
2.120000	0.205308E-02
2.130000	-0.780887E-02
2.140000	-0.186146E-01
2.150000	-0.133314E-01
2.160000	-0.104332E-01
2.170000	-0.373522E-01
2.180000	-0.611436E-01
2.190000	-0.610072E-01
2.200000	-0.560881E-01
2.210000	-0.390937E-01
2.220000	-0.553872E-02
2.230000	0.953205E-02
2.240000	-0.305463E-02
2.250000	-0.299921E-01
2.260000	-0.544911E-01
2.270000	-0.539035E-01
2.280000	-0.393332E-01
2.290000	-0.114096E-01
2.300000	0.319068E-01
2.310000	0.484708E-01
2.320000	0.380730E-01
2.330000	0.137065E-01
2.340000	-0.515472E-01
2.350000	-0.118339E+00
2.360000	-0.117261E+00
2.370000	-0.843700E-01
2.380000	-0.621701E-01
2.390000	-0.250807E-01
2.400000	-0.365736E-02
2.410000	-0.133102E-01
2.420000	-0.122090E-01
2.430000	-0.218585E-01
2.440000	-0.536117E-01
2.450000	-0.641541E-01
2.460000	-0.498983E-01
2.470000	-0.408174E-01
2.480000	-0.409992E-01
2.490000	-0.494192E-01
2.500000	-0.771792E-01
2.510000	-0.944809E-01
2.520000	-0.824361E-01
2.530000	-0.696892E-01
2.540000	-0.514810E-01
2.550000	-0.277330E-01
2.560000	-0.196103E-01
2.570000	-0.260738E-01
2.580000	-0.198132E-01
2.590000	0.137895E-01
2.600000	0.404026E-01
2.610000	0.568450E-01
2.620000	0.882740E-01
2.630000	0.112052E+00
2.640000	0.110713E+00
2.650000	0.106306E+00
2.660000	0.105886E+00
2.670000	0.971626E-01
2.680000	0.834831E-01
2.690000	0.754147E-01
2.700000	0.545975E-01
2.710000	0.107697E-01
2.720000	-0.225540E-01
2.730000	-0.724803E-01
2.740000	-0.169295E+00
2.750000	-0.209876E+00
2.760000	-0.177014E+00
2.770000	-0.146886E+00
2.780000	-0.889013E-01
2.790000	-0.260528E-01
2.800000	-0.125228E-01
2.810000	-0.131064E-01
2.820000	-0.135890E-01
2.830000	-0.165630E-01
2.840000	-0.181894E-01
2.850000	-0.165639E-01
2.860000	0.122547E-01
2.870000	0.581753E-01
2.880000	0.905396E-01
2.890000	0.126752E+00
2.900000	0.153473E+00
2.910000	0.147514E+00
2.920000	0.132218E+00
2.930000	0.740438E-01
2.940000	-0.616326E-02
2.950000	-0.262307E-01
2.960000	-0.113831E-01
2.970000	0.383638E-01
2.980000	0.106336E+00
2.990000	0.134902E+00
3.000000	0.160081E+00
3.010000	0.176947E+00
3.020000	0.157645E+00
3.030000	0.119582E+00
3.040000	0.721542E-01
3.050000	0.348164E-01
3.060000	0.194102E-01
3.070000	0.299977E-01
3.080000	0.562569E-01
3.090000	0.758067E-01
3.100000	0.923177E-01
3.110000	0.981486E-01
3.120000	0.767934E-01
3.130000	0.540151E-01
3.140000	0.447305E-01
3.150000	0.349039E-01
3.160000	0.288360E-01
3.170000	0.295456E-01
3.180000	0.365115E-01
3.190000	0.314620E-01
3.200000	-0.825540E-04
3.210000	-0.336473E-01
3.220000	-0.706683E-01
3.230000	-0.900475E-01
3.240000	-0.712970E-01
3.250000	-0.612721E-01
3.260000	-0.656143E-01
3.270000	-0.687186E-01
3.280000	-0.917659E-01
3.290000	-0.149804E+00
3.300000	-0.190358E+00
3.310000	-0.175061E+00
3.320000	-0.166890E+00
3.330000	-0.148795E+00
3.340000	-0.714498E-01
3.350000	0.210482E-01
3.360000	0.133297E+00
3.370000	0.207933E+00
3.380000	0.186980E+00
3.390000	0.189822E+00
3.400000	0.207003E+00
3.410000	0.145780E+00
3.420000	0.794786E-01
3.430000	0.408051E-01
3.440000	-0.143007E-01
3.450000	-0.582417E-01
3.460000	-0.837371E-01
3.470000	-0.116122E+00
3.480000	-0.133076E+00
3.490000	-0.140434E+00
3.500000	-0.156313E+00
3.510000	-0.162806E+00
3.520000	-0.164206E+00
3.530000	-0.160346E+00
3.540000	-0.140536E+00
3.550000	-0.119758E+00
3.560000	-0.105900E+00
3.570000	-0.997137E-01
3.580000	-0.956089E-01
3.590000	-0.789227E-01
3.600000	-0.579402E-01
3.610000	-0.473275E-01
3.620000	-0.407922E-01
3.630000	-0.293958E-01
3.640000	-0.155337E-01
3.650000	-0.806248E-02
3.660000	-0.117549E-01
3.670000	-0.393050E-02
3.680000	0.368068E-01
3.690000	0.792361E-01
3.700000	0.106493E+00
3.710000	0.136720E+00
3.720000	0.152818E+00
3.730000	0.152012E+00
3.740000	0.138783E+00
3.750000	0.983323E-01
3.760000	0.527277E-01
3.770000	0.863819E-02
3.780000	-0.229386E-01
3.790000	-0.155644E-01
3.800000	0.947705E-02
3.810000	0.351538E-01
3.820000	0.471703E-01
3.830000	0.285883E-01
3.840000	-0.163272E-01
3.850000	-0.696144E-01
3.860000	-0.884140E-01
3.870000	-0.713496E-01
3.880000	-0.535009E-01
3.890000	-0.375627E-01
3.900000	-0.359951E-01
3.910000	-0.501274E-01
3.920000	-0.590032E-01
3.930000	-0.583131E-01
3.940000	-0.543949E-01
3.950000	-0.586205E-01
3.960000	-0.659502E-01
3.970000	-0.626038E-01
3.980000	-0.487400E-01
3.990000	-0.326515E-01
4.000000	-0.186655E-01
4.010000	-0.132083E-01
4.020000	-0.174017E-01
4.030000	-0.133058E-01
4.040000	0.641844E-02
4.050000	0.237024E-01
4.060000	0.251853E-01
4.070000	0.703617E-02
4.080000	-0.254479E-01
4.090000	-0.623730E-01
4.100000	-0.912774E-01
4.110000	-0.725715E-01
4.120000	-0.909661E-02
4.130000	0.394785E-01
4.140000	0.712000E-01
4.150000	0.120520E+00
4.160000	0.165602E+00
4.170000	0.176922E+00
4.180000	0.153864E+00
4.190000	0.939659E-01
4.200000	0.710430E-02
4.210000	-0.670589E-01
4.220000	-0.828354E-01
4.230000	-0.739030E-01
4.240000	-0.792651E-01
4.250000	-0.639956E-01
4.260000	-0.344519E-01
4.270000	-0.126598E-01
4.280000	0.108252E-01
4.290000	0.213402E-01
4.300000	0.171303E-01
4.310000	0.373636E-01
4.320000	0.799640E-01
4.330000	0.106512E+00
4.340000	0.127507E+00
4.350000	0.161164E+00
4.360000	0.189761E+00
4.370000	0.190852E+00
4.380000	0.147879E+00
4.390000	0.874034E-01
4.400000	0.502365E-01
4.410000	0.179260E-01
4.420000	-0.261562E-01
4.430000	-0.576056E-01
4.440000	-0.694330E-01
4.450000	-0.808812E-01
4.460000	-0.851032E-01
4.470000	-0.740044E-01
4.480000	-0.571566E-01
4.490000	-0.272084E-01
4.500000	-0.551583E-02
4.510000	-0.130807E-01
4.520000	-0.164162E-01
4.530000	0.865731E-02
4.540000	0.407112E-01
4.550000	0.617414E-01
4.560000	0.101664E+00
4.570000	0.155755E+00
4.580000	0.167585E+00
4.590000	0.146845E+00
4.600000	0.123389E+00
4.610000	0.892737E-01
4.620000	0.297117E-01
4.630000	-0.123797E-01
4.640000	0.123470E-01
4.650000	0.491153E-01
4.660000	0.748353E-01
4.670000	0.883766E-01
4.680000	0.835499E-01
4.690000	0.725948E-01
4.700000	0.151573E-01
4.710000	-0.422044E-01
4.720000	-0.460632E-01
4.730000	-0.466962E-01
4.740000	-0.502163E-01
4.750000	-0.624452E-01
4.760000	-0.899011E-01
4.770000	-0.103689E+00
4.780000	-0.114506E+00
4.790000	-0.138081E+00
4.800000	-0.157362E+00
4.810000	-0.130105E+00
4.820000	-0.623621E-01
4.830000	-0.143644E-01
4.840000	0.377998E-02
4.850000	0.257239E-02
4.860000	-0.175418E-01
4.870000	-0.509849E-01
4.880000	-0.879925E-01
4.890000	-0.109556E+00
4.900000	-0.115232E+00
4.910000	-0.112630E+00
4.920000	-0.814183E-01
4.930000	-0.247762E-01
4.940000	0.302512E-01
4.950000	0.811012E-01
4.960000	0.102280E+00
4.970000	0.869738E-01
4.980000	0.679824E-01
4.990000	0.362255E-01
5.000000	-0.747785E-02
5.010000	-0.517058E-01
5.020000	-0.123112E+00
5.030000	-0.175172E+00
5.040000	-0.166027E+00
5.050000	-0.160651E+00
5.060000	-0.127769E+00
5.070000	-0.343170E-01
5.080000	0.455969E-02
5.090000	-0.157140E-01
5.100000	-0.124430E-01
5.110000	-0.253419E-01
5.120000	-0.644720E-01
5.130000	-0.614106E-01
5.140000	-0.494799E-01
5.150000	-0.620125E-01
5.160000	-0.395791E-01
5.170000	-0.189663E-02
5.180000	-0.678188E-02
5.190000	-0.163635E-01
5.200000	-0.157277E-01
5.210000	-0.324538E-01
5.220000	-0.490905E-01
5.230000	-0.529326E-01
5.240000	-0.558038E-01
5.250000	-0.639614E-01
5.260000	-0.707286E-01
5.270000	-0.660318E-01
5.280000	-0.413966E-01
5.290000	0.262083E-02
5.300000	0.472075E-01
5.310000	0.640631E-01
5.320000	0.523739E-01
5.330000	0.515726E-01
5.340000	0.661717E-01
5.350000	0.687964E-01
5.360000	0.632911E-01
5.370000	0.634611E-01
5.380000	0.711032E-01
5.390000	0.670053E-01
5.400000	0.396249E-01
5.410000	0.600602E-02
5.420000	-0.261425E-01
5.430000	-0.354235E-01
5.440000	-0.802181E-02
5.450000	0.316005E-01
5.460000	0.594201E-01
5.470000	0.765884E-01
5.480000	0.930271E-01
5.490000	0.923087E-01
5.500000	0.779743E-01
5.510000	0.653131E-01
5.520000	0.518362E-01
5.530000	0.441876E-01
5.540000	0.416068E-01
5.550000	0.622258E-01
5.560000	0.102446E+00
5.570000	0.105207E+00
5.580000	0.864925E-01
5.590000	0.808860E-01
5.600000	0.600795E-01
5.610000	0.410331E-01
5.620000	0.469942E-01
5.630000	0.444870E-01
5.640000	0.275774E-01
5.650000	0.162021E-01
5.660000	0.838522E-02
5.670000	-0.195116E-02
5.680000	-0.132514E-01
5.690000	-0.231721E-01
5.700000	-0.385801E-01
5.710000	-0.592957E-01
5.720000	-0.694177E-01
5.730000	-0.763732E-01
5.740000	-0.784286E-01
5.750000	-0.383821E-01
5.760000	0.220396E-01
5.770000	0.654218E-01
5.780000	0.104425E+00
5.790000	0.115278E+00
5.800000	0.100471E+00
5.810000	0.914305E-01
5.820000	0.663856E-01
5.830000	0.340392E-01
5.840000	0.426719E-02
5.850000	-0.393935E-01
5.860000	-0.841981E-01
5.870000	-0.119760E+00
5.880000	-0.132367E+00
5.890000	-0.130612E+00
5.900000	-0.137614E+00
5.910000	-0.136021E+00
5.920000	-0.127891E+00
5.930000	-0.111445E+00
5.940000	-0.747446E-01
5.950000	-0.453261E-01
5.960000	-0.207288E-01
5.970000	0.176883E-01
5.980000	0.388519E-01
5.990000	0.339955E-01
6.000000	0.364525E-01
6.010000	0.402508E-01
6.020000	0.246860E-01
6.030000	-0.369323E-02
6.040000	-0.184377E-01
6.050000	-0.164382E-01
6.060000	-0.161197E-01
6.070000	0.669971E-02
6.080000	0.530412E-01
6.090000	0.724002E-01
6.100000	0.684647E-01
6.110000	0.731150E-01
6.120000	0.670823E-01
6.130000	0.405922E-01
6.140000	0.181089E-01
6.150000	-0.801040E-02
6.160000	-0.504499E-01
6.170000	-0.699974E-01
6.180000	-0.550779E-01
6.190000	-0.412742E-01
6.200000	-0.330271E-01
6.210000	-0.271456E-01
6.220000	-0.296882E-01
6.230000	-0.327149E-01
6.240000	-0.311403E-01
6.250000	-0.275669E-01
6.260000	-0.199574E-01
6.270000	-0.901853E-02
6.280000	-0.504492E-02
6.290000	-0.773133E-02
6.300000	-0.173857E-01
6.310000	-0.532527E-01
6.320000	-0.842291E-01
6.330000	-0.772582E-01
6.340000	-0.728692E-01
6.350000	-0.749997E-01
6.360000	-0.608370E-01
6.370000	-0.450673E-01
6.380000	-0.336665E-01
6.390000	-0.162423E-01
6.400000	0.941605E-02
6.410000	0.347037E-01
6.420000	0.501804E-01
6.430000	0.556879E-01
6.440000	0.585368E-01
6.450000	0.561590E-01
6.460000	0.433706E-01
6.470000	0.252177E-01
6.480000	0.104322E-01
6.490000	0.374162E-02
6.500000	0.437907E-02
6.510000	0.111066E-01
6.520000	0.203000E-01
6.530000	0.248041E-01
6.540000	0.224733E-01
6.550000	0.121799E-01
6.560000	-0.104076E-01
6.570000	-0.271900E-01
6.580000	-0.190429E-01
6.590000	-0.363283E-02
6.600000	0.345250E-02
6.610000	0.953309E-03
6.620000	-0.150073E-01
6.630000	-0.458022E-01
6.640000	-0.777376E-01
6.650000	-0.858057E-01
6.660000	-0.822626E-01
6.670000	-0.870693E-01
6.680000	-0.827623E-01
6.690000	-0.738134E-01
6.700000	-0.772863E-01
6.710000	-0.798620E-01
6.720000	-0.649568E-01
6.730000	-0.403203E-01
6.740000	-0.195612E-01
6.750000	0.118287E-02
6.760000	0.126866E-01
6.770000	0.670408E-02
6.780000	-0.655958E-03
6.790000	-0.494795E-02
6.800000	-0.633487E-03
6.810000	0.264789E-01
6.820000	0.562413E-01
6.830000	0.631723E-01
6.840000	0.565953E-01
6.850000	0.348780E-01
6.860000	-0.159711E-01
6.870000	-0.521088E-01
6.880000	-0.406837E-01
6.890000	-0.234818E-01
6.900000	-0.199251E-01
6.910000	-0.159922E-01
6.920000	-0.181159E-01
6.930000	-0.313770E-01
6.940000	-0.381363E-01
6.950000	-0.363138E-01
6.960000	-0.287625E-01
6.970000	-0.172946E-02
6.980000	0.310678E-01
6.990000	0.527922E-01
7.000000	0.768045E-01
7.010000	0.100824E+00
7.020000	0.107598E+00
7.030000	0.111802E+00
7.040000	0.133927E+00
7.050000	0.159561E+00
7.060000	0.173822E+00
7.070000	0.178963E+00
7.080000	0.175394E+00
7.090000	0.163494E+00
7.100000	0.145717E+00
7.110000	0.127971E+00
7.120000	0.109323E+00
7.130000	0.884095E-01
7.140000	0.790575E-01
7.150000	0.771500E-01
7.160000	0.681526E-01
7.170000	0.616951E-01
7.180000	0.653217E-01
7.190000	0.777044E-01
7.200000	0.969515E-01
7.210000	0.111415E+00
7.220000	0.119696E+00
7.230000	0.121164E+00
7.240000	0.935864E-01
7.250000	0.501631E-01
7.260000	0.271449E-01
7.270000	0.688431E-02
7.280000	-0.197490E-01
7.290000	-0.263023E-01
7.300000	-0.272363E-01
7.310000	-0.373657E-01
7.320000	-0.373495E-01
7.330000	-0.296410E-01
7.340000	-0.268987E-01
7.350000	-0.248923E-01
7.360000	-0.175155E-01
7.370000	-0.571455E-02
7.380000	0.424697E-02
7.390000	0.119921E-01
7.400000	0.262116E-01
7.410000	0.454750E-01
7.420000	0.534056E-01
7.430000	0.546522E-01
7.440000	0.667937E-01
7.450000	0.809676E-01
7.460000	0.841453E-01
7.470000	0.705973E-01
7.480000	0.395574E-01
7.490000	0.520539E-02
7.500000	-0.318320E-01
7.510000	-0.597107E-01
7.520000	-0.591093E-01
7.530000	-0.515000E-01
7.540000	-0.446496E-01
7.550000	-0.322510E-01
7.560000	-0.233134E-01
7.570000	-0.221238E-01
7.580000	-0.285623E-01
7.590000	-0.417487E-01
7.600000	-0.533772E-01
7.610000	-0.547201E-01
7.620000	-0.529042E-01
7.630000	-0.455247E-01
7.640000	-0.275649E-01
7.650000	-0.604044E-02
7.660000	0.929825E-02
7.670000	0.688001E-02
7.680000	-0.377852E-02
7.690000	-0.857921E-02
7.700000	-0.109668E-01
7.710000	-0.104093E-01
7.720000	0.103166E-02
7.730000	0.155319E-01
7.740000	0.214711E-01
7.750000	0.184022E-01
7.760000	-0.172235E-02
7.770000	-0.311044E-01
7.780000	-0.453189E-01
7.790000	-0.492763E-01
7.800000	-0.588395E-01
7.810000	-0.662857E-01
7.820000	-0.614397E-01
7.830000	-0.554649E-01
7.840000	-0.516170E-01
7.850000	-0.393868E-01
7.860000	-0.241504E-01
7.870000	-0.986093E-02
7.880000	-0.946999E-04
7.890000	0.408234E-03
7.900000	-0.842521E-03
7.910000	-0.300012E-02
7.920000	-0.602368E-02
7.930000	-0.870056E-02
7.940000	-0.957535E-02
7.950000	0.133009E-02
7.960000	0.234424E-01
7.970000	0.409473E-01
7.980000	0.452466E-01
7.990000	0.447380E-01
8.000000	0.350862E-01
8.010000	0.992824E-02
8.020000	-0.288401E-02
8.030000	0.455961E-02
8.040000	0.124126E-01
8.050000	0.278157E-01
8.060000	0.516414E-01
8.070000	0.622046E-01
8.080000	0.625591E-01
8.090000	0.625411E-01
8.100000	0.493234E-01
8.110000	0.254061E-01
8.120000	0.861366E-03
8.130000	-0.196928E-01
8.140000	-0.242728E-01
8.150000	-0.220673E-01
8.160000	-0.226993E-01
8.170000	-0.169432E-01
8.180000	-0.727856E-02
8.190000	-0.407987E-03
8.200000	0.655167E-02
8.210000	0.106211E-01
8.220000	0.883061E-02
8.230000	0.950172E-02
8.240000	0.111830E-01
8.250000	0.823203E-02
8.260000	0.581802E-02
8.270000	0.509713E-02
8.280000	0.308880E-02
8.290000	0.493300E-04
8.300000	0.452405E-02
8.310000	0.187097E-01
8.320000	0.329862E-01
8.330000	0.484494E-01
8.340000	0.616788E-01
8.350000	0.598051E-01
8.360000	0.441002E-01
8.370000	0.294987E-01
8.380000	0.258587E-01
8.390000	0.287156E-01
8.400000	0.341306E-01
8.410000	0.401647E-01
8.420000	0.408148E-01
8.430000	0.373748E-01
8.440000	0.312364E-01
8.450000	0.236529E-01
8.460000	0.211246E-01
8.470000	0.242792E-01
8.480000	0.286521E-01
8.490000	0.310438E-01
8.500000	0.290926E-01
8.510000	0.154008E-01
8.520000	-0.133163E-01
8.530000	-0.417741E-01
8.540000	-0.531372E-01
8.550000	-0.541683E-01
8.560000	-0.534351E-01
8.570000	-0.428365E-01
8.580000	-0.197349E-01
8.590000	-0.736510E-03
8.600000	0.182456E-02
8.610000	0.147938E-02
8.620000	-0.114367E-02
8.630000	-0.214044E-01
8.640000	-0.442913E-01
8.650000	-0.493031E-01
8.660000	-0.477345E-01
8.670000	-0.505012E-01
8.680000	-0.508169E-01
8.690000	-0.529433E-01
8.700000	-0.619434E-01
8.710000	-0.688631E-01
8.720000	-0.714638E-01
8.730000	-0.739757E-01
8.740000	-0.764034E-01
8.750000	-0.735261E-01
8.760000	-0.658394E-01
8.770000	-0.555047E-01
8.780000	-0.387210E-01
8.790000	-0.208110E-01
8.800000	-0.770965E-02
8.810000	-0.308047E-02
8.820000	-0.666735E-02
8.830000	-0.798426E-02
8.840000	-0.623061E-02
8.850000	-0.811933E-02
8.860000	-0.105518E-01
8.870000	-0.773049E-02
8.880000	-0.324220E-02
8.890000	-0.147392E-02
8.900000	0.125495E-03
8.910000	-0.189456E-02
8.920000	-0.106170E-01
8.930000	-0.192076E-01
8.940000	-0.265411E-01
8.950000	-0.352945E-01
8.960000	-0.449821E-01
8.970000	-0.541852E-01
8.980000	-0.593386E-01
8.990000	-0.629116E-01
9.000000	-0.656395E-01
9.010000	-0.622164E-01
9.020000	-0.589557E-01
9.030000	-0.579724E-01
9.040000	-0.521308E-01
9.050000	-0.424289E-01
9.060000	-0.317563E-01
9.070000	-0.235095E-01
9.080000	-0.190921E-01
9.090000	-0.167503E-01
9.100000	-0.193036E-01
9.110000	-0.253522E-01
9.120000	-0.296019E-01
9.130000	-0.335083E-01
9.140000	-0.445217E-01
9.150000	-0.617863E-01
9.160000	-0.692676E-01
9.170000	-0.683990E-01
9.180000	-0.725853E-01
9.190000	-0.735823E-01
9.200000	-0.678538E-01
9.210000	-0.646009E-01
9.220000	-0.616081E-01
9.230000	-0.573378E-01
9.240000	-0.547634E-01
9.250000	-0.524131E-01
9.260000	-0.526159E-01
9.270000	-0.555907E-01
9.280000	-0.567527E-01
9.290000	-0.573050E-01
9.300000	-0.557930E-01
9.310000	-0.506944E-01
9.320000	-0.456578E-01
9.330000	-0.376994E-01
9.340000	-0.269993E-01
9.350000	-0.217504E-01
9.360000	-0.212965E-01
9.370000	-0.234660E-01
9.380000	-0.285594E-01
9.390000	-0.311920E-01
9.400000	-0.303185E-01
9.410000	-0.254596E-01
9.420000	-0.190231E-01
9.430000	-0.145121E-01
9.440000	-0.133789E-01
9.450000	-0.199681E-01
9.460000	-0.313444E-01
9.470000	-0.382114E-01
9.480000	-0.378086E-01
9.490000	-0.358179E-01
9.500000	-0.301945E-01
9.510000	-0.210313E-01
9.520000	-0.138068E-01
9.530000	-0.576859E-02
9.540000	0.408724E-02
9.550000	0.138322E-01
9.560000	0.206608E-01
9.570000	0.245533E-01
9.580000	0.275039E-01
9.590000	0.244110E-01
9.600000	0.186644E-01
9.610000	0.177249E-01
9.620000	0.149145E-01
9.630000	0.609793E-02
9.640000	-0.384291E-03
9.650000	-0.945471E-03
9.660000	0.109193E-02
9.670000	0.711294E-02
9.680000	0.156930E-01
9.690000	0.221418E-01
9.700000	0.233390E-01
9.710000	0.177647E-01
9.720000	0.916444E-02
9.730000	0.470452E-02
9.740000	0.603162E-02
9.750000	0.869736E-02
9.760000	0.107115E-01
9.770000	0.144287E-01
9.780000	0.183154E-01
9.790000	0.163279E-01
9.800000	0.125844E-01
9.810000	0.135551E-01
9.820000	0.173172E-01
9.830000	0.206132E-01
9.840000	0.221672E-01
9.850000	0.247626E-01
9.860000	0.264808E-01
9.870000	0.232063E-01
9.880000	0.198591E-01
9.890000	0.220236E-01
9.900000	0.276750E-01
9.910000	0.324184E-01
9.920000	0.346119E-01
9.930000	0.323015E-01
9.940000	0.296212E-01
9.950000	0.302930E-01
9.960000	0.305683E-01
9.970000	0.312457E-01
9.980000	0.325266E-01
9.990000	0.323322E-01
10.000000	0.296889E-01
10.010000	0.259954E-01
10.020000	0.209735E-01
10.030000	0.105883E-01
10.040000	0.755040E-03
10.050000	-0.622884E-03
10.060000	0.123656E-02
10.070000	-0.817464E-03
10.080000	-0.385533E-02
10.090000	-0.690590E-02
10.100000	-0.112260E-01
10.110000	-0.142677E-01
10.120000	-0.175510E-01
10.130000	-0.242590E-01
10.140000	-0.325717E-01
10.150000	-0.368974E-01
10.160000	-0.385996E-01
10.170000	-0.383872E-01
10.180000	-0.338765E-01
10.190000	-0.314179E-01
10.200000	-0.309319E-01
10.210000	-0.275707E-01
10.220000	-0.230461E-01
10.230000	-0.183654E-01
10.240000	-0.141159E-01
10.250000	-0.771521E-02
10.260000	0.188872E-02
10.270000	0.930011E-02
10.280000	0.158139E-01
10.290000	0.219870E-01
10.300000	0.242250E-01
10.310000	0.271249E-01
10.320000	0.321200E-01
10.330000	0.368520E-01
10.340000	0.420629E-01
10.350000	0.453570E-01
10.360000	0.471142E-01
10.370000	0.483432E-01
10.380000	0.456773E-01
10.390000	0.429092E-01
10.400000	0.435954E-01
10.410000	0.430327E-01
10.420000	0.405341E-01
10.430000	0.390206E-01
10.440000	0.379320E-01
10.450000	0.335481E-01
10.460000	0.259903E-01
10.470000	0.203817E-01
10.480000	0.162071E-01
10.490000	0.667222E-02
10.500000	-0.926702E-02
10.510000	-0.205177E-01
10.520000	-0.232765E-01
10.530000	-0.263428E-01
10.540000	-0.270880E-01
10.550000	-0.231940E-01
10.560000	-0.228790E-01
10.570000	-0.237496E-01
10.580000	-0.217202E-01
10.590000	-0.204724E-01
10.600000	-0.203105E-01
10.610000	-0.207834E-01
10.620000	-0.204213E-01
10.630000	-0.143911E-01
10.640000	-0.205149E-02
10.650000	0.725758E-02
10.660000	0.777400E-02
10.670000	0.306017E-02
10.680000	-0.963938E-02
10.690000	-0.213450E-01
10.700000	-0.186205E-01
10.710000	-0.113789E-01
10.720000	-0.383956E-02
10.730000	0.742442E-02
10.740000	0.131793E-01
10.750000	0.100960E-01
10.760000	0.630369E-02
10.770000	0.445747E-02
10.780000	0.555965E-02
10.790000	0.121841E-01
10.800000	0.243504E-01
10.810000	0.369285E-01
10.820000	0.424462E-01
10.830000	0.454181E-01
10.840000	0.502469E-01
10.850000	0.499306E-01
10.860000	0.433321E-01
10.870000	0.380338E-01
10.880000	0.349185E-01
10.890000	0.343212E-01
10.900000	0.380398E-01
10.910000	0.407319E-01
10.920000	0.422486E-01
10.930000	0.415378E-01
10.940000	0.309060E-01
10.950000	0.128482E-01
10.960000	-0.331731E-02
10.970000	-0.101678E-01
10.980000	-0.115807E-01
10.990000	-0.126440E-01
11.000000	-0.635203E-02
11.010000	0.300006E-02
11.020000	0.672698E-02
11.030000	0.732124E-02
11.040000	0.681842E-02
11.050000	0.779684E-02
11.060000	0.130815E-01
11.070000	0.176619E-01
11.080000	0.200957E-01
11.090000	0.215983E-01
11.100000	0.112727E-01
11.110000	-0.330804E-02
11.120000	-0.290012E-02
11.130000	0.280545E-02
11.140000	0.101772E-01
11.150000	0.284946E-01
11.160000	0.423540E-01
11.170000	0.422033E-01
11.180000	0.411494E-01
11.190000	0.411030E-01
11.200000	0.361631E-01
11.210000	0.296282E-01
11.220000	0.279254E-01
11.230000	0.269856E-01
11.240000	0.241078E-01
11.250000	0.261343E-01
11.260000	0.299337E-01
11.270000	0.312087E-01
11.280000	0.329545E-01
11.290000	0.328876E-01
11.300000	0.301762E-01
11.310000	0.279056E-01
11.320000	0.256389E-01
11.330000	0.253665E-01
11.340000	0.280150E-01
11.350000	0.281862E-01
11.360000	0.241768E-01
11.370000	0.203952E-01
11.380000	0.180632E-01
11.390000	0.173395E-01
11.400000	0.189939E-01
11.410000	0.195261E-01
11.420000	0.182921E-01
11.430000	0.168920E-01
11.440000	0.162073E-01
11.450000	0.170067E-01
11.460000	0.175552E-01
11.470000	0.168392E-01
11.480000	0.145576E-01
11.490000	0.114927E-01
11.500000	0.918927E-02
11.510000	0.793199E-02
11.520000	0.731394E-02
11.530000	0.623165E-02
11.540000	0.463538E-02
11.550000	0.241278E-02
11.560000	-0.176187E-02
11.570000	-0.604987E-02
11.580000	-0.782962E-02
11.590000	-0.977968E-02
11.600000	-0.992890E-02
11.610000	-0.534536E-02
11.620000	-0.488145E-03
11.630000	0.597196E-02
11.640000	0.147667E-01
11.650000	0.194028E-01
11.660000	0.209197E-01
11.670000	0.220752E-01
11.680000	0.200918E-01
11.690000	0.182012E-01
11.700000	0.174881E-01
11.710000	0.155811E-01
11.720000	0.193330E-01
11.730000	0.276220E-01
11.740000	0.303421E-01
11.750000	0.324475E-01
11.760000	0.354345E-01
11.770000	0.317901E-01
11.780000	0.252049E-01
11.790000	0.173294E-01
11.800000	0.951770E-02
11.810000	0.584960E-02
11.820000	0.202365E-02
11.830000	-0.190119E-02
11.840000	-0.241103E-02
11.850000	-0.339942E-02
11.860000	-0.805030E-02
11.870000	-0.140055E-01
11.880000	-0.163824E-01
11.890000	-0.162635E-01
11.900000	-0.186147E-01
11.910000	-0.212214E-01
11.920000	-0.217128E-01
11.930000	-0.227583E-01
11.940000	-0.233437E-01
11.950000	-0.206588E-01
11.960000	-0.178045E-01
11.970000	-0.166294E-01
11.980000	-0.142736E-01
11.990000	-0.108945E-01
12.000000	-0.901982E-02
12.010000	-0.912140E-02
12.020000	-0.840908E-02
12.030000	-0.373743E-02
12.040000	0.519114E-03
12.050000	0.472746E-03
12.060000	0.177640E-02
12.070000	0.491630E-02
12.080000	0.555623E-02
12.090000	0.564923E-02
12.100000	0.645541E-02
12.110000	0.525015E-02
12.120000	0.279967E-02
12.130000	0.177081E-02
12.140000	0.886290E-03
12.150000	-0.832156E-03
12.160000	-0.216070E-03
12.170000	0.365456E-02
12.180000	0.686493E-02
12.190000	0.950139E-02
12.200000	0.127992E-01
12.210000	0.144125E-01
12.220000	0.156861E-01
12.230000	0.157186E-01
12.240000	0.119780E-01
12.250000	0.970007E-02
12.260000	0.930685E-02
12.270000	0.710022E-02
12.280000	0.720406E-02
12.290000	0.102458E-01
12.300000	0.119373E-01
12.310000	0.139424E-01
12.320000	0.156289E-01
12.330000	0.147649E-01
12.340000	0.152655E-01
12.350000	0.162421E-01
12.360000	0.135027E-01
12.370000	0.101481E-01
12.380000	0.861586E-02
12.390000	0.637497E-02
12.400000	0.354048E-02
12.410000	0.123786E-02
12.420000	-0.129319E-02
12.430000	-0.381214E-02
12.440000	-0.652502E-02
12.450000	-0.125516E-01
12.460000	-0.221191E-01
12.470000	-0.290980E-01
12.480000	-0.330489E-01
12.490000	-0.360195E-01
12.500000	-0.355883E-01
12.510000	-0.354710E-01
12.520000	-0.374525E-01
12.530000	-0.384886E-01
12.540000	-0.396167E-01
12.550000	-0.402794E-01
12.560000	-0.375260E-01
12.570000	-0.336773E-01
12.580000	-0.299050E-01
12.590000	-0.235003E-01
12.600000	-0.201028E-01
12.610000	-0.199262E-01
12.620000	-0.175060E-01
12.630000	-0.183310E-01
12.640000	-0.216626E-01
12.650000	-0.220252E-01
12.660000	-0.204127E-01
12.670000	-0.172206E-01
12.680000	-0.138709E-01
12.690000	-0.124353E-01
12.700000	-0.132082E-01
12.710000	-0.142510E-01
12.720000	-0.116027E-01
12.730000	-0.388500E-02
12.740000	0.273055E-02
12.750000	0.650493E-02
12.760000	0.100458E-01
12.770000	0.509488E-02
12.780000	-0.423561E-02
12.790000	-0.679568E-02
12.800000	-0.126779E-01
12.810000	-0.214174E-01
12.820000	-0.221623E-01
12.830000	-0.229285E-01
12.840000	-0.270848E-01
12.850000	-0.287568E-01
12.860000	-0.303231E-01
12.870000	-0.306779E-01
12.880000	-0.271899E-01
12.890000	-0.257212E-01
12.900000	-0.229504E-01
12.910000	-0.130485E-01
12.920000	-0.483235E-02
12.930000	-0.330669E-02
12.940000	-0.425052E-02
12.950000	-0.600549E-02
12.960000	-0.818061E-02
12.970000	-0.115549E-01
12.980000	-0.160724E-01
12.990000	-0.169429E-01
13.000000	-0.164572E-01
13.010000	-0.188842E-01
13.020000	-0.202205E-01
13.030000	-0.207531E-01
13.040000	-0.216626E-01
13.050000	-0.199282E-01
13.060000	-0.164394E-01
13.070000	-0.117198E-01
13.080000	-0.732036E-02
13.090000	-0.509207E-02
13.100000	-0.297491E-02
13.110000	-0.560617E-02
13.120000	-0.131647E-01
13.130000	-0.173819E-01
13.140000	-0.195006E-01
13.150000	-0.205523E-01
13.160000	-0.161723E-01
13.170000	-0.104080E-01
13.180000	-0.947694E-02
13.190000	-0.105347E-01
13.200000	-0.115049E-01
13.210000	-0.147389E-01
13.220000	-0.187455E-01
13.230000	-0.210744E-01
13.240000	-0.201326E-01
13.250000	-0.129945E-01
13.260000	-0.275831E-02
13.270000	0.154358E-02
13.280000	0.105771E-02
13.290000	0.258763E-03
13.300000	-0.574848E-02
13.310000	-0.137384E-01
13.320000	-0.150443E-01
13.330000	-0.145936E-01
13.340000	-0.156852E-01
13.350000	-0.145220E-01
13.360000	-0.145344E-01
13.370000	-0.165516E-01
13.380000	-0.160518E-01
13.390000	-0.139076E-01
13.400000	-0.129945E-01
13.410000	-0.125876E-01
13.420000	-0.118106E-01
13.430000	-0.122436E-01
13.440000	-0.135140E-01
13.450000	-0.136474E-01
13.460000	-0.119426E-01
13.470000	-0.924743E-02
13.480000	-0.685862E-02
13.490000	-0.546889E-02
13.500000	-0.718890E-02
13.510000	-0.102108E-01
13.520000	-0.122128E-01
13.530000	-0.165889E-01
13.540000	-0.238864E-01
13.550000	-0.301084E-01
13.560000	-0.323908E-01
13.570000	-0.308572E-01
13.580000	-0.255791E-01
13.590000	-0.200027E-01
13.600000	-0.193187E-01
13.610000	-0.223036E-01
13.620000	-0.259603E-01
13.630000	-0.284061E-01
13.640000	-0.292765E-01
13.650000	-0.286376E-01
13.660000	-0.256130E-01
13.670000	-0.196163E-01
13.680000	-0.117157E-01
13.690000	-0.690680E-02
13.700000	-0.197852E-02
13.710000	0.453215E-02
13.720000	0.333896E-02
13.730000	-0.258255E-02
13.740000	-0.608119E-02
13.750000	-0.935959E-02
13.760000	-0.133739E-01
13.770000	-0.149681E-01
13.780000	-0.112136E-01
13.790000	-0.272825E-02
13.800000	0.582791E-02
13.810000	0.112800E-01
13.820000	0.156004E-01
13.830000	0.188323E-01
13.840000	0.185129E-01
13.850000	0.175129E-01
13.860000	0.187465E-01
13.870000	0.203833E-01
13.880000	0.198402E-01
13.890000	0.169381E-01
13.900000	0.130992E-01
13.910000	0.662985E-02
13.920000	-0.226395E-02
13.930000	-0.727933E-02
13.940000	-0.809781E-02
13.950000	-0.888115E-02
13.960000	-0.782431E-02
13.970000	-0.545178E-02
13.980000	-0.358199E-02
13.990000	-0.144095E-02
14.000000	-0.132448E-02
14.010000	-0.234800E-02
14.020000	-0.169386E-02
14.030000	-0.161050E-02
14.040000	-0.394472E-02
14.050000	-0.607684E-02
14.060000	-0.634841E-02
14.070000	-0.670109E-02
14.080000	-0.630152E-02
14.090000	-0.462958E-02
14.100000	-0.401438E-02
14.110000	-0.161765E-02
14.120000	0.393337E-02
14.130000	0.721620E-02
14.140000	0.847587E-02
14.150000	0.110629E-01
14.160000	0.128737E-01
14.170000	0.140601E-01
14.180000	0.176898E-01
14.190000	0.225296E-01
14.200000	0.254895E-01
14.210000	0.274486E-01
14.220000	0.288555E-01
14.230000	0.287388E-01
14.240000	0.312552E-01
14.250000	0.364095E-01
14.260000	0.384436E-01
14.270000	0.389164E-01
14.280000	0.376003E-01
14.290000	0.316958E-01
14.300000	0.258513E-01
14.310000	0.232188E-01
14.320000	0.217469E-01
14.330000	0.224640E-01
14.340000	0.261511E-01
14.350000	0.280358E-01
14.360000	0.282626E-01
14.370000	0.272561E-01
14.380000	0.241566E-01
14.390000	0.226754E-01
14.400000	0.216676E-01
14.410000	0.191652E-01
14.420000	0.178140E-01
14.430000	0.181617E-01
14.440000	0.179652E-01
14.450000	0.171376E-01
14.460000	0.166853E-01
14.470000	0.172727E-01
14.480000	0.193166E-01
14.490000	0.213754E-01
14.500000	0.235017E-01
14.510000	0.244075E-01
14.520000	0.218844E-01
14.530000	0.197673E-01
14.540000	0.192562E-01
14.550000	0.172298E-01
14.560000	0.147897E-01
14.570000	0.147043E-01
14.580000	0.170700E-01
14.590000	0.191511E-01
14.600000	0.206888E-01
14.610000	0.234214E-01
14.620000	0.265527E-01
14.630000	0.282060E-01
14.640000	0.252380E-01
14.650000	0.178625E-01
14.660000	0.910883E-02
14.670000	0.293075E-02
14.680000	0.169832E-02
14.690000	-0.117493E-02
14.700000	-0.562932E-02
14.710000	-0.361962E-02
14.720000	0.145116E-03
14.730000	0.265945E-02
14.740000	0.828972E-02
14.750000	0.114731E-01
14.760000	0.125225E-01
14.770000	0.159417E-01
14.780000	0.149091E-01
14.790000	0.109396E-01
14.800000	0.964485E-02
14.810000	0.483539E-02
14.820000	-0.191331E-02
14.830000	-0.307719E-02
14.840000	-0.236169E-02
14.850000	-0.352779E-02
14.860000	-0.477184E-02
14.870000	-0.502218E-02
14.880000	-0.452054E-02
14.890000	-0.242812E-02
14.900000	0.455753E-03
14.910000	0.226776E-02
14.920000	0.471130E-02
14.930000	0.504612E-02
14.940000	0.564120E-03
14.950000	-0.694035E-02
14.960000	-0.163879E-01
14.970000	-0.217324E-01
14.980000	-0.243141E-01
14.990000	-0.289223E-01
15.000000	-0.318734E-01
15.010000	-0.316349E-01
15.020000	-0.289515E-01
15.030000	-0.263132E-01
15.040000	-0.240156E-01
15.050000	-0.220711E-01
15.060000	-0.228611E-01
15.070000	-0.237097E-01
15.080000	-0.224226E-01
15.090000	-0.205099E-01
15.100000	-0.186241E-01
15.110000	-0.186741E-01
15.120000	-0.223086E-01
15.130000	-0.255092E-01
15.140000	-0.267213E-01
15.150000	-0.289492E-01
15.160000	-0.268656E-01
15.170000	-0.188716E-01
15.180000	-0.130888E-01
15.190000	-0.925643E-02
15.200000	-0.507006E-02
15.210000	-0.222109E-02
15.220000	-0.226198E-02
15.230000	-0.471822E-02
15.240000	-0.615278E-02
15.250000	-0.778431E-02
15.260000	-0.978373E-02
15.270000	-0.890076E-02
15.280000	-0.773398E-02
15.290000	-0.804462E-02
15.300000	-0.805978E-02
15.310000	-0.904742E-02
15.320000	-0.109202E-01
15.330000	-0.118800E-01
15.340000	-0.109170E-01
15.350000	-0.672537E-02
15.360000	0.512868E-02
15.370000	0.221662E-01
15.380000	0.270778E-01
15.390000	0.246212E-01
15.400000	0.265311E-01
15.410000	0.198343E-01
15.420000	0.599486E-02
15.430000	0.104625E-02
15.440000	0.285348E-02
15.450000	0.257356E-02
15.460000	0.407995E-02
15.470000	0.643472E-02
15.480000	0.638309E-02
15.490000	0.810398E-02
15.500000	0.111230E-01
15.510000	0.141799E-01
15.520000	0.169407E-01
15.530000	0.188671E-01
15.540000	0.210315E-01
15.550000	0.231826E-01
15.560000	0.245312E-01
15.570000	0.257665E-01
15.580000	0.247684E-01
15.590000	0.208443E-01
15.600000	0.166991E-01
15.610000	0.122031E-01
15.620000	0.798321E-02
15.630000	0.429380E-02
15.640000	0.293112E-02
15.650000	0.533234E-02
15.660000	0.659793E-02
15.670000	0.516264E-02
15.680000	0.207296E-02
15.690000	-0.113162E-02
15.700000	-0.233269E-02
15.710000	-0.368887E-02
15.720000	-0.613658E-02
15.730000	-0.787280E-02
15.740000	-0.914016E-02
15.750000	-0.107096E-01
15.760000	-0.119961E-01
15.770000	-0.146549E-01
15.780000	-0.206456E-01
15.790000	-0.258865E-01
15.800000	-0.272779E-01
15.810000	-0.279850E-01
15.820000	-0.288765E-01
15.830000	-0.271202E-01
15.840000	-0.224700E-01
15.850000	-0.151998E-01
15.860000	-0.352774E-02
15.870000	0.920852E-02
15.880000	0.156675E-01
15.890000	0.145861E-01
15.900000	0.941411E-02
15.910000	0.324803E-02
15.920000	-0.998103E-04
15.930000	-0.124628E-03
15.940000	0.117066E-02
15.950000	0.426850E-02
15.960000	0.499664E-02
15.970000	0.191364E-03
15.980000	-0.508617E-02
15.990000	-0.879538E-02
16.000000	-0.963129E-02
16.010000	-0.670558E-02
16.020000	-0.472429E-02
16.030000	-0.201491E-02
16.040000	0.264594E-02
16.050000	0.415645E-02
16.060000	0.449007E-02
16.070000	0.730398E-02
16.080000	0.118752E-01
16.090000	0.149877E-01
16.100000	0.146474E-01
16.110000	0.134181E-01
16.120000	0.107900E-01
16.130000	0.312766E-02
16.140000	-0.341920E-02
16.150000	-0.379727E-02
16.160000	-0.406602E-02
16.170000	-0.233501E-02
16.180000	0.379529E-02
16.190000	0.697368E-02
16.200000	0.526662E-02
16.210000	0.267440E-02
16.220000	0.872466E-03
16.230000	0.429090E-05
16.240000	-0.159208E-04
16.250000	-0.860866E-03
16.260000	-0.271181E-02
16.270000	-0.157287E-02
16.280000	0.313170E-02
16.290000	0.677856E-02
16.300000	0.965325E-02
16.310000	0.128049E-01
16.320000	0.140497E-01
16.330000	0.166747E-01
16.340000	0.221967E-01
16.350000	0.251589E-01
16.360000	0.277426E-01
16.370000	0.327267E-01
16.380000	0.334590E-01
16.390000	0.306651E-01
16.400000	0.303123E-01
16.410000	0.299155E-01
16.420000	0.273884E-01
16.430000	0.243177E-01
16.440000	0.208218E-01
16.450000	0.190234E-01
16.460000	0.189105E-01
16.470000	0.177976E-01
16.480000	0.172266E-01
16.490000	0.146413E-01
16.500000	0.771955E-02
16.510000	0.344321E-02
16.520000	0.282615E-02
16.530000	0.413294E-02
16.540000	0.887757E-02
16.550000	0.158110E-01
16.560000	0.212212E-01
16.570000	0.229619E-01
16.580000	0.241683E-01
16.590000	0.235024E-01
16.600000	0.185652E-01
16.610000	0.142342E-01
16.620000	0.153555E-01
16.630000	0.175310E-01
16.640000	0.164757E-01
16.650000	0.146576E-01
16.660000	0.123239E-01
16.670000	0.977113E-02
16.680000	0.736097E-02
16.690000	0.569767E-02
16.700000	0.607250E-02
16.710000	0.668156E-02
16.720000	0.632987E-02
16.730000	0.518392E-02
16.740000	0.231860E-02
16.750000	-0.128409E-02
16.760000	-0.395311E-02
16.770000	-0.534891E-02
16.780000	-0.517182E-02
16.790000	-0.439092E-02
16.800000	-0.486525E-02
16.810000	-0.664419E-02
16.820000	-0.800628E-02
16.830000	-0.920544E-02
16.840000	-0.103226E-01
16.850000	-0.104009E-01
16.860000	-0.107624E-01
16.870000	-0.122188E-01
16.880000	-0.151702E-01
16.890000	-0.189240E-01
16.900000	-0.218478E-01
16.910000	-0.229191E-01
16.920000	-0.207815E-01
16.930000	-0.172353E-01
16.940000	-0.131813E-01
16.950000	-0.936154E-02
16.960000	-0.805985E-02
16.970000	-0.815310E-02
16.980000	-0.855626E-02
16.990000	-0.932445E-02
17.000000	-0.123573E-01
17.010000	-0.156658E-01
17.020000	-0.159704E-01
17.030000	-0.154910E-01
17.040000	-0.143571E-01
17.050000	-0.128938E-01
17.060000	-0.114670E-01
17.070000	-0.104988E-01
17.080000	-0.129328E-01
17.090000	-0.164988E-01
17.100000	-0.195557E-01
17.110000	-0.233640E-01
17.120000	-0.254669E-01
17.130000	-0.264784E-01
17.140000	-0.283641E-01
17.150000	-0.298344E-01
17.160000	-0.286274E-01
17.170000	-0.249722E-01
17.180000	-0.226997E-01
17.190000	-0.209999E-01
17.200000	-0.164872E-01
17.210000	-0.115565E-01
17.220000	-0.909251E-02
17.230000	-0.677441E-02
17.240000	-0.437422E-02
17.250000	-0.388103E-02
17.260000	-0.315377E-02
17.270000	-0.131767E-02
17.280000	-0.227217E-04
17.290000	0.502270E-03
17.300000	0.793604E-04
17.310000	-0.165278E-02
17.320000	-0.506634E-02
17.330000	-0.921915E-02
17.340000	-0.111452E-01
17.350000	-0.149081E-01
17.360000	-0.256136E-01
17.370000	-0.320884E-01
17.380000	-0.286085E-01
17.390000	-0.271014E-01
17.400000	-0.255337E-01
17.410000	-0.192832E-01
17.420000	-0.188661E-01
17.430000	-0.218451E-01
17.440000	-0.197263E-01
17.450000	-0.140345E-01
17.460000	-0.745941E-02
17.470000	-0.261995E-02
17.480000	0.132766E-02
17.490000	0.461469E-02
17.500000	0.462996E-02
17.510000	0.311855E-02
17.520000	0.169501E-02
17.530000	0.149169E-02
17.540000	0.491436E-02
17.550000	0.820894E-02
17.560000	0.946395E-02
17.570000	0.118612E-01
17.580000	0.130207E-01
17.590000	0.120991E-01
17.600000	0.123014E-01
17.610000	0.126513E-01
17.620000	0.120794E-01
17.630000	0.115956E-01
17.640000	0.112871E-01
17.650000	0.111342E-01
17.660000	0.107747E-01
17.670000	0.987832E-02
17.680000	0.893195E-02
17.690000	0.996234E-02
17.700000	0.130717E-01
17.710000	0.151060E-01
17.720000	0.170775E-01
17.730000	0.208041E-01
17.740000	0.209589E-01
17.750000	0.165833E-01
17.760000	0.127937E-01
17.770000	0.720331E-02
17.780000	0.220812E-02
17.790000	0.268045E-02
17.800000	0.231152E-02
17.810000	-0.117841E-03
17.820000	-0.738273E-03
17.830000	-0.108761E-02
17.840000	-0.183057E-02
17.850000	0.403419E-03
17.860000	0.500333E-02
17.870000	0.960304E-02
17.880000	0.138686E-01
17.890000	0.158642E-01
17.900000	0.128509E-01
17.910000	0.456604E-02
17.920000	-0.140138E-02
17.930000	-0.344318E-02
17.940000	-0.503564E-02
17.950000	-0.536136E-02
17.960000	-0.662118E-02
17.970000	-0.906108E-02
17.980000	-0.111904E-01
17.990000	-0.121333E-01
18.000000	-0.118187E-01
18.010000	-0.111057E-01
18.020000	-0.967586E-02
18.030000	-0.805950E-02
18.040000	-0.705263E-02
18.050000	-0.685049E-02
18.060000	-0.714016E-02
18.070000	-0.782182E-02
18.080000	-0.851910E-02
18.090000	-0.811776E-02
18.100000	-0.750989E-02
18.110000	-0.742962E-02
18.120000	-0.764163E-02
18.130000	-0.898557E-02
18.140000	-0.106573E-01
18.150000	-0.119572E-01
18.160000	-0.123928E-01
18.170000	-0.107470E-01
18.180000	-0.954676E-02
18.190000	-0.653015E-02
18.200000	0.191078E-02
18.210000	0.837461E-02
18.220000	0.980089E-02
18.230000	0.110850E-01
18.240000	0.117368E-01
18.250000	0.102135E-01
18.260000	0.896677E-02
18.270000	0.759115E-02
18.280000	0.494312E-02
18.290000	0.303159E-02
18.300000	0.179321E-02
18.310000	0.130834E-02
18.320000	0.217173E-02
18.330000	0.273657E-02
18.340000	0.262574E-02
18.350000	0.250397E-02
18.360000	0.236996E-02
18.370000	0.275122E-02
18.380000	0.540829E-02
18.390000	0.957712E-02
18.400000	0.126833E-01
18.410000	0.142566E-01
18.420000	0.139871E-01
18.430000	0.132861E-01
18.440000	0.140425E-01
18.450000	0.154909E-01
18.460000	0.164510E-01
18.470000	0.168826E-01
18.480000	0.171688E-01
18.490000	0.171658E-01
18.500000	0.170766E-01
18.510000	0.166151E-01
18.520000	0.152323E-01
18.530000	0.117126E-01
18.540000	0.572614E-02
18.550000	0.184883E-02
18.560000	0.141728E-02
18.570000	0.222425E-02
18.580000	0.500365E-02
18.590000	0.728781E-02
18.600000	0.729069E-02
18.610000	0.841514E-02
18.620000	0.104283E-01
18.630000	0.107973E-01
18.640000	0.107146E-01
18.650000	0.109984E-01
18.660000	0.105320E-01
18.670000	0.957156E-02
18.680000	0.852136E-02
18.690000	0.738114E-02
18.700000	0.792157E-02
18.710000	0.964066E-02
18.720000	0.955990E-02
18.730000	0.656946E-02
18.740000	0.157535E-02
18.750000	-0.486928E-02
18.760000	-0.969632E-02
18.770000	-0.891088E-02
18.780000	-0.661495E-02
18.790000	-0.582876E-02
18.800000	-0.521408E-02
18.810000	-0.581908E-02
18.820000	-0.649301E-02
18.830000	-0.459877E-02
18.840000	-0.218519E-02
18.850000	-0.737279E-03
18.860000	0.523545E-03
18.870000	-0.327662E-04
18.880000	-0.133785E-02
18.890000	-0.198379E-02
18.900000	-0.442321E-02
18.910000	-0.878227E-02
18.920000	-0.129599E-01
18.930000	-0.161687E-01
18.940000	-0.179081E-01
18.950000	-0.166488E-01
18.960000	-0.135327E-01
18.970000	-0.112529E-01
18.980000	-0.782817E-02
18.990000	-0.369473E-02
19.000000	-0.290858E-02
19.010000	-0.487622E-02
19.020000	-0.671649E-02
19.030000	-0.916184E-02
19.040000	-0.117935E-01
19.050000	-0.105855E-01
19.060000	-0.714220E-02
19.070000	-0.565901E-02
19.080000	-0.469053E-02
19.090000	-0.278901E-02
19.100000	-0.139919E-02
19.110000	-0.792431E-03
19.120000	-0.845704E-03
19.130000	-0.173557E-02
19.140000	-0.284578E-02
19.150000	-0.356345E-02
19.160000	-0.343972E-02
19.170000	-0.173353E-02
19.180000	0.334454E-03
19.190000	0.984865E-03
19.200000	0.113566E-02
19.210000	0.225201E-03
19.220000	-0.183407E-02
19.230000	-0.322616E-02
19.240000	-0.487655E-02
19.250000	-0.695991E-02
19.260000	-0.841813E-02
19.270000	-0.886650E-02
19.280000	-0.737466E-02
19.290000	-0.522286E-02
19.300000	-0.408166E-02
19.310000	-0.509536E-02
19.320000	-0.870454E-02
19.330000	-0.112805E-01
19.340000	-0.114129E-01
19.350000	-0.907808E-02
19.360000	-0.622419E-02
19.370000	-0.582401E-02
19.380000	-0.726293E-02
19.390000	-0.116579E-01
19.400000	-0.154744E-01
19.410000	-0.157890E-01
19.420000	-0.162536E-01
19.430000	-0.159804E-01
19.440000	-0.131412E-01
19.450000	-0.107201E-01
19.460000	-0.990229E-02
19.470000	-0.873717E-02
19.480000	-0.863494E-02
19.490000	-0.103193E-01
19.500000	-0.110389E-01
19.510000	-0.111289E-01
19.520000	-0.112801E-01
19.530000	-0.112631E-01
19.540000	-0.121070E-01
19.550000	-0.137093E-01
19.560000	-0.153160E-01
19.570000	-0.159475E-01
19.580000	-0.143327E-01
19.590000	-0.119992E-01
19.600000	-0.103423E-01
19.610000	-0.778282E-02
19.620000	-0.579445E-02
19.630000	-0.659407E-02
19.640000	-0.821147E-02
19.650000	-0.959190E-02
19.660000	-0.104476E-01
19.670000	-0.850037E-02
19.680000	-0.491916E-02
19.690000	-0.250436E-02
19.700000	-0.164132E-02
19.710000	-0.243156E-02
19.720000	-0.374295E-02
19.730000	-0.479803E-02
19.740000	-0.739581E-02
19.750000	-0.107346E-01
19.760000	-0.117648E-01
19.770000	-0.109835E-01
19.780000	-0.847806E-02
19.790000	-0.418801E-02
19.800000	-0.154207E-02
19.810000	-0.943528E-03
19.820000	-0.102919E-02
19.830000	-0.247057E-02
19.840000	-0.454210E-02
19.850000	-0.481773E-02
19.860000	-0.167716E-02
19.870000	0.152446E-02
19.880000	0.350970E-02
19.890000	0.778224E-02
19.900000	0.122148E-01
19.910000	0.136407E-01
19.920000	0.136584E-01
19.930000	0.131849E-01
19.940000	0.114688E-01
19.950000	0.769068E-02
19.960000	0.356143E-02
19.970000	0.137455E-02
19.980000	-0.493122E-03
19.990000	-0.254358E-02
20.000000	-0.387330E-02
20.010000	-0.467914E-02
20.020000	-0.232316E-02
20.030000	0.341480E-02
20.040000	0.774732E-02
20.050000	0.121444E-01
20.060000	0.177289E-01
20.070000	0.190737E-01
20.080000	0.176907E-01
20.090000	0.183474E-01
20.100000	0.200289E-01
20.110000	0.215100E-01
20.120000	0.228184E-01
20.130000	0.239766E-01
20.140000	0.248997E-01
20.150000	0.245598E-01
20.160000	0.234621E-01
20.170000	0.218287E-01
20.180000	0.175552E-01
20.190000	0.122535E-01
20.200000	0.999370E-02
20.210000	0.939720E-02
20.220000	0.934162E-02
20.230000	0.108959E-01
20.240000	0.133151E-01
20.250000	0.151548E-01
20.260000	0.150618E-01
20.270000	0.155774E-01
20.280000	0.178680E-01
20.290000	0.192817E-01
20.300000	0.214461E-01
20.310000	0.248095E-01
20.320000	0.255106E-01
20.330000	0.240324E-01
20.340000	0.219612E-01
20.350000	0.188934E-01
20.360000	0.156554E-01
20.370000	0.136023E-01
20.380000	0.133910E-01
20.390000	0.140842E-01
20.400000	0.144930E-01
20.410000	0.139591E-01
20.420000	0.108919E-01
20.430000	0.588730E-02
20.440000	0.187515E-02
20.450000	-0.166419E-02
20.460000	-0.539129E-02
20.470000	-0.763761E-02
20.480000	-0.852360E-02
20.490000	-0.876970E-02
20.500000	-0.608193E-02
20.510000	-0.784584E-03
20.520000	0.311369E-02
20.530000	0.494421E-02
20.540000	0.524198E-02
20.550000	0.557811E-02
20.560000	0.677353E-02
20.570000	0.727311E-02
20.580000	0.707261E-02
20.590000	0.497244E-02
20.600000	0.131955E-02
20.610000	-0.106998E-02
20.620000	-0.363999E-02
20.630000	-0.731366E-02
20.640000	-0.103258E-01
20.650000	-0.126408E-01
20.660000	-0.143624E-01
20.670000	-0.139051E-01
20.680000	-0.114677E-01
20.690000	-0.102257E-01
20.700000	-0.104295E-01
20.710000	-0.103356E-01
20.720000	-0.102694E-01
20.730000	-0.941473E-02
20.740000	-0.553743E-02
20.750000	-0.101832E-02
20.760000	0.180046E-02
20.770000	0.423241E-02
20.780000	0.455263E-02
20.790000	0.271655E-02
20.800000	0.997704E-03
20.810000	-0.186470E-03
20.820000	0.317998E-03
20.830000	0.135510E-02
20.840000	0.129063E-02
20.850000	0.164708E-02
20.860000	0.196683E-02
20.870000	0.125389E-03
20.880000	-0.414130E-02
20.890000	-0.856010E-02
20.900000	-0.108130E-01
20.910000	-0.125136E-01
20.920000	-0.144230E-01
20.930000	-0.150663E-01
20.940000	-0.143883E-01
20.950000	-0.132821E-01
20.960000	-0.118695E-01
20.970000	-0.910152E-02
20.980000	-0.632384E-02
20.990000	-0.531708E-02
21.000000	-0.468960E-02
21.010000	-0.351158E-02
21.020000	-0.533691E-03
21.030000	0.433288E-02
21.040000	0.741578E-02
21.050000	0.762967E-02
21.060000	0.532975E-02
21.070000	0.164372E-02
21.080000	-0.217263E-02
21.090000	-0.448963E-02
21.100000	-0.226772E-02
21.110000	0.420304E-03
21.120000	0.110134E-02
21.130000	0.322840E-02
21.140000	0.549855E-02
21.150000	0.599196E-02
21.160000	0.562084E-02
21.170000	0.452448E-02
21.180000	0.152397E-02
21.190000	-0.172694E-02
21.200000	-0.187420E-02
21.210000	-0.210317E-03
21.220000	0.113194E-02
21.230000	0.288830E-02
21.240000	0.470222E-02
21.250000	0.475906E-02
21.260000	0.385113E-02
21.270000	0.383790E-02
21.280000	0.381874E-02
21.290000	0.298453E-02
21.300000	0.373124E-02
21.310000	0.724094E-02
21.320000	0.115070E-01
21.330000	0.134621E-01
21.340000	0.100429E-01
21.350000	0.450878E-02
21.360000	-0.160905E-02
21.370000	-0.902501E-02
21.380000	-0.111647E-01
21.390000	-0.952412E-02
21.400000	-0.946144E-02
21.410000	-0.873005E-02
21.420000	-0.646266E-02
21.430000	-0.488091E-02
21.440000	-0.658888E-02
21.450000	-0.909621E-02
21.460000	-0.932279E-02
21.470000	-0.895832E-02
21.480000	-0.802017E-02
21.490000	-0.696361E-02
21.500000	-0.633868E-02
21.510000	-0.588341E-02
21.520000	-0.625089E-02
21.530000	-0.670183E-02
21.540000	-0.738591E-02
21.550000	-0.852634E-02
21.560000	-0.938420E-02
21.570000	-0.101322E-01
21.580000	-0.114216E-01
21.590000	-0.136646E-01
21.600000	-0.154408E-01
21.610000	-0.137454E-01
21.620000	-0.830167E-02
21.630000	-0.312433E-03
21.640000	0.680369E-02
21.650000	0.619867E-02
21.660000	0.116744E-02
21.670000	-0.391402E-03
21.680000	-0.243337E-02
21.690000	-0.656974E-02
21.700000	-0.737188E-02
21.710000	-0.755594E-02
21.720000	-0.974261E-02
21.730000	-0.103901E-01
21.740000	-0.965367E-02
21.750000	-0.931297E-02
21.760000	-0.917306E-02
21.770000	-0.969178E-02
21.780000	-0.105954E-01
21.790000	-0.937017E-02
21.800000	-0.625145E-02
21.810000	-0.339441E-02
21.820000	0.513928E-03
21.830000	0.370756E-02
21.840000	0.325032E-02
21.850000	0.284210E-02
21.860000	0.366909E-02
21.870000	0.398751E-02
21.880000	0.535191E-02
21.890000	0.719432E-02
21.900000	0.873808E-02
21.910000	0.114514E-01
21.920000	0.131681E-01
21.930000	0.131397E-01
21.940000	0.142559E-01
21.950000	0.159041E-01
21.960000	0.155983E-01
21.970000	0.130767E-01
21.980000	0.855800E-02
21.990000	0.294301E-02
22.000000	-0.991326E-03
22.010000	-0.372414E-02
22.020000	-0.550364E-02
22.030000	-0.445646E-02
22.040000	-0.240027E-02
22.050000	-0.850528E-03
22.060000	0.443491E-04
22.070000	-0.560585E-03
22.080000	-0.196109E-02
22.090000	-0.279797E-02
22.100000	-0.281869E-03
22.110000	0.560347E-02
22.120000	0.979536E-02
22.130000	0.126601E-01
22.140000	0.136006E-01
22.150000	0.107791E-01
22.160000	0.851223E-02
22.170000	0.703587E-02
22.180000	0.536163E-02
22.190000	0.432688E-02
22.200000	0.310200E-02
22.210000	0.137040E-02
22.220000	-0.514521E-03
22.230000	-0.197068E-02
22.240000	-0.137197E-02
22.250000	0.178258E-02
22.260000	0.502096E-02
22.270000	0.851466E-02
22.280000	0.126411E-01
22.290000	0.156551E-01
22.300000	0.173124E-01
22.310000	0.166857E-01
22.320000	0.142817E-01
22.330000	0.121619E-01
22.340000	0.976363E-02
22.350000	0.731928E-02
22.360000	0.596099E-02
22.370000	0.477131E-02
22.380000	0.341340E-02
22.390000	0.151348E-02
22.400000	-0.524846E-03
22.410000	-0.150722E-02
22.420000	-0.119963E-02
22.430000	0.145999E-03
22.440000	0.119819E-02
22.450000	0.252595E-02
22.460000	0.395298E-02
22.470000	0.305636E-02
22.480000	0.177109E-02
22.490000	0.122912E-02
22.500000	-0.102895E-02
22.510000	-0.245674E-02
22.520000	-0.172839E-02
22.530000	-0.214689E-02
22.540000	-0.277520E-02
22.550000	-0.299468E-02
22.560000	-0.474076E-02
22.570000	-0.659085E-02
22.580000	-0.713934E-02
22.590000	-0.610210E-02
22.600000	-0.334195E-02
22.610000	-0.919989E-03
22.620000	0.137268E-03
22.630000	0.554266E-03
22.640000	0.480671E-03
22.650000	-0.188392E-03
22.660000	-0.998595E-03
22.670000	-0.175435E-02
22.680000	-0.202576E-02
22.690000	-0.131197E-02
22.700000	-0.875588E-03
22.710000	-0.150440E-02
22.720000	-0.292293E-02
22.730000	-0.549386E-02
22.740000	-0.825710E-02
22.750000	-0.927194E-02
22.760000	-0.980505E-02
22.770000	-0.111612E-01
22.780000	-0.118142E-01
22.790000	-0.114415E-01
22.800000	-0.107792E-01
22.810000	-0.982928E-02
22.820000	-0.794042E-02
22.830000	-0.542660E-02
22.840000	-0.460871E-02
22.850000	-0.533982E-02
22.860000	-0.641770E-02
22.870000	-0.852624E-02
22.880000	-0.955186E-02
22.890000	-0.857770E-02
22.900000	-0.795668E-02
22.910000	-0.682955E-02
22.920000	-0.513778E-02
22.930000	-0.520806E-02
22.940000	-0.504203E-02
22.950000	-0.311754E-02
22.960000	-0.211742E-02
22.970000	-0.186401E-02
22.980000	-0.123482E-02
22.990000	-0.234542E-02
23.000000	-0.441237E-02
23.010000	-0.474919E-02
23.020000	-0.370788E-02
23.030000	-0.164382E-02
23.040000	0.189576E-02
23.050000	0.548826E-02
23.060000	0.687206E-02
23.070000	0.707196E-02
23.080000	0.743186E-02
23.090000	0.755162E-02
23.100000	0.770232E-02
23.110000	0.825737E-02
23.120000	0.951868E-02
23.130000	0.112319E-01
23.140000	0.128676E-01
23.150000	0.130148E-01
23.160000	0.113889E-01
23.170000	0.910386E-02
23.180000	0.468855E-02
23.190000	-0.460205E-03
23.200000	-0.214057E-02
23.210000	-0.221108E-02
23.220000	-0.306705E-02
23.230000	-0.285521E-02
23.240000	-0.126493E-02
23.250000	0.343957E-03
23.260000	0.190236E-02
23.270000	0.385853E-02
23.280000	0.560401E-02
23.290000	0.683520E-02
23.300000	0.776459E-02
23.310000	0.819840E-02
23.320000	0.798594E-02
23.330000	0.742151E-02
23.340000	0.698168E-02
23.350000	0.640101E-02
23.360000	0.549261E-02
23.370000	0.441129E-02
23.380000	0.308147E-02
23.390000	0.134586E-02
23.400000	-0.468567E-03
23.410000	-0.199825E-02
23.420000	-0.391322E-02
23.430000	-0.635283E-02
23.440000	-0.852155E-02
23.450000	-0.102462E-01
23.460000	-0.110141E-01
23.470000	-0.109072E-01
23.480000	-0.112021E-01
23.490000	-0.114180E-01
23.500000	-0.107598E-01
23.510000	-0.949998E-02
23.520000	-0.787784E-02
23.530000	-0.621130E-02
23.540000	-0.425224E-02
23.550000	-0.205617E-02
23.560000	-0.115170E-02
23.570000	-0.204669E-02
23.580000	-0.272685E-02
23.590000	-0.247813E-02
23.600000	-0.255831E-02
23.610000	-0.206065E-02
23.620000	0.743502E-04
23.630000	0.213501E-02
23.640000	0.366963E-02
23.650000	0.485577E-02
23.660000	0.395092E-02
23.670000	0.171800E-02
23.680000	-0.127386E-03
23.690000	-0.127473E-02
23.700000	-0.488457E-03
23.710000	0.118768E-02
23.720000	0.204261E-02
23.730000	0.293200E-02
23.740000	0.345039E-02
23.750000	0.207242E-02
23.760000	-0.615159E-04
23.770000	-0.646934E-03
23.780000	0.805698E-04
23.790000	0.495734E-03
23.800000	0.346490E-03
23.810000	-0.944956E-05
23.820000	-0.784687E-03
23.830000	-0.194206E-02
23.840000	-0.325239E-02
23.850000	-0.421329E-02
23.860000	-0.448865E-02
23.870000	-0.408153E-02
23.880000	-0.308010E-02
23.890000	-0.218085E-02
23.900000	-0.141842E-02
23.910000	-0.676104E-03
23.920000	-0.202418E-02
23.930000	-0.483482E-02
23.940000	-0.579919E-02
23.950000	-0.618207E-02
23.960000	-0.535812E-02
23.970000	-0.140971E-02
23.980000	0.297234E-02
23.990000	0.706595E-02
24.000000	0.839297E-02
24.010000	0.519680E-02
24.020000	0.274467E-02
24.030000	0.167030E-02
24.040000	-0.365452E-03
24.050000	-0.168685E-02
24.060000	-0.234416E-02
24.070000	-0.254652E-02
24.080000	-0.184741E-02
24.090000	-0.127333E-02
24.100000	-0.371627E-03
24.110000	0.100383E-02
24.120000	0.155511E-02
24.130000	0.147159E-02
24.140000	0.207683E-02
24.150000	0.384029E-02
24.160000	0.567413E-02
24.170000	0.694473E-02
24.180000	0.795531E-02
24.190000	0.821408E-02
24.200000	0.796996E-02
24.210000	0.841709E-02
24.220000	0.928384E-02
24.230000	0.951929E-02
24.240000	0.857285E-02
24.250000	0.648055E-02
24.260000	0.487474E-02
24.270000	0.414218E-02
24.280000	0.309378E-02
24.290000	0.228180E-02
24.300000	0.164070E-02
24.310000	0.106786E-04
24.320000	-0.198830E-02
24.330000	-0.338739E-02
24.340000	-0.479681E-02
24.350000	-0.660359E-02
24.360000	-0.842601E-02
24.370000	-0.100589E-01
24.380000	-0.115795E-01
24.390000	-0.129791E-01
24.400000	-0.124905E-01
24.410000	-0.100630E-01
24.420000	-0.856338E-02
24.430000	-0.661015E-02
24.440000	-0.333908E-02
24.450000	-0.191129E-02
24.460000	-0.167771E-02
24.470000	-0.231828E-02
24.480000	-0.468365E-02
24.490000	-0.741151E-02
24.500000	-0.101642E-01
24.510000	-0.116569E-01
24.520000	-0.112713E-01
24.530000	-0.108615E-01
24.540000	-0.109433E-01
24.550000	-0.104111E-01
24.560000	-0.958111E-02
24.570000	-0.921132E-02
24.580000	-0.816439E-02
24.590000	-0.624138E-02
24.600000	-0.463302E-02
24.610000	-0.456647E-02
24.620000	-0.602351E-02
24.630000	-0.686021E-02
24.640000	-0.636762E-02
24.650000	-0.481816E-02
24.660000	-0.281341E-02
24.670000	-0.702806E-03
24.680000	0.230580E-02
24.690000	0.315964E-02
24.700000	0.100454E-02
24.710000	0.369348E-03
24.720000	0.245842E-03
24.730000	-0.145201E-02
24.740000	-0.207837E-02
24.750000	-0.134105E-02
24.760000	-0.482565E-03
24.770000	0.370903E-03
24.780000	0.881926E-03
24.790000	0.109410E-02
24.800000	0.632859E-03
24.810000	-0.406338E-03
24.820000	-0.131337E-02
24.830000	-0.231644E-02
24.840000	-0.309031E-02
24.850000	-0.354437E-02
24.860000	-0.399285E-02
24.870000	-0.402089E-02
24.880000	-0.444544E-02
24.890000	-0.664891E-02
24.900000	-0.926383E-02
24.910000	-0.112704E-01
24.920000	-0.110520E-01
24.930000	-0.621276E-02
24.940000	-0.159205E-02
24.950000	0.150805E-02
24.960000	0.662924E-02
24.970000	0.888131E-02
24.980000	0.748361E-02
24.990000	0.761050E-02
25.000000	0.731362E-02
25.010000	0.484385E-02
25.020000	0.189019E-02
25.030000	-0.186183E-02
25.040000	-0.214891E-02
25.050000	0.281169E-02
25.060000	0.552932E-02
25.070000	0.743103E-02
25.080000	0.122714E-01
25.090000	0.138652E-01
25.100000	0.121319E-01
25.110000	0.118879E-01
25.120000	0.126949E-01
25.130000	0.144283E-01
25.140000	0.163498E-01
25.150000	0.171625E-01
25.160000	0.169601E-01
25.170000	0.147931E-01
25.180000	0.123531E-01
25.190000	0.101360E-01
25.200000	0.687384E-02
25.210000	0.469645E-02
25.220000	0.336704E-02
25.230000	0.183743E-02
25.240000	0.153565E-02
25.250000	0.237656E-02
25.260000	0.261931E-02
25.270000	0.275150E-02
25.280000	0.311009E-02
25.290000	0.152029E-02
25.300000	-0.131424E-02
25.310000	-0.257572E-02
25.320000	-0.280244E-02
25.330000	-0.301299E-02
25.340000	-0.276865E-02
25.350000	-0.146509E-02
25.360000	0.599287E-03
25.370000	0.237260E-02
25.380000	0.421813E-02
25.390000	0.644551E-02
25.400000	0.859771E-02
25.410000	0.106918E-01
25.420000	0.118439E-01
25.430000	0.109244E-01
25.440000	0.907393E-02
25.450000	0.786397E-02
25.460000	0.632321E-02
25.470000	0.334402E-02
25.480000	0.216269E-03
25.490000	-0.260060E-02
25.500000	-0.520502E-02
25.510000	-0.654839E-02
25.520000	-0.695973E-02
25.530000	-0.625043E-02
25.540000	-0.456386E-02
25.550000	-0.333591E-02
25.560000	-0.123789E-02
25.570000	0.205668E-02
25.580000	0.427638E-02
25.590000	0.512650E-02
25.600000	0.463143E-02
25.610000	0.298828E-02
25.620000	0.193804E-02
25.630000	0.991405E-03
25.640000	-0.423905E-03
25.650000	-0.178411E-03
25.660000	0.101129E-02
25.670000	0.113167E-02
25.680000	0.145501E-02
25.690000	0.159141E-02
25.700000	0.602782E-03
25.710000	-0.570018E-04
25.720000	-0.163186E-02
25.730000	-0.429137E-02
25.740000	-0.529733E-02
25.750000	-0.582110E-02
25.760000	-0.707360E-02
25.770000	-0.735063E-02
25.780000	-0.694446E-02
25.790000	-0.615749E-02
25.800000	-0.441707E-02
25.810000	-0.306484E-02
25.820000	-0.220950E-02
25.830000	-0.116789E-02
25.840000	-0.664949E-03
25.850000	-0.647962E-03
25.860000	-0.475021E-03
25.870000	0.980116E-04
25.880000	0.480047E-03
25.890000	0.427249E-03
25.900000	-0.454141E-03
25.910000	-0.284829E-02
25.920000	-0.487761E-02
25.930000	-0.616427E-02
25.940000	-0.784787E-02
25.950000	-0.841322E-02
25.960000	-0.815232E-02
25.970000	-0.847715E-02
25.980000	-0.853981E-02
25.990000	-0.833923E-02
26.000000	-0.834264E-02
26.010000	-0.734774E-02
26.020000	-0.528345E-02
26.030000	-0.389390E-02
26.040000	-0.284039E-02
26.050000	-0.883597E-03
26.060000	0.545101E-03
26.070000	0.315839E-03
26.080000	-0.364650E-04
26.090000	-0.106481E-04
26.100000	-0.343016E-03
26.110000	0.108356E-03
26.120000	0.163872E-02
26.130000	0.229606E-02
26.140000	0.246938E-02
26.150000	0.251779E-02
26.160000	0.851242E-03
26.170000	-0.162679E-02
26.180000	-0.446594E-02
26.190000	-0.732524E-02
26.200000	-0.824660E-02
26.210000	-0.738439E-02
26.220000	-0.582378E-02
26.230000	-0.465123E-02
26.240000	-0.358737E-02
26.250000	-0.153545E-02
26.260000	0.943698E-04
26.270000	-0.162089E-03
26.280000	-0.708433E-03
26.290000	-0.464281E-03
26.300000	-0.292243E-03
26.310000	0.744089E-03
26.320000	0.236466E-02
26.330000	0.339547E-02
26.340000	0.505227E-02
26.350000	0.644564E-02
26.360000	0.657452E-02
26.370000	0.673826E-02
26.380000	0.684821E-02
26.390000	0.671763E-02
26.400000	0.668122E-02
26.410000	0.663967E-02
26.420000	0.618909E-02
26.430000	0.488966E-02
26.440000	0.358188E-02
26.450000	0.271241E-02
26.460000	0.176516E-02
26.470000	0.109125E-02
26.480000	0.123838E-03
26.490000	-0.186059E-02
26.500000	-0.355831E-02
26.510000	-0.422085E-02
26.520000	-0.428003E-02
26.530000	-0.358762E-02
26.540000	-0.247420E-02
26.550000	-0.156318E-02
26.560000	-0.556126E-03
26.570000	0.198024E-03
26.580000	0.507626E-03
26.590000	0.679868E-03
26.600000	0.669995E-03
26.610000	0.148288E-02
26.620000	0.343176E-02
26.630000	0.463532E-02
26.640000	0.417188E-02
26.650000	0.344174E-02
26.660000	0.275203E-02
26.670000	0.105157E-02
26.680000	-0.132301E-03
26.690000	0.276874E-04
26.700000	-0.865583E-04
26.710000	-0.229601E-03
26.720000	-0.110569E-03
26.730000	-0.135267E-03
26.740000	-0.965313E-04
26.750000	0.107755E-04
26.760000	0.363213E-03
26.770000	0.104475E-02
26.780000	0.165758E-02
26.790000	0.173677E-02
26.800000	0.156812E-02
26.810000	0.168095E-02
26.820000	0.213298E-02
26.830000	0.308704E-02
26.840000	0.396226E-02
26.850000	0.422110E-02
26.860000	0.447217E-02
26.870000	0.436428E-02
26.880000	0.359775E-02
26.890000	0.302921E-02
26.900000	0.235384E-02
26.910000	0.153183E-02
26.920000	0.137320E-02
26.930000	0.179119E-02
26.940000	0.223096E-02
26.950000	0.236042E-02
26.960000	0.250208E-02
26.970000	0.279201E-02
26.980000	0.317986E-02
26.990000	0.374494E-02
27.000000	0.416915E-02
27.010000	0.454471E-02
27.020000	0.513662E-02
27.030000	0.545388E-02
27.040000	0.520599E-02
27.050000	0.479925E-02
27.060000	0.445514E-02
27.070000	0.395537E-02
27.080000	0.323057E-02
27.090000	0.257696E-02
27.100000	0.203608E-02
27.110000	0.124512E-02
27.120000	0.400448E-03
27.130000	-0.563151E-04
27.140000	-0.508953E-03
27.150000	-0.105370E-02
27.160000	-0.133885E-02
27.170000	-0.152088E-02
27.180000	-0.162173E-02
27.190000	-0.158607E-02
27.200000	-0.162555E-02
27.210000	-0.174982E-02
27.220000	-0.185660E-02
27.230000	-0.201479E-02
27.240000	-0.207742E-02
27.250000	-0.185132E-02
27.260000	-0.160770E-02
27.270000	-0.149261E-02
27.280000	-0.150287E-02
27.290000	-0.173000E-02
27.300000	-0.196663E-02
27.310000	-0.207945E-02
27.320000	-0.207391E-02
27.330000	-0.194164E-02
27.340000	-0.177133E-02
27.350000	-0.153966E-02
27.360000	-0.135724E-02
27.370000	-0.132204E-02
27.380000	-0.127058E-02
27.390000	-0.115086E-02
27.400000	-0.103078E-02
27.410000	-0.935635E-03
27.420000	-0.868449E-03
27.430000	-0.867883E-03
27.440000	-0.945494E-03
27.450000	-0.997370E-03
27.460000	-0.994223E-03
27.470000	-0.104034E-02
27.480000	-0.111113E-02
27.490000	-0.105502E-02
27.500000	-0.878045E-03
27.510000	-0.719039E-03
27.520000	-0.567821E-03
27.530000	-0.538577E-03
27.540000	-0.698826E-03
27.550000	-0.737234E-03
27.560000	-0.665289E-03
27.570000	-0.681762E-03
27.580000	-0.712003E-03
27.590000	-0.713841E-03
27.600000	-0.712543E-03
27.610000	-0.724191E-03
27.620000	-0.766664E-03
27.630000	-0.808037E-03
27.640000	-0.827255E-03
27.650000	-0.837186E-03
27.660000	-0.828068E-03
27.670000	-0.809487E-03
27.680000	-0.815621E-03
27.690000	-0.835458E-03
27.700000	-0.834159E-03
27.710000	-0.813813E-03
27.720000	-0.776460E-03
27.730000	-0.717094E-03
27.740000	-0.641391E-03
27.750000	-0.599539E-03
27.760000	-0.623578E-03
27.770000	-0.644740E-03
27.780000	-0.638931E-03
27.790000	-0.636645E-03
27.800000	-0.638310E-03
27.810000	-0.638320E-03
27.820000	-0.624958E-03
27.830000	-0.600334E-03
27.840000	-0.579979E-03
27.850000	-0.555554E-03
27.860000	-0.512364E-03
27.870000	-0.451786E-03
27.880000	-0.385882E-03
27.890000	-0.328059E-03
27.900000	-0.280180E-03
27.910000	-0.238760E-03
27.920000	-0.204157E-03
27.930000	-0.175340E-03
27.940000	-0.149558E-03
27.950000	-0.125701E-03
27.960000	-0.102959E-03
27.970000	-0.806853E-04
27.980000	-0.583664E-04
27.990000	-0.354493E-04
28.000000	-0.109663E-04
