0.000000	0.000000
0.010000	0.233833E-06
0.020000	0.299033E-06
0.030000	0.515835E-06
0.040000	0.667785E-06
0.050000	0.490847E-06
0.060000	-0.377832E-06
0.070000	-0.127271E-05
0.080000	-0.110085E-05
0.090000	-0.163851E-05
0.100000	-0.447914E-05
0.110000	-0.628206E-05
0.120000	-0.630953E-05
0.130000	-0.354563E-05
0.140000	-0.191692E-05
0.150000	-0.597016E-05
0.160000	-0.724586E-05
0.170000	-0.298745E-05
0.180000	0.230492E-05
0.190000	0.127802E-04
0.200000	0.190515E-04
0.210000	0.542003E-05
0.220000	-0.120223E-04
0.230000	-0.179901E-04
0.240000	-0.142199E-04
0.250000	-0.134185E-04
0.260000	-0.988983E-05
0.270000	0.739832E-05
0.280000	0.203754E-04
0.290000	0.114911E-04
0.300000	-0.142205E-04
0.310000	-0.394960E-04
0.320000	-0.289784E-04
0.330000	-0.933657E-05
0.340000	0.705055E-06
0.350000	-0.211761E-04
0.360000	-0.870715E-04
0.370000	-0.143740E-03
0.380000	-0.847692E-04
0.390000	0.109302E-04
0.400000	0.349863E-04
0.410000	0.310570E-04
0.420000	0.360020E-04
0.430000	0.437541E-04
0.440000	0.957002E-04
0.450000	0.953343E-04
0.460000	-0.368045E-04
0.470000	-0.155339E-03
0.480000	-0.168065E-03
0.490000	-0.836827E-04
0.500000	-0.222617E-04
0.510000	-0.746437E-04
0.520000	-0.998216E-04
0.530000	-0.419528E-04
0.540000	0.965681E-05
0.550000	-0.185692E-04
0.560000	-0.105027E-03
0.570000	-0.855611E-04
0.580000	-0.250206E-04
0.590000	0.572085E-04
0.600000	0.127350E-03
0.610000	-0.265135E-04
0.620000	-0.235301E-03
0.630000	-0.132064E-03
0.640000	0.582358E-04
0.650000	-0.537645E-04
0.660000	-0.121475E-03
0.670000	0.357457E-04
0.680000	0.961441E-04
0.690000	-0.440299E-04
0.700000	-0.128165E-03
0.710000	-0.582244E-04
0.720000	-0.279536E-04
0.730000	-0.157974E-03
0.740000	-0.234582E-03
0.750000	-0.279163E-03
0.760000	-0.375333E-03
0.770000	-0.370368E-03
0.780000	-0.147203E-03
0.790000	-0.966851E-04
0.800000	-0.137352E-03
0.810000	0.174688E-03
0.820000	0.377983E-03
0.830000	0.548039E-04
0.840000	-0.117028E-03
0.850000	-0.217306E-04
0.860000	-0.207942E-03
0.870000	-0.176989E-03
0.880000	0.113803E-03
0.890000	0.262744E-03
0.900000	0.124741E-03
0.910000	-0.200766E-03
0.920000	-0.436971E-03
0.930000	-0.359275E-03
0.940000	-0.298985E-03
0.950000	-0.303640E-03
0.960000	-0.194262E-03
0.970000	-0.107091E-03
0.980000	-0.656954E-04
0.990000	0.107232E-03
1.000000	0.448374E-03
1.010000	0.354835E-03
1.020000	-0.104186E-03
1.030000	-0.380075E-03
1.040000	-0.269453E-04
1.050000	0.291376E-03
1.060000	-0.360473E-04
1.070000	-0.456677E-03
1.080000	-0.112473E-03
1.090000	0.247789E-03
1.100000	0.214726E-04
1.110000	0.143287E-03
1.120000	0.378946E-03
1.130000	0.260482E-03
1.140000	0.142431E-03
1.150000	0.968989E-04
1.160000	0.826725E-04
1.170000	0.854725E-04
1.180000	-0.169073E-03
1.190000	-0.780652E-04
1.200000	0.362371E-03
1.210000	0.393684E-04
1.220000	-0.709161E-03
1.230000	-0.658053E-03
1.240000	-0.255934E-03
1.250000	-0.694847E-03
1.260000	-0.132208E-02
1.270000	-0.129461E-02
1.280000	-0.536875E-03
1.290000	0.174921E-03
1.300000	0.334677E-03
1.310000	0.371656E-03
1.320000	0.362428E-03
1.330000	-0.564341E-04
1.340000	-0.850050E-04
1.350000	0.193814E-03
1.360000	-0.172612E-03
1.370000	-0.431347E-03
1.380000	-0.419116E-03
1.390000	-0.329012E-03
1.400000	-0.528425E-03
1.410000	-0.801786E-03
1.420000	-0.475280E-03
1.430000	0.120400E-03
1.440000	0.214088E-03
1.450000	-0.308923E-03
1.460000	-0.380906E-03
1.470000	0.239243E-03
1.480000	0.726300E-03
1.490000	0.124806E-02
1.500000	0.156289E-02
1.510000	0.654653E-03
1.520000	-0.642083E-03
1.530000	-0.485384E-03
1.540000	0.375799E-03
1.550000	0.182127E-03
1.560000	-0.533741E-03
1.570000	-0.109977E-02
1.580000	-0.910235E-03
1.590000	0.111732E-03
1.600000	0.858509E-03
1.610000	0.699952E-03
1.620000	0.439309E-03
1.630000	0.390706E-03
1.640000	-0.245005E-03
1.650000	-0.104719E-02
1.660000	-0.111566E-02
1.670000	-0.899643E-03
1.680000	-0.834713E-03
1.690000	-0.408085E-03
1.700000	0.201626E-04
1.710000	-0.721238E-04
1.720000	0.160100E-03
1.730000	0.406236E-03
1.740000	0.322276E-03
1.750000	-0.191932E-03
1.760000	-0.511457E-03
1.770000	-0.637839E-03
1.780000	-0.573061E-03
1.790000	-0.123345E-03
1.800000	0.361437E-03
1.810000	0.750154E-03
1.820000	0.799935E-03
1.830000	0.415515E-03
1.840000	0.501086E-03
1.850000	0.543680E-03
1.860000	-0.328778E-03
1.870000	-0.105118E-02
1.880000	-0.429320E-03
1.890000	0.118580E-03
1.900000	-0.249575E-03
1.910000	-0.315594E-03
1.920000	-0.263869E-03
1.930000	0.702945E-04
1.940000	0.124689E-02
1.950000	0.174429E-02
1.960000	0.183048E-03
1.970000	-0.109335E-02
1.980000	-0.482056E-03
1.990000	-0.123227E-03
2.000000	-0.105091E-02
2.010000	-0.153839E-02
2.020000	-0.751059E-03
2.030000	-0.827017E-04
2.040000	0.547925E-03
2.050000	0.134108E-02
2.060000	0.808191E-03
2.070000	-0.114454E-03
2.080000	-0.278543E-03
2.090000	-0.284083E-03
2.100000	-0.375119E-03
2.110000	-0.646434E-03
2.120000	-0.367829E-03
2.130000	-0.330829E-04
2.140000	0.332285E-03
2.150000	0.511381E-03
2.160000	0.267380E-03
2.170000	0.266724E-03
2.180000	0.120767E-03
2.190000	-0.574210E-03
2.200000	-0.994896E-03
2.210000	-0.545610E-03
2.220000	-0.172837E-03
2.230000	0.938148E-04
2.240000	0.707165E-03
2.250000	0.114240E-02
2.260000	0.963660E-03
2.270000	0.701258E-03
2.280000	0.642550E-03
2.290000	0.675436E-03
2.300000	0.238079E-03
2.310000	-0.815305E-03
2.320000	-0.182299E-02
2.330000	-0.201200E-02
2.340000	-0.201238E-02
2.350000	-0.153802E-02
2.360000	-0.229870E-03
2.370000	0.614106E-03
2.380000	0.358514E-03
2.390000	0.506685E-03
2.400000	0.948051E-03
2.410000	0.837587E-03
2.420000	0.655168E-03
2.430000	0.102842E-02
2.440000	0.116218E-02
2.450000	0.553131E-03
2.460000	-0.277007E-03
2.470000	-0.498275E-03
2.480000	-0.580132E-03
2.490000	-0.267843E-03
2.500000	0.371711E-03
2.510000	0.919769E-03
2.520000	0.161678E-02
2.530000	0.190939E-02
2.540000	0.148127E-02
2.550000	0.329847E-03
2.560000	-0.418087E-03
2.570000	-0.700174E-03
2.580000	-0.142350E-02
2.590000	-0.275327E-02
2.600000	-0.342325E-02
2.610000	-0.279601E-02
2.620000	-0.224688E-02
2.630000	-0.251628E-02
2.640000	-0.176154E-02
2.650000	-0.924197E-03
2.660000	-0.758057E-03
2.670000	0.314393E-03
2.680000	0.220491E-02
2.690000	0.292858E-02
2.700000	0.241582E-02
2.710000	0.259980E-02
2.720000	0.294718E-02
2.730000	0.302752E-02
2.740000	0.358371E-02
2.750000	0.305366E-02
2.760000	-0.194192E-03
2.770000	-0.331880E-02
2.780000	-0.422668E-02
2.790000	-0.460649E-02
2.800000	-0.443634E-02
2.810000	-0.312599E-02
2.820000	-0.112864E-02
2.830000	0.657098E-03
2.840000	0.155765E-02
2.850000	0.118365E-02
2.860000	-0.230803E-03
2.870000	-0.166042E-02
2.880000	-0.280337E-02
2.890000	-0.287134E-02
2.900000	-0.260459E-02
2.910000	-0.374016E-02
2.920000	-0.536591E-02
2.930000	-0.533919E-02
2.940000	-0.390114E-02
2.950000	-0.243250E-02
2.960000	-0.146773E-02
2.970000	-0.192660E-02
2.980000	-0.279408E-02
2.990000	-0.189691E-02
3.000000	0.104981E-03
3.010000	0.160799E-02
3.020000	0.327598E-02
3.030000	0.570443E-02
3.040000	0.666323E-02
3.050000	0.427279E-02
3.060000	-0.572356E-03
3.070000	-0.469273E-02
3.080000	-0.612204E-02
3.090000	-0.462652E-02
3.100000	-0.132640E-02
3.110000	0.930427E-03
3.120000	0.334200E-03
3.130000	-0.239346E-02
3.140000	-0.403770E-02
3.150000	-0.415613E-02
3.160000	-0.493816E-02
3.170000	-0.549539E-02
3.180000	-0.462750E-02
3.190000	-0.318910E-02
3.200000	-0.228814E-02
3.210000	-0.199664E-02
3.220000	-0.190764E-02
3.230000	-0.183661E-02
3.240000	-0.497103E-03
3.250000	0.277044E-02
3.260000	0.617449E-02
3.270000	0.549156E-02
3.280000	0.177030E-02
3.290000	-0.301337E-03
3.300000	0.561812E-03
3.310000	0.252228E-02
3.320000	0.379420E-02
3.330000	0.319890E-02
3.340000	0.638391E-03
3.350000	-0.195468E-02
3.360000	-0.285401E-02
3.370000	-0.273154E-02
3.380000	-0.218920E-02
3.390000	-0.409643E-03
3.400000	0.185544E-02
3.410000	0.302200E-02
3.420000	0.732388E-03
3.430000	-0.417114E-02
3.440000	-0.807782E-02
3.450000	-0.838161E-02
3.460000	-0.669538E-02
3.470000	-0.556065E-02
3.480000	-0.479995E-02
3.490000	-0.377915E-02
3.500000	-0.157062E-02
3.510000	0.274221E-02
3.520000	0.810908E-02
3.530000	0.114498E-01
3.540000	0.101771E-01
3.550000	0.722586E-02
3.560000	0.597231E-02
3.570000	0.513650E-02
3.580000	0.416004E-02
3.590000	0.349128E-02
3.600000	0.343144E-02
3.610000	0.345269E-02
3.620000	0.179855E-02
3.630000	-0.167095E-02
3.640000	-0.394458E-02
3.650000	-0.458092E-02
3.660000	-0.548829E-02
3.670000	-0.587270E-02
3.680000	-0.285469E-02
3.690000	0.293422E-02
3.700000	0.859986E-02
3.710000	0.116741E-01
3.720000	0.113778E-01
3.730000	0.868898E-02
3.740000	0.366247E-02
3.750000	-0.258300E-02
3.760000	-0.666303E-02
3.770000	-0.745191E-02
3.780000	-0.629463E-02
3.790000	-0.412227E-02
3.800000	-0.274900E-02
3.810000	-0.250133E-02
3.820000	-0.797206E-03
3.830000	0.567748E-02
3.840000	0.163597E-01
3.850000	0.264568E-01
3.860000	0.299329E-01
3.870000	0.241657E-01
3.880000	0.113848E-01
3.890000	-0.247214E-02
3.900000	-0.120576E-01
3.910000	-0.163872E-01
3.920000	-0.156305E-01
3.930000	-0.107991E-01
3.940000	-0.591438E-02
3.950000	-0.290059E-02
3.960000	-0.598963E-03
3.970000	0.257938E-02
3.980000	0.559934E-02
3.990000	0.788258E-02
4.000000	0.869165E-02
4.010000	0.625374E-02
4.020000	0.105070E-02
4.030000	-0.374231E-02
4.040000	-0.604012E-02
4.050000	-0.634067E-02
4.060000	-0.576671E-02
4.070000	-0.391507E-02
4.080000	-0.142833E-02
4.090000	0.113801E-02
4.100000	0.457214E-02
4.110000	0.989156E-02
4.120000	0.171632E-01
4.130000	0.239038E-01
4.140000	0.268712E-01
4.150000	0.226531E-01
4.160000	0.112160E-01
4.170000	-0.171451E-02
4.180000	-0.105449E-01
4.190000	-0.170880E-01
4.200000	-0.227006E-01
4.210000	-0.236440E-01
4.220000	-0.178561E-01
4.230000	-0.893847E-02
4.240000	-0.136104E-02
4.250000	0.203224E-02
4.260000	0.221411E-02
4.270000	0.263308E-02
4.280000	0.510609E-02
4.290000	0.107342E-01
4.300000	0.166155E-01
4.310000	0.181411E-01
4.320000	0.157584E-01
4.330000	0.140227E-01
4.340000	0.141120E-01
4.350000	0.159793E-01
4.360000	0.184154E-01
4.370000	0.179215E-01
4.380000	0.110747E-01
4.390000	-0.161527E-02
4.400000	-0.164017E-01
4.410000	-0.285593E-01
4.420000	-0.339179E-01
4.430000	-0.313001E-01
4.440000	-0.223985E-01
4.450000	-0.888234E-02
4.460000	0.875919E-02
4.470000	0.277192E-01
4.480000	0.431078E-01
4.490000	0.513115E-01
4.500000	0.536770E-01
4.510000	0.523239E-01
4.520000	0.470256E-01
4.530000	0.367889E-01
4.540000	0.215459E-01
4.550000	0.397577E-02
4.560000	-0.127925E-01
4.570000	-0.290568E-01
4.580000	-0.441741E-01
4.590000	-0.560145E-01
4.600000	-0.626296E-01
4.610000	-0.621997E-01
4.620000	-0.542106E-01
4.630000	-0.409191E-01
4.640000	-0.271339E-01
4.650000	-0.178065E-01
4.660000	-0.129089E-01
4.670000	-0.753180E-02
4.680000	0.441967E-02
4.690000	0.240432E-01
4.700000	0.468674E-01
4.710000	0.686537E-01
4.720000	0.876192E-01
4.730000	0.102284E+00
4.740000	0.109154E+00
4.750000	0.105984E+00
4.760000	0.943951E-01
4.770000	0.780490E-01
4.780000	0.612136E-01
4.790000	0.484637E-01
4.800000	0.406438E-01
4.810000	0.355515E-01
4.820000	0.347965E-01
4.830000	0.424312E-01
4.840000	0.543834E-01
4.850000	0.588819E-01
4.860000	0.473382E-01
4.870000	0.230184E-01
4.880000	-0.242908E-02
4.890000	-0.191670E-01
4.900000	-0.247259E-01
4.910000	-0.227066E-01
4.920000	-0.185862E-01
4.930000	-0.171935E-01
4.940000	-0.220172E-01
4.950000	-0.294637E-01
4.960000	-0.318178E-01
4.970000	-0.236539E-01
4.980000	-0.366962E-02
4.990000	0.219759E-01
5.000000	0.410289E-01
5.010000	0.471589E-01
5.020000	0.436996E-01
5.030000	0.373952E-01
5.040000	0.296446E-01
5.050000	0.156295E-01
5.060000	-0.916031E-02
5.070000	-0.442424E-01
5.080000	-0.824330E-01
5.090000	-0.112067E+00
5.100000	-0.122445E+00
5.110000	-0.110603E+00
5.120000	-0.845060E-01
5.130000	-0.598360E-01
5.140000	-0.491451E-01
5.150000	-0.526005E-01
5.160000	-0.616968E-01
5.170000	-0.673582E-01
5.180000	-0.648368E-01
5.190000	-0.578216E-01
5.200000	-0.539063E-01
5.210000	-0.521161E-01
5.220000	-0.431492E-01
5.230000	-0.227043E-01
5.240000	0.465510E-02
5.250000	0.281938E-01
5.260000	0.410304E-01
5.270000	0.448497E-01
5.280000	0.443296E-01
5.290000	0.426049E-01
5.300000	0.423037E-01
5.310000	0.443936E-01
5.320000	0.460228E-01
5.330000	0.405047E-01
5.340000	0.231196E-01
5.350000	-0.308699E-02
5.360000	-0.276299E-01
5.370000	-0.418582E-01
5.380000	-0.481382E-01
5.390000	-0.550353E-01
5.400000	-0.655982E-01
5.410000	-0.739051E-01
5.420000	-0.715359E-01
5.430000	-0.541842E-01
5.440000	-0.260157E-01
5.450000	0.245673E-02
5.460000	0.231045E-01
5.470000	0.324623E-01
5.480000	0.284364E-01
5.490000	0.959070E-02
5.500000	-0.196323E-01
5.510000	-0.509378E-01
5.520000	-0.766552E-01
5.530000	-0.893820E-01
5.540000	-0.859230E-01
5.550000	-0.704113E-01
5.560000	-0.520141E-01
5.570000	-0.379824E-01
5.580000	-0.305754E-01
5.590000	-0.262771E-01
5.600000	-0.202569E-01
5.610000	-0.132553E-01
5.620000	-0.113520E-01
5.630000	-0.180441E-01
5.640000	-0.308593E-01
5.650000	-0.448360E-01
5.660000	-0.569862E-01
5.670000	-0.691753E-01
5.680000	-0.831729E-01
5.690000	-0.946153E-01
5.700000	-0.966145E-01
5.710000	-0.859432E-01
5.720000	-0.679843E-01
5.730000	-0.532030E-01
5.740000	-0.464053E-01
5.750000	-0.459614E-01
5.760000	-0.491176E-01
5.770000	-0.533053E-01
5.780000	-0.546009E-01
5.790000	-0.490898E-01
5.800000	-0.350015E-01
5.810000	-0.156203E-01
5.820000	0.168344E-02
5.830000	0.874076E-02
5.840000	0.285465E-02
5.850000	-0.160694E-01
5.860000	-0.467187E-01
5.870000	-0.823813E-01
5.880000	-0.115623E+00
5.890000	-0.141703E+00
5.900000	-0.155340E+00
5.910000	-0.151845E+00
5.920000	-0.130911E+00
5.930000	-0.954160E-01
5.940000	-0.504378E-01
5.950000	-0.200937E-02
5.960000	0.467028E-01
5.970000	0.925061E-01
5.980000	0.131171E+00
5.990000	0.162094E+00
6.000000	0.184310E+00
6.010000	0.195686E+00
6.020000	0.198173E+00
6.030000	0.194589E+00
6.040000	0.184468E+00
6.050000	0.170491E+00
6.060000	0.160432E+00
6.070000	0.159096E+00
6.080000	0.165159E+00
6.090000	0.171376E+00
6.100000	0.163908E+00
6.110000	0.131161E+00
6.120000	0.764793E-01
6.130000	0.152916E-01
6.140000	-0.379069E-01
6.150000	-0.751472E-01
6.160000	-0.938345E-01
6.170000	-0.951179E-01
6.180000	-0.842010E-01
6.190000	-0.682436E-01
6.200000	-0.556236E-01
6.210000	-0.500906E-01
6.220000	-0.469305E-01
6.230000	-0.394878E-01
6.240000	-0.263826E-01
6.250000	-0.734335E-02
6.260000	0.165498E-01
6.270000	0.416116E-01
6.280000	0.635745E-01
6.290000	0.802610E-01
6.300000	0.933242E-01
6.310000	0.105509E+00
6.320000	0.118519E+00
6.330000	0.130313E+00
6.340000	0.135765E+00
6.350000	0.129512E+00
6.360000	0.110767E+00
6.370000	0.876127E-01
6.380000	0.691056E-01
6.390000	0.576364E-01
6.400000	0.522423E-01
6.410000	0.495003E-01
6.420000	0.430403E-01
6.430000	0.280514E-01
6.440000	0.487971E-02
6.450000	-0.238006E-01
6.460000	-0.521256E-01
6.470000	-0.711813E-01
6.480000	-0.768186E-01
6.490000	-0.705013E-01
6.500000	-0.559816E-01
6.510000	-0.385965E-01
6.520000	-0.215785E-01
6.530000	-0.396412E-02
6.540000	0.165187E-01
6.550000	0.416858E-01
6.560000	0.685104E-01
6.570000	0.890740E-01
6.580000	0.974453E-01
6.590000	0.893393E-01
6.600000	0.618230E-01
6.610000	0.207143E-01
6.620000	-0.199483E-01
6.630000	-0.480253E-01
6.640000	-0.596463E-01
6.650000	-0.573885E-01
6.660000	-0.469841E-01
6.670000	-0.329687E-01
6.680000	-0.148682E-01
6.690000	0.708374E-02
6.700000	0.277769E-01
6.710000	0.439792E-01
6.720000	0.574577E-01
6.730000	0.724121E-01
6.740000	0.927600E-01
6.750000	0.117205E+00
6.760000	0.137689E+00
6.770000	0.147155E+00
6.780000	0.146646E+00
6.790000	0.137466E+00
6.800000	0.117597E+00
6.810000	0.921763E-01
6.820000	0.706952E-01
6.830000	0.578400E-01
6.840000	0.542128E-01
6.850000	0.569481E-01
6.860000	0.611775E-01
6.870000	0.639215E-01
6.880000	0.662282E-01
6.890000	0.721709E-01
6.900000	0.797387E-01
6.910000	0.825641E-01
6.920000	0.795204E-01
6.930000	0.749536E-01
6.940000	0.747943E-01
6.950000	0.826916E-01
6.960000	0.957365E-01
6.970000	0.105572E+00
6.980000	0.109195E+00
6.990000	0.111153E+00
7.000000	0.112290E+00
7.010000	0.105751E+00
7.020000	0.785646E-01
7.030000	0.182050E-01
7.040000	-0.758174E-01
7.050000	-0.189036E+00
7.060000	-0.302486E+00
7.070000	-0.399265E+00
7.080000	-0.466198E+00
7.090000	-0.499086E+00
7.100000	-0.502749E+00
7.110000	-0.482615E+00
7.120000	-0.440904E+00
7.130000	-0.383176E+00
7.140000	-0.319896E+00
7.150000	-0.261351E+00
7.160000	-0.212310E+00
7.170000	-0.167810E+00
7.180000	-0.113716E+00
7.190000	-0.446968E-01
7.200000	0.240372E-01
7.210000	0.721148E-01
7.220000	0.962404E-01
7.230000	0.106951E+00
7.240000	0.110835E+00
7.250000	0.106933E+00
7.260000	0.955224E-01
7.270000	0.793748E-01
7.280000	0.645339E-01
7.290000	0.579806E-01
7.300000	0.635686E-01
7.310000	0.850393E-01
7.320000	0.121789E+00
7.330000	0.163641E+00
7.340000	0.193863E+00
7.350000	0.199866E+00
7.360000	0.181505E+00
7.370000	0.148972E+00
7.380000	0.116084E+00
7.390000	0.949831E-01
7.400000	0.900145E-01
7.410000	0.975326E-01
7.420000	0.110280E+00
7.430000	0.120381E+00
7.440000	0.122763E+00
7.450000	0.115064E+00
7.460000	0.960524E-01
7.470000	0.716346E-01
7.480000	0.525267E-01
7.490000	0.410796E-01
7.500000	0.305716E-01
7.510000	0.142193E-01
7.520000	-0.111907E-01
7.530000	-0.459551E-01
7.540000	-0.881792E-01
7.550000	-0.133348E+00
7.560000	-0.175588E+00
7.570000	-0.208801E+00
7.580000	-0.229594E+00
7.590000	-0.238811E+00
7.600000	-0.239687E+00
7.610000	-0.238149E+00
7.620000	-0.239390E+00
7.630000	-0.240222E+00
7.640000	-0.232655E+00
7.650000	-0.211576E+00
7.660000	-0.173605E+00
7.670000	-0.120699E+00
7.680000	-0.644715E-01
7.690000	-0.182070E-01
7.700000	0.140023E-01
7.710000	0.339770E-01
7.720000	0.431187E-01
7.730000	0.416084E-01
7.740000	0.306265E-01
7.750000	0.161742E-01
7.760000	0.639103E-02
7.770000	0.297173E-02
7.780000	0.351430E-02
7.790000	0.864231E-02
7.800000	0.200480E-01
7.810000	0.375273E-01
7.820000	0.600544E-01
7.830000	0.814100E-01
7.840000	0.912153E-01
7.850000	0.775014E-01
7.860000	0.348637E-01
7.870000	-0.272847E-01
7.880000	-0.873675E-01
7.890000	-0.130341E+00
7.900000	-0.158733E+00
7.910000	-0.183753E+00
7.920000	-0.209938E+00
7.930000	-0.232221E+00
7.940000	-0.243259E+00
7.950000	-0.241164E+00
7.960000	-0.232186E+00
7.970000	-0.224550E+00
7.980000	-0.221981E+00
7.990000	-0.223124E+00
8.000000	-0.220996E+00
8.010000	-0.206512E+00
8.020000	-0.171430E+00
8.030000	-0.112829E+00
8.040000	-0.437899E-01
8.050000	0.134618E-01
8.060000	0.515832E-01
8.070000	0.819095E-01
8.080000	0.114206E+00
8.090000	0.150483E+00
8.100000	0.191526E+00
8.110000	0.233947E+00
8.120000	0.270302E+00
8.130000	0.292552E+00
8.140000	0.295206E+00
8.150000	0.279575E+00
8.160000	0.255090E+00
8.170000	0.234821E+00
8.180000	0.226385E+00
8.190000	0.229288E+00
8.200000	0.237394E+00
8.210000	0.245764E+00
8.220000	0.252081E+00
8.230000	0.254581E+00
8.240000	0.255141E+00
8.250000	0.256779E+00
8.260000	0.258242E+00
8.270000	0.256893E+00
8.280000	0.251571E+00
8.290000	0.240033E+00
8.300000	0.215902E+00
8.310000	0.174700E+00
8.320000	0.119465E+00
8.330000	0.594946E-01
8.340000	0.328477E-03
8.350000	-0.577802E-01
8.360000	-0.110993E+00
8.370000	-0.153545E+00
8.380000	-0.185810E+00
8.390000	-0.212968E+00
8.400000	-0.236954E+00
8.410000	-0.254609E+00
8.420000	-0.259440E+00
8.430000	-0.248217E+00
8.440000	-0.225448E+00
8.450000	-0.201489E+00
8.460000	-0.184963E+00
8.470000	-0.178007E+00
8.480000	-0.181305E+00
8.490000	-0.196664E+00
8.500000	-0.221764E+00
8.510000	-0.244150E+00
8.520000	-0.250423E+00
8.530000	-0.234734E+00
8.540000	-0.204827E+00
8.550000	-0.172524E+00
8.560000	-0.144376E+00
8.570000	-0.122831E+00
8.580000	-0.103454E+00
8.590000	-0.819484E-01
8.600000	-0.568018E-01
8.610000	-0.305932E-01
8.620000	-0.939846E-02
8.630000	0.806606E-02
8.640000	0.277993E-01
8.650000	0.501496E-01
8.660000	0.767022E-01
8.670000	0.113433E+00
8.680000	0.158896E+00
8.690000	0.202522E+00
8.700000	0.233337E+00
8.710000	0.247168E+00
8.720000	0.249818E+00
8.730000	0.250001E+00
8.740000	0.246907E+00
8.750000	0.233853E+00
8.760000	0.210141E+00
8.770000	0.180016E+00
8.780000	0.145060E+00
8.790000	0.105466E+00
8.800000	0.654492E-01
8.810000	0.299584E-01
8.820000	0.958008E-03
8.830000	-0.212927E-01
8.840000	-0.356722E-01
8.850000	-0.375171E-01
8.860000	-0.230943E-01
8.870000	0.349112E-02
8.880000	0.328353E-01
8.890000	0.556366E-01
8.900000	0.658786E-01
8.910000	0.647294E-01
8.920000	0.576369E-01
8.930000	0.459340E-01
8.940000	0.272103E-01
8.950000	0.560087E-02
8.960000	-0.120309E-01
8.970000	-0.215198E-01
8.980000	-0.221582E-01
8.990000	-0.145196E-01
9.000000	0.757077E-03
9.010000	0.232280E-01
9.020000	0.495508E-01
9.030000	0.714609E-01
9.040000	0.817206E-01
9.050000	0.790660E-01
9.060000	0.677166E-01
9.070000	0.488155E-01
9.080000	0.195106E-01
9.090000	-0.196714E-01
9.100000	-0.624282E-01
9.110000	-0.100659E+00
9.120000	-0.132123E+00
9.130000	-0.158198E+00
9.140000	-0.180011E+00
9.150000	-0.199375E+00
9.160000	-0.211903E+00
9.170000	-0.207856E+00
9.180000	-0.185853E+00
9.190000	-0.155743E+00
9.200000	-0.121634E+00
9.210000	-0.793374E-01
9.220000	-0.309731E-01
9.230000	0.140260E-01
9.240000	0.477592E-01
9.250000	0.645723E-01
9.260000	0.641631E-01
9.270000	0.506659E-01
9.280000	0.258479E-01
9.290000	-0.124337E-01
9.300000	-0.649172E-01
9.310000	-0.125479E+00
9.320000	-0.181414E+00
9.330000	-0.222202E+00
9.340000	-0.246104E+00
9.350000	-0.254719E+00
9.360000	-0.248027E+00
9.370000	-0.229437E+00
9.380000	-0.205725E+00
9.390000	-0.181366E+00
9.400000	-0.155526E+00
9.410000	-0.121833E+00
9.420000	-0.758263E-01
9.430000	-0.237098E-01
9.440000	0.207908E-01
9.450000	0.511670E-01
9.460000	0.734379E-01
9.470000	0.100504E+00
9.480000	0.139784E+00
9.490000	0.184628E+00
9.500000	0.222112E+00
9.510000	0.249681E+00
9.520000	0.273659E+00
9.530000	0.297900E+00
9.540000	0.318891E+00
9.550000	0.326249E+00
9.560000	0.313119E+00
9.570000	0.286548E+00
9.580000	0.258108E+00
9.590000	0.230270E+00
9.600000	0.200400E+00
9.610000	0.169936E+00
9.620000	0.139252E+00
9.630000	0.106816E+00
9.640000	0.729712E-01
9.650000	0.373404E-01
9.660000	-0.348165E-03
9.670000	-0.371611E-01
9.680000	-0.707918E-01
9.690000	-0.961098E-01
9.700000	-0.106704E+00
9.710000	-0.103025E+00
9.720000	-0.929781E-01
9.730000	-0.863827E-01
9.740000	-0.900161E-01
9.750000	-0.102318E+00
9.760000	-0.113779E+00
9.770000	-0.116243E+00
9.780000	-0.107730E+00
9.790000	-0.869405E-01
9.800000	-0.553489E-01
9.810000	-0.216079E-01
9.820000	0.149143E-02
9.830000	0.456972E-02
9.840000	-0.104570E-01
9.850000	-0.314435E-01
9.860000	-0.520113E-01
9.870000	-0.761194E-01
9.880000	-0.105175E+00
9.890000	-0.131320E+00
9.900000	-0.142930E+00
9.910000	-0.128506E+00
9.920000	-0.865882E-01
9.930000	-0.307413E-01
9.940000	0.235658E-01
9.950000	0.682754E-01
9.960000	0.102193E+00
9.970000	0.124832E+00
9.980000	0.136471E+00
9.990000	0.137917E+00
10.000000	0.131131E+00
10.010000	0.117216E+00
10.020000	0.953856E-01
10.030000	0.668852E-01
10.040000	0.371075E-01
10.050000	0.124522E-01
10.060000	-0.392437E-03
10.070000	0.946253E-03
10.080000	0.137213E-01
10.090000	0.352614E-01
10.100000	0.637658E-01
10.110000	0.968650E-01
10.120000	0.130716E+00
10.130000	0.162974E+00
10.140000	0.192312E+00
10.150000	0.216991E+00
10.160000	0.237258E+00
10.170000	0.252655E+00
10.180000	0.260587E+00
10.190000	0.255356E+00
10.200000	0.226413E+00
10.210000	0.165718E+00
10.220000	0.742931E-01
10.230000	-0.351503E-01
10.240000	-0.138229E+00
10.250000	-0.212260E+00
10.260000	-0.251078E+00
10.270000	-0.265564E+00
10.280000	-0.268995E+00
10.290000	-0.265440E+00
10.300000	-0.250724E+00
10.310000	-0.220661E+00
10.320000	-0.175416E+00
10.330000	-0.121896E+00
10.340000	-0.737912E-01
10.350000	-0.397733E-01
10.360000	-0.151647E-01
10.370000	0.945436E-02
10.380000	0.402784E-01
10.390000	0.750095E-01
10.400000	0.100837E+00
10.410000	0.109475E+00
10.420000	0.104570E+00
10.430000	0.950481E-01
10.440000	0.866132E-01
10.450000	0.800275E-01
10.460000	0.737316E-01
10.470000	0.661146E-01
10.480000	0.533996E-01
10.490000	0.311434E-01
10.500000	0.203467E-03
10.510000	-0.306972E-01
10.520000	-0.523447E-01
10.530000	-0.651205E-01
10.540000	-0.754757E-01
10.550000	-0.895902E-01
10.560000	-0.106681E+00
10.570000	-0.121589E+00
10.580000	-0.130639E+00
10.590000	-0.132308E+00
10.600000	-0.125982E+00
10.610000	-0.111605E+00
10.620000	-0.891164E-01
10.630000	-0.613086E-01
10.640000	-0.334216E-01
10.650000	-0.812253E-02
10.660000	0.149089E-01
10.670000	0.339888E-01
10.680000	0.437644E-01
10.690000	0.378042E-01
10.700000	0.140341E-01
10.710000	-0.199660E-01
10.720000	-0.539500E-01
10.730000	-0.828618E-01
10.740000	-0.105496E+00
10.750000	-0.125199E+00
10.760000	-0.144712E+00
10.770000	-0.164028E+00
10.780000	-0.182074E+00
10.790000	-0.196774E+00
10.800000	-0.204323E+00
10.810000	-0.200911E+00
10.820000	-0.182913E+00
10.830000	-0.148359E+00
10.840000	-0.103166E+00
10.850000	-0.577693E-01
10.860000	-0.181980E-01
10.870000	0.146530E-01
10.880000	0.413638E-01
10.890000	0.617965E-01
10.900000	0.763926E-01
10.910000	0.839292E-01
10.920000	0.815391E-01
10.930000	0.691416E-01
10.940000	0.541962E-01
10.950000	0.473799E-01
10.960000	0.553456E-01
10.970000	0.766930E-01
10.980000	0.102181E+00
10.990000	0.121198E+00
11.000000	0.129737E+00
11.010000	0.133826E+00
11.020000	0.141724E+00
11.030000	0.156369E+00
11.040000	0.174527E+00
11.050000	0.189907E+00
11.060000	0.197593E+00
11.070000	0.196571E+00
11.080000	0.191754E+00
11.090000	0.187602E+00
11.100000	0.181324E+00
11.110000	0.170822E+00
11.120000	0.156880E+00
11.130000	0.140508E+00
11.140000	0.123639E+00
11.150000	0.109796E+00
11.160000	0.101920E+00
11.170000	0.995046E-01
11.180000	0.985542E-01
11.190000	0.956444E-01
11.200000	0.896291E-01
11.210000	0.808128E-01
11.220000	0.653361E-01
11.230000	0.375582E-01
11.240000	0.757740E-03
11.250000	-0.368732E-01
11.260000	-0.693744E-01
11.270000	-0.942391E-01
11.280000	-0.115328E+00
11.290000	-0.137931E+00
11.300000	-0.162522E+00
11.310000	-0.186019E+00
11.320000	-0.207096E+00
11.330000	-0.224187E+00
11.340000	-0.229265E+00
11.350000	-0.206868E+00
11.360000	-0.152771E+00
11.370000	-0.891554E-01
11.380000	-0.466932E-01
11.390000	-0.383197E-01
11.400000	-0.516109E-01
11.410000	-0.625554E-01
11.420000	-0.554197E-01
11.430000	-0.328123E-01
11.440000	-0.605325E-02
11.450000	0.169135E-01
11.460000	0.327849E-01
11.470000	0.420254E-01
11.480000	0.459603E-01
11.490000	0.460666E-01
11.500000	0.471104E-01
11.510000	0.570414E-01
11.520000	0.736251E-01
11.530000	0.846322E-01
11.540000	0.845578E-01
11.550000	0.760340E-01
11.560000	0.631642E-01
11.570000	0.493819E-01
11.580000	0.358366E-01
11.590000	0.214389E-01
11.600000	0.737690E-02
11.610000	-0.520119E-03
11.620000	0.228812E-03
11.630000	0.545218E-02
11.640000	0.803627E-02
11.650000	0.689760E-02
11.660000	0.884630E-02
11.670000	0.209906E-01
11.680000	0.444956E-01
11.690000	0.764890E-01
11.700000	0.109072E+00
11.710000	0.134948E+00
11.720000	0.149904E+00
11.730000	0.151173E+00
11.740000	0.140992E+00
11.750000	0.127611E+00
11.760000	0.120091E+00
11.770000	0.119778E+00
11.780000	0.122412E+00
11.790000	0.120175E+00
11.800000	0.108709E+00
11.810000	0.949923E-01
11.820000	0.895185E-01
11.830000	0.943867E-01
11.840000	0.104534E+00
11.850000	0.111738E+00
11.860000	0.110520E+00
11.870000	0.102547E+00
11.880000	0.928447E-01
11.890000	0.836033E-01
11.900000	0.718522E-01
11.910000	0.539653E-01
11.920000	0.292070E-01
11.930000	0.338102E-02
11.940000	-0.153287E-01
11.950000	-0.253394E-01
11.960000	-0.303396E-01
11.970000	-0.368022E-01
11.980000	-0.508233E-01
11.990000	-0.714195E-01
12.000000	-0.932634E-01
12.010000	-0.111246E+00
12.020000	-0.122212E+00
12.030000	-0.127345E+00
12.040000	-0.131590E+00
12.050000	-0.136168E+00
12.060000	-0.136068E+00
12.070000	-0.128771E+00
12.080000	-0.116948E+00
12.090000	-0.103769E+00
12.100000	-0.935472E-01
12.110000	-0.891772E-01
12.120000	-0.876365E-01
12.130000	-0.828069E-01
12.140000	-0.705236E-01
12.150000	-0.514837E-01
12.160000	-0.324469E-01
12.170000	-0.202384E-01
12.180000	-0.173567E-01
12.190000	-0.239998E-01
12.200000	-0.353099E-01
12.210000	-0.448779E-01
12.220000	-0.494683E-01
12.230000	-0.511075E-01
12.240000	-0.518752E-01
12.250000	-0.542217E-01
12.260000	-0.599404E-01
12.270000	-0.675854E-01
12.280000	-0.734231E-01
12.290000	-0.744190E-01
12.300000	-0.703465E-01
12.310000	-0.628317E-01
12.320000	-0.555029E-01
12.330000	-0.506721E-01
12.340000	-0.487096E-01
12.350000	-0.492138E-01
12.360000	-0.516666E-01
12.370000	-0.554995E-01
12.380000	-0.600032E-01
12.390000	-0.631005E-01
12.400000	-0.638940E-01
12.410000	-0.624261E-01
12.420000	-0.585641E-01
12.430000	-0.523975E-01
12.440000	-0.467139E-01
12.450000	-0.439654E-01
12.460000	-0.410689E-01
12.470000	-0.336649E-01
12.480000	-0.199024E-01
12.490000	0.101398E-02
12.500000	0.262246E-01
12.510000	0.508101E-01
12.520000	0.715371E-01
12.530000	0.855733E-01
12.540000	0.927658E-01
12.550000	0.964221E-01
12.560000	0.100957E+00
12.570000	0.107557E+00
12.580000	0.112423E+00
12.590000	0.107099E+00
12.600000	0.874089E-01
12.610000	0.597751E-01
12.620000	0.354070E-01
12.630000	0.220090E-01
12.640000	0.194212E-01
12.650000	0.205094E-01
12.660000	0.173005E-01
12.670000	0.596651E-02
12.680000	-0.114144E-01
12.690000	-0.290740E-01
12.700000	-0.464569E-01
12.710000	-0.680584E-01
12.720000	-0.920046E-01
12.730000	-0.110230E+00
12.740000	-0.115715E+00
12.750000	-0.106867E+00
12.760000	-0.882954E-01
12.770000	-0.684644E-01
12.780000	-0.515431E-01
12.790000	-0.366165E-01
12.800000	-0.210990E-01
12.810000	-0.320304E-02
12.820000	0.133753E-01
12.830000	0.246474E-01
12.840000	0.300986E-01
12.850000	0.286449E-01
12.860000	0.202860E-01
12.870000	0.683704E-02
12.880000	-0.901187E-02
12.890000	-0.207454E-01
12.900000	-0.209690E-01
12.910000	-0.862408E-02
12.920000	0.848440E-02
12.930000	0.194526E-01
12.940000	0.217020E-01
12.950000	0.203711E-01
12.960000	0.212242E-01
12.970000	0.231466E-01
12.980000	0.193746E-01
12.990000	0.242433E-02
13.000000	-0.244126E-01
13.010000	-0.454161E-01
13.020000	-0.484721E-01
13.030000	-0.348304E-01
13.040000	-0.170921E-01
13.050000	-0.741895E-02
13.060000	-0.761285E-02
13.070000	-0.109873E-01
13.080000	-0.108375E-01
13.090000	-0.378504E-02
13.100000	0.590663E-02
13.110000	0.101554E-01
13.120000	0.628786E-02
13.130000	-0.332145E-02
13.140000	-0.151577E-01
13.150000	-0.255301E-01
13.160000	-0.329519E-01
13.170000	-0.396147E-01
13.180000	-0.483130E-01
13.190000	-0.578418E-01
13.200000	-0.647586E-01
13.210000	-0.661281E-01
13.220000	-0.624012E-01
13.230000	-0.550231E-01
13.240000	-0.435841E-01
13.250000	-0.298970E-01
13.260000	-0.185319E-01
13.270000	-0.116337E-01
13.280000	-0.759407E-02
13.290000	-0.350302E-02
13.300000	-0.118640E-02
13.310000	-0.355982E-02
13.320000	-0.770809E-02
13.330000	-0.821253E-02
13.340000	-0.177096E-02
13.350000	0.946797E-02
13.360000	0.220696E-01
13.370000	0.334964E-01
13.380000	0.419420E-01
13.390000	0.449377E-01
13.400000	0.414384E-01
13.410000	0.351817E-01
13.420000	0.290055E-01
13.430000	0.213469E-01
13.440000	0.110913E-01
13.450000	-0.172884E-02
13.460000	-0.158512E-01
13.470000	-0.276029E-01
13.480000	-0.344407E-01
13.490000	-0.364333E-01
13.500000	-0.390728E-01
13.510000	-0.465133E-01
13.520000	-0.553885E-01
13.530000	-0.607578E-01
13.540000	-0.619698E-01
13.550000	-0.624147E-01
13.560000	-0.641026E-01
13.570000	-0.649345E-01
13.580000	-0.624573E-01
13.590000	-0.586125E-01
13.600000	-0.562068E-01
13.610000	-0.557095E-01
13.620000	-0.568359E-01
13.630000	-0.555455E-01
13.640000	-0.470186E-01
13.650000	-0.320913E-01
13.660000	-0.160904E-01
13.670000	-0.293135E-02
13.680000	0.615350E-02
13.690000	0.132150E-01
13.700000	0.193231E-01
13.710000	0.245686E-01
13.720000	0.302573E-01
13.730000	0.370680E-01
13.740000	0.404208E-01
13.750000	0.355888E-01
13.760000	0.253039E-01
13.770000	0.154306E-01
13.780000	0.111340E-01
13.790000	0.141698E-01
13.800000	0.192422E-01
13.810000	0.220466E-01
13.820000	0.239630E-01
13.830000	0.275855E-01
13.840000	0.334107E-01
13.850000	0.400728E-01
13.860000	0.451401E-01
13.870000	0.468881E-01
13.880000	0.443431E-01
13.890000	0.370023E-01
13.900000	0.267098E-01
13.910000	0.171989E-01
13.920000	0.104685E-01
13.930000	0.704090E-02
13.940000	0.720613E-02
13.950000	0.887432E-02
13.960000	0.101606E-01
13.970000	0.106160E-01
13.980000	0.994665E-02
13.990000	0.100916E-01
14.000000	0.129902E-01
14.010000	0.183204E-01
14.020000	0.239257E-01
14.030000	0.278712E-01
14.040000	0.291005E-01
14.050000	0.279127E-01
14.060000	0.259991E-01
14.070000	0.239949E-01
14.080000	0.238094E-01
14.090000	0.287105E-01
14.100000	0.366494E-01
14.110000	0.433293E-01
14.120000	0.471217E-01
14.130000	0.494325E-01
14.140000	0.519886E-01
14.150000	0.552992E-01
14.160000	0.587880E-01
14.170000	0.617888E-01
14.180000	0.637263E-01
14.190000	0.621942E-01
14.200000	0.542404E-01
14.210000	0.404181E-01
14.220000	0.224825E-01
14.230000	0.389625E-02
14.240000	-0.114072E-01
14.250000	-0.238334E-01
14.260000	-0.346245E-01
14.270000	-0.423291E-01
14.280000	-0.455681E-01
14.290000	-0.450824E-01
14.300000	-0.430782E-01
14.310000	-0.386992E-01
14.320000	-0.309468E-01
14.330000	-0.220314E-01
14.340000	-0.155510E-01
14.350000	-0.142801E-01
14.360000	-0.191403E-01
14.370000	-0.298748E-01
14.380000	-0.443807E-01
14.390000	-0.589556E-01
14.400000	-0.722005E-01
14.410000	-0.824929E-01
14.420000	-0.860746E-01
14.430000	-0.820377E-01
14.440000	-0.742727E-01
14.450000	-0.673301E-01
14.460000	-0.630623E-01
14.470000	-0.603054E-01
14.480000	-0.583363E-01
14.490000	-0.587011E-01
14.500000	-0.633411E-01
14.510000	-0.711358E-01
14.520000	-0.807845E-01
14.530000	-0.899417E-01
14.540000	-0.940819E-01
14.550000	-0.924711E-01
14.560000	-0.888173E-01
14.570000	-0.837558E-01
14.580000	-0.765034E-01
14.590000	-0.695142E-01
14.600000	-0.640528E-01
14.610000	-0.584743E-01
14.620000	-0.514354E-01
14.630000	-0.436692E-01
14.640000	-0.362994E-01
14.650000	-0.296866E-01
14.660000	-0.235265E-01
14.670000	-0.189391E-01
14.680000	-0.159783E-01
14.690000	-0.111752E-01
14.700000	-0.362096E-02
14.710000	0.538874E-02
14.720000	0.153694E-01
14.730000	0.253044E-01
14.740000	0.346899E-01
14.750000	0.439684E-01
14.760000	0.526591E-01
14.770000	0.576889E-01
14.780000	0.571730E-01
14.790000	0.528179E-01
14.800000	0.472862E-01
14.810000	0.423814E-01
14.820000	0.363010E-01
14.830000	0.266809E-01
14.840000	0.155073E-01
14.850000	0.716332E-02
14.860000	0.400180E-02
14.870000	0.568464E-02
14.880000	0.112953E-01
14.890000	0.199131E-01
14.900000	0.291350E-01
14.910000	0.366752E-01
14.920000	0.426309E-01
14.930000	0.467141E-01
14.940000	0.477098E-01
14.950000	0.461735E-01
14.960000	0.433639E-01
14.970000	0.394128E-01
14.980000	0.359939E-01
14.990000	0.350184E-01
15.000000	0.366568E-01
15.010000	0.399814E-01
15.020000	0.439075E-01
15.030000	0.467541E-01
15.040000	0.473658E-01
15.050000	0.429397E-01
15.060000	0.317579E-01
15.070000	0.175481E-01
15.080000	0.516468E-02
15.090000	-0.432632E-02
15.100000	-0.117642E-01
15.110000	-0.169808E-01
15.120000	-0.193205E-01
15.130000	-0.177873E-01
15.140000	-0.122131E-01
15.150000	-0.311582E-02
15.160000	0.879661E-02
15.170000	0.205204E-01
15.180000	0.279846E-01
15.190000	0.299868E-01
15.200000	0.272101E-01
15.210000	0.211850E-01
15.220000	0.146941E-01
15.230000	0.913760E-02
15.240000	0.454746E-02
15.250000	0.135189E-03
15.260000	-0.364055E-02
15.270000	-0.462507E-02
15.280000	-0.265930E-02
15.290000	-0.125522E-02
15.300000	-0.209087E-02
15.310000	-0.216716E-02
15.320000	0.394216E-03
15.330000	0.474078E-02
15.340000	0.870540E-02
15.350000	0.951564E-02
15.360000	0.677106E-02
15.370000	0.152517E-02
15.380000	-0.465281E-02
15.390000	-0.975372E-02
15.400000	-0.131968E-01
15.410000	-0.151331E-01
15.420000	-0.134106E-01
15.430000	-0.611310E-02
15.440000	0.481292E-02
15.450000	0.154116E-01
15.460000	0.265454E-01
15.470000	0.411590E-01
15.480000	0.588366E-01
15.490000	0.768013E-01
15.500000	0.914260E-01
15.510000	0.102690E+00
15.520000	0.112482E+00
15.530000	0.120494E+00
15.540000	0.127578E+00
15.550000	0.133592E+00
15.560000	0.137345E+00
15.570000	0.137682E+00
15.580000	0.132459E+00
15.590000	0.118504E+00
15.600000	0.952079E-01
15.610000	0.661507E-01
15.620000	0.369513E-01
15.630000	0.109514E-01
15.640000	-0.109145E-01
15.650000	-0.289261E-01
15.660000	-0.431923E-01
15.670000	-0.550192E-01
15.680000	-0.663850E-01
15.690000	-0.754329E-01
15.700000	-0.781465E-01
15.710000	-0.725604E-01
15.720000	-0.585953E-01
15.730000	-0.406287E-01
15.740000	-0.238748E-01
15.750000	-0.121637E-01
15.760000	-0.665084E-02
15.770000	-0.285939E-02
15.780000	0.326961E-02
15.790000	0.865597E-02
15.800000	0.703040E-02
15.810000	-0.341549E-02
15.820000	-0.184465E-01
15.830000	-0.323394E-01
15.840000	-0.423614E-01
15.850000	-0.490054E-01
15.860000	-0.516089E-01
15.870000	-0.510636E-01
15.880000	-0.470338E-01
15.890000	-0.382027E-01
15.900000	-0.254505E-01
15.910000	-0.106108E-01
15.920000	0.282321E-02
15.930000	0.132614E-01
15.940000	0.229079E-01
15.950000	0.317910E-01
15.960000	0.372729E-01
15.970000	0.369968E-01
15.980000	0.291252E-01
15.990000	0.148631E-01
16.000000	-0.226546E-02
16.010000	-0.170463E-01
16.020000	-0.266833E-01
16.030000	-0.342075E-01
16.040000	-0.436132E-01
16.050000	-0.538020E-01
16.060000	-0.593220E-01
16.070000	-0.558273E-01
16.080000	-0.436080E-01
16.090000	-0.277320E-01
16.100000	-0.147976E-01
16.110000	-0.911882E-02
16.120000	-0.102531E-01
16.130000	-0.137924E-01
16.140000	-0.142330E-01
16.150000	-0.986309E-02
16.160000	-0.140294E-02
16.170000	0.108415E-01
16.180000	0.256301E-01
16.190000	0.392045E-01
16.200000	0.494184E-01
16.210000	0.584906E-01
16.220000	0.687103E-01
16.230000	0.794407E-01
16.240000	0.894750E-01
16.250000	0.953120E-01
16.260000	0.942541E-01
16.270000	0.868850E-01
16.280000	0.758268E-01
16.290000	0.651883E-01
16.300000	0.576239E-01
16.310000	0.538313E-01
16.320000	0.544919E-01
16.330000	0.591463E-01
16.340000	0.633822E-01
16.350000	0.614564E-01
16.360000	0.511800E-01
16.370000	0.354493E-01
16.380000	0.192106E-01
16.390000	0.559260E-02
16.400000	-0.430555E-02
16.410000	-0.109706E-01
16.420000	-0.163194E-01
16.430000	-0.210269E-01
16.440000	-0.233241E-01
16.450000	-0.218781E-01
16.460000	-0.173525E-01
16.470000	-0.107637E-01
16.480000	-0.349539E-02
16.490000	0.246538E-02
16.500000	0.727210E-02
16.510000	0.101825E-01
16.520000	0.863824E-02
16.530000	0.277305E-02
16.540000	-0.450368E-02
16.550000	-0.113150E-01
16.560000	-0.178604E-01
16.570000	-0.246776E-01
16.580000	-0.329778E-01
16.590000	-0.421399E-01
16.600000	-0.503948E-01
16.610000	-0.574671E-01
16.620000	-0.635148E-01
16.630000	-0.668777E-01
16.640000	-0.676478E-01
16.650000	-0.651533E-01
16.660000	-0.575828E-01
16.670000	-0.467981E-01
16.680000	-0.355807E-01
16.690000	-0.250652E-01
16.700000	-0.155244E-01
16.710000	-0.626983E-02
16.720000	0.322269E-02
16.730000	0.116443E-01
16.740000	0.173571E-01
16.750000	0.183550E-01
16.760000	0.156239E-01
16.770000	0.110206E-01
16.780000	0.515309E-02
16.790000	-0.201746E-02
16.800000	-0.115879E-01
16.810000	-0.232378E-01
16.820000	-0.353878E-01
16.830000	-0.464687E-01
16.840000	-0.555406E-01
16.850000	-0.623907E-01
16.860000	-0.646909E-01
16.870000	-0.585013E-01
16.880000	-0.441272E-01
16.890000	-0.260542E-01
16.900000	-0.923072E-02
16.910000	0.412678E-02
16.920000	0.138128E-01
16.930000	0.211035E-01
16.940000	0.259853E-01
16.950000	0.254698E-01
16.960000	0.190866E-01
16.970000	0.106896E-01
16.980000	0.366586E-02
16.990000	0.273528E-02
17.000000	0.101003E-01
17.010000	0.231837E-01
17.020000	0.379002E-01
17.030000	0.506435E-01
17.040000	0.566307E-01
17.050000	0.546833E-01
17.060000	0.478345E-01
17.070000	0.392313E-01
17.080000	0.315233E-01
17.090000	0.258396E-01
17.100000	0.209855E-01
17.110000	0.155559E-01
17.120000	0.924010E-02
17.130000	0.141952E-02
17.140000	-0.711192E-02
17.150000	-0.150959E-01
17.160000	-0.210181E-01
17.170000	-0.230668E-01
17.180000	-0.219824E-01
17.190000	-0.213169E-01
17.200000	-0.243308E-01
17.210000	-0.316359E-01
17.220000	-0.437848E-01
17.230000	-0.598563E-01
17.240000	-0.752935E-01
17.250000	-0.854259E-01
17.260000	-0.876927E-01
17.270000	-0.838589E-01
17.280000	-0.785418E-01
17.290000	-0.738771E-01
17.300000	-0.700818E-01
17.310000	-0.663390E-01
17.320000	-0.611795E-01
17.330000	-0.552046E-01
17.340000	-0.500533E-01
17.350000	-0.463278E-01
17.360000	-0.432515E-01
17.370000	-0.388802E-01
17.380000	-0.305793E-01
17.390000	-0.179102E-01
17.400000	-0.340494E-02
17.410000	0.102139E-01
17.420000	0.218067E-01
17.430000	0.323896E-01
17.440000	0.447033E-01
17.450000	0.585182E-01
17.460000	0.718566E-01
17.470000	0.819070E-01
17.480000	0.852111E-01
17.490000	0.815877E-01
17.500000	0.735429E-01
17.510000	0.641868E-01
17.520000	0.554717E-01
17.530000	0.473652E-01
17.540000	0.368402E-01
17.550000	0.219522E-01
17.560000	0.466735E-02
17.570000	-0.120626E-01
17.580000	-0.260136E-01
17.590000	-0.354029E-01
17.600000	-0.409504E-01
17.610000	-0.437684E-01
17.620000	-0.429837E-01
17.630000	-0.379331E-01
17.640000	-0.281796E-01
17.650000	-0.141698E-01
17.660000	0.192378E-02
17.670000	0.174183E-01
17.680000	0.295639E-01
17.690000	0.373308E-01
17.700000	0.388329E-01
17.710000	0.337404E-01
17.720000	0.253605E-01
17.730000	0.160590E-01
17.740000	0.401525E-02
17.750000	-0.112467E-01
17.760000	-0.256509E-01
17.770000	-0.339755E-01
17.780000	-0.342175E-01
17.790000	-0.271912E-01
17.800000	-0.153336E-01
17.810000	-0.540082E-03
17.820000	0.162798E-01
17.830000	0.337119E-01
17.840000	0.513710E-01
17.850000	0.669540E-01
17.860000	0.787648E-01
17.870000	0.877170E-01
17.880000	0.934767E-01
17.890000	0.944428E-01
17.900000	0.881113E-01
17.910000	0.749770E-01
17.920000	0.597590E-01
17.930000	0.465130E-01
17.940000	0.357033E-01
17.950000	0.250870E-01
17.960000	0.132975E-01
17.970000	0.123886E-02
17.980000	-0.843147E-02
17.990000	-0.147305E-01
18.000000	-0.198586E-01
18.010000	-0.246196E-01
18.020000	-0.284457E-01
18.030000	-0.306547E-01
18.040000	-0.297892E-01
18.050000	-0.247265E-01
18.060000	-0.141332E-01
18.070000	0.227081E-02
18.080000	0.213013E-01
18.090000	0.395068E-01
18.100000	0.540875E-01
18.110000	0.645136E-01
18.120000	0.722643E-01
18.130000	0.779603E-01
18.140000	0.800886E-01
18.150000	0.766976E-01
18.160000	0.679846E-01
18.170000	0.563761E-01
18.180000	0.432411E-01
18.190000	0.282800E-01
18.200000	0.119022E-01
18.210000	-0.453294E-02
18.220000	-0.218927E-01
18.230000	-0.400286E-01
18.240000	-0.549116E-01
18.250000	-0.635668E-01
18.260000	-0.662529E-01
18.270000	-0.642042E-01
18.280000	-0.579688E-01
18.290000	-0.491772E-01
18.300000	-0.404718E-01
18.310000	-0.318977E-01
18.320000	-0.224477E-01
18.330000	-0.135665E-01
18.340000	-0.457746E-02
18.350000	0.500576E-02
18.360000	0.153380E-01
18.370000	0.260412E-01
18.380000	0.334037E-01
18.390000	0.346340E-01
18.400000	0.300433E-01
18.410000	0.204975E-01
18.420000	0.752118E-02
18.430000	-0.620449E-02
18.440000	-0.185326E-01
18.450000	-0.271438E-01
18.460000	-0.324906E-01
18.470000	-0.383617E-01
18.480000	-0.462245E-01
18.490000	-0.522999E-01
18.500000	-0.530220E-01
18.510000	-0.479737E-01
18.520000	-0.397334E-01
18.530000	-0.319200E-01
18.540000	-0.254835E-01
18.550000	-0.200498E-01
18.560000	-0.156357E-01
18.570000	-0.128316E-01
18.580000	-0.119788E-01
18.590000	-0.127324E-01
18.600000	-0.142182E-01
18.610000	-0.168524E-01
18.620000	-0.196286E-01
18.630000	-0.208157E-01
18.640000	-0.207810E-01
18.650000	-0.203350E-01
18.660000	-0.195528E-01
18.670000	-0.201820E-01
18.680000	-0.217745E-01
18.690000	-0.227404E-01
18.700000	-0.238778E-01
18.710000	-0.261301E-01
18.720000	-0.282650E-01
18.730000	-0.288158E-01
18.740000	-0.275197E-01
18.750000	-0.243246E-01
18.760000	-0.198273E-01
18.770000	-0.147467E-01
18.780000	-0.858999E-02
18.790000	-0.262441E-02
18.800000	0.209861E-02
18.810000	0.694405E-02
18.820000	0.124293E-01
18.830000	0.172819E-01
18.840000	0.208932E-01
18.850000	0.229997E-01
18.860000	0.251009E-01
18.870000	0.288471E-01
18.880000	0.323775E-01
18.890000	0.338264E-01
18.900000	0.333448E-01
18.910000	0.312699E-01
18.920000	0.274910E-01
18.930000	0.225061E-01
18.940000	0.139248E-01
18.950000	-0.656791E-03
18.960000	-0.178747E-01
18.970000	-0.334948E-01
18.980000	-0.462012E-01
18.990000	-0.549775E-01
19.000000	-0.614877E-01
19.010000	-0.672450E-01
19.020000	-0.708958E-01
19.030000	-0.715728E-01
19.040000	-0.698968E-01
19.050000	-0.667565E-01
19.060000	-0.622038E-01
19.070000	-0.562879E-01
19.080000	-0.488117E-01
19.090000	-0.399215E-01
19.100000	-0.308465E-01
19.110000	-0.220009E-01
19.120000	-0.127294E-01
19.130000	-0.229614E-02
19.140000	0.103240E-01
19.150000	0.238101E-01
19.160000	0.340638E-01
19.170000	0.398174E-01
19.180000	0.411689E-01
19.190000	0.380441E-01
19.200000	0.314481E-01
19.210000	0.241244E-01
19.220000	0.182790E-01
19.230000	0.144889E-01
19.240000	0.120731E-01
19.250000	0.854400E-02
19.260000	0.344105E-02
19.270000	-0.695440E-03
19.280000	0.300742E-03
19.290000	0.786673E-02
19.300000	0.191137E-01
19.310000	0.302895E-01
19.320000	0.396459E-01
19.330000	0.471876E-01
19.340000	0.503011E-01
19.350000	0.479077E-01
19.360000	0.423096E-01
19.370000	0.348011E-01
19.380000	0.265302E-01
19.390000	0.195246E-01
19.400000	0.137236E-01
19.410000	0.959134E-02
19.420000	0.917747E-02
19.430000	0.112932E-01
19.440000	0.141423E-01
19.450000	0.178915E-01
19.460000	0.221571E-01
19.470000	0.257409E-01
19.480000	0.301519E-01
19.490000	0.351640E-01
19.500000	0.376768E-01
19.510000	0.379352E-01
19.520000	0.386756E-01
19.530000	0.413990E-01
19.540000	0.464966E-01
19.550000	0.521575E-01
19.560000	0.579959E-01
19.570000	0.653030E-01
19.580000	0.737335E-01
19.590000	0.830472E-01
19.600000	0.914994E-01
19.610000	0.962539E-01
19.620000	0.956459E-01
19.630000	0.905040E-01
19.640000	0.812867E-01
19.650000	0.659226E-01
19.660000	0.431797E-01
19.670000	0.141163E-01
19.680000	-0.174666E-01
19.690000	-0.458441E-01
19.700000	-0.679845E-01
19.710000	-0.817840E-01
19.720000	-0.856151E-01
19.730000	-0.814727E-01
19.740000	-0.734092E-01
19.750000	-0.640971E-01
19.760000	-0.533734E-01
19.770000	-0.409954E-01
19.780000	-0.261365E-01
19.790000	-0.101779E-01
19.800000	0.260648E-02
19.810000	0.106196E-01
19.820000	0.145049E-01
19.830000	0.151588E-01
19.840000	0.143911E-01
19.850000	0.126252E-01
19.860000	0.945354E-02
19.870000	0.440589E-02
19.880000	-0.334422E-02
19.890000	-0.131196E-01
19.900000	-0.226682E-01
19.910000	-0.307958E-01
19.920000	-0.372317E-01
19.930000	-0.416326E-01
19.940000	-0.460666E-01
19.950000	-0.518074E-01
19.960000	-0.554151E-01
19.970000	-0.552683E-01
19.980000	-0.522663E-01
19.990000	-0.468702E-01
20.000000	-0.413961E-01
20.010000	-0.355822E-01
20.020000	-0.271759E-01
20.030000	-0.170799E-01
20.040000	-0.756709E-02
20.050000	0.447302E-03
20.060000	0.683683E-02
20.070000	0.122787E-01
20.080000	0.163136E-01
20.090000	0.178806E-01
20.100000	0.168685E-01
20.110000	0.138066E-01
20.120000	0.862353E-02
20.130000	0.292175E-02
20.140000	-0.166054E-02
20.150000	-0.667052E-02
20.160000	-0.130520E-01
20.170000	-0.201189E-01
20.180000	-0.260218E-01
20.190000	-0.289272E-01
20.200000	-0.290225E-01
20.210000	-0.271019E-01
20.220000	-0.244672E-01
20.230000	-0.223781E-01
20.240000	-0.208002E-01
20.250000	-0.182726E-01
20.260000	-0.138880E-01
20.270000	-0.847671E-02
20.280000	-0.370059E-02
20.290000	0.444428E-03
20.300000	0.414901E-02
20.310000	0.641367E-02
20.320000	0.549916E-02
20.330000	0.321797E-02
20.340000	0.184206E-02
20.350000	0.642923E-03
20.360000	0.791929E-04
20.370000	-0.883756E-05
20.380000	0.302422E-03
20.390000	0.552554E-03
20.400000	-0.105471E-02
20.410000	-0.465777E-02
20.420000	-0.101276E-01
20.430000	-0.176565E-01
20.440000	-0.274465E-01
20.450000	-0.385755E-01
20.460000	-0.481330E-01
20.470000	-0.527113E-01
20.480000	-0.508425E-01
20.490000	-0.443294E-01
20.500000	-0.358420E-01
20.510000	-0.265170E-01
20.520000	-0.168420E-01
20.530000	-0.667201E-02
20.540000	0.218287E-02
20.550000	0.822172E-02
20.560000	0.120393E-01
20.570000	0.129786E-01
20.580000	0.112748E-01
20.590000	0.777930E-02
20.600000	0.299988E-02
20.610000	-0.683341E-03
20.620000	-0.150576E-02
20.630000	-0.987433E-04
20.640000	0.202928E-02
20.650000	0.235016E-02
20.660000	0.158046E-02
20.670000	0.230271E-02
20.680000	0.246402E-02
20.690000	0.464137E-03
20.700000	-0.235814E-02
20.710000	-0.465318E-02
20.720000	-0.568482E-02
20.730000	-0.662459E-02
20.740000	-0.947575E-02
20.750000	-0.126024E-01
20.760000	-0.132185E-01
20.770000	-0.110455E-01
20.780000	-0.588736E-02
20.790000	0.156332E-02
20.800000	0.908093E-02
20.810000	0.161835E-01
20.820000	0.229858E-01
20.830000	0.287680E-01
20.840000	0.328130E-01
20.850000	0.331488E-01
20.860000	0.298168E-01
20.870000	0.257790E-01
20.880000	0.212003E-01
20.890000	0.151231E-01
20.900000	0.766489E-02
20.910000	-0.150939E-02
20.920000	-0.995007E-02
20.930000	-0.152966E-01
20.940000	-0.174924E-01
20.950000	-0.179731E-01
20.960000	-0.180458E-01
20.970000	-0.182071E-01
20.980000	-0.177969E-01
20.990000	-0.167980E-01
21.000000	-0.154945E-01
21.010000	-0.138095E-01
21.020000	-0.132947E-01
21.030000	-0.140690E-01
21.040000	-0.137088E-01
21.050000	-0.118583E-01
21.060000	-0.929603E-02
21.070000	-0.637021E-02
21.080000	-0.327394E-02
21.090000	-0.667609E-03
21.100000	0.144943E-03
21.110000	0.408725E-04
21.120000	0.171833E-02
21.130000	0.559380E-02
21.140000	0.751345E-02
21.150000	0.502331E-02
21.160000	-0.317941E-03
21.170000	-0.613032E-02
21.180000	-0.990946E-02
21.190000	-0.100938E-01
21.200000	-0.745985E-02
21.210000	-0.310013E-02
21.220000	0.192085E-02
21.230000	0.849366E-02
21.240000	0.176852E-01
21.250000	0.267957E-01
21.260000	0.343040E-01
21.270000	0.406192E-01
21.280000	0.449748E-01
21.290000	0.462673E-01
21.300000	0.454945E-01
21.310000	0.425642E-01
21.320000	0.378259E-01
21.330000	0.334167E-01
21.340000	0.284357E-01
21.350000	0.222167E-01
21.360000	0.141019E-01
21.370000	0.348178E-02
21.380000	-0.729964E-02
21.390000	-0.160177E-01
21.400000	-0.234456E-01
21.410000	-0.287855E-01
21.420000	-0.307270E-01
21.430000	-0.291600E-01
21.440000	-0.241180E-01
21.450000	-0.159369E-01
21.460000	-0.574801E-02
21.470000	0.576743E-02
21.480000	0.184911E-01
21.490000	0.306328E-01
21.500000	0.410187E-01
21.510000	0.492220E-01
21.520000	0.546595E-01
21.530000	0.573034E-01
21.540000	0.582825E-01
21.550000	0.556006E-01
21.560000	0.493248E-01
21.570000	0.432171E-01
21.580000	0.393125E-01
21.590000	0.363398E-01
21.600000	0.325396E-01
21.610000	0.264776E-01
21.620000	0.193233E-01
21.630000	0.135338E-01
21.640000	0.881941E-02
21.650000	0.486466E-02
21.660000	0.368911E-02
21.670000	0.455502E-02
21.680000	0.608318E-02
21.690000	0.918134E-02
21.700000	0.113647E-01
21.710000	0.106903E-01
21.720000	0.782077E-02
21.730000	0.342891E-02
21.740000	-0.156000E-02
21.750000	-0.674506E-02
21.760000	-0.114716E-01
21.770000	-0.151113E-01
21.780000	-0.171305E-01
21.790000	-0.181112E-01
21.800000	-0.178581E-01
21.810000	-0.147317E-01
21.820000	-0.108919E-01
21.830000	-0.897271E-02
21.840000	-0.717404E-02
21.850000	-0.588009E-02
21.860000	-0.592137E-02
21.870000	-0.552081E-02
21.880000	-0.507681E-02
21.890000	-0.525104E-02
21.900000	-0.510046E-02
21.910000	-0.438113E-02
21.920000	-0.323773E-02
21.930000	-0.168680E-02
21.940000	-0.284962E-03
21.950000	0.686018E-03
21.960000	0.752535E-03
21.970000	-0.439024E-03
21.980000	-0.841729E-03
21.990000	0.453531E-03
22.000000	0.986360E-03
22.010000	0.242337E-03
22.020000	-0.268675E-03
22.030000	-0.767943E-03
22.040000	-0.160056E-02
22.050000	-0.398197E-02
22.060000	-0.825988E-02
22.070000	-0.138167E-01
22.080000	-0.194860E-01
22.090000	-0.237088E-01
22.100000	-0.259614E-01
22.110000	-0.274893E-01
22.120000	-0.296696E-01
22.130000	-0.312973E-01
22.140000	-0.315334E-01
22.150000	-0.312046E-01
22.160000	-0.299223E-01
22.170000	-0.273813E-01
22.180000	-0.246803E-01
22.190000	-0.212271E-01
22.200000	-0.173858E-01
22.210000	-0.152402E-01
22.220000	-0.155419E-01
22.230000	-0.182928E-01
22.240000	-0.233221E-01
22.250000	-0.297783E-01
22.260000	-0.353795E-01
22.270000	-0.371517E-01
22.280000	-0.340842E-01
22.290000	-0.293885E-01
22.300000	-0.244371E-01
22.310000	-0.191466E-01
22.320000	-0.141241E-01
22.330000	-0.942740E-02
22.340000	-0.511245E-02
22.350000	-0.337908E-02
22.360000	-0.405472E-02
22.370000	-0.515537E-02
22.380000	-0.756250E-02
22.390000	-0.126017E-01
22.400000	-0.207004E-01
22.410000	-0.297151E-01
22.420000	-0.373641E-01
22.430000	-0.422945E-01
22.440000	-0.445228E-01
22.450000	-0.439871E-01
22.460000	-0.416663E-01
22.470000	-0.379026E-01
22.480000	-0.318608E-01
22.490000	-0.246323E-01
22.500000	-0.181547E-01
22.510000	-0.127971E-01
22.520000	-0.880334E-02
22.530000	-0.592303E-02
22.540000	-0.245940E-02
22.550000	0.430777E-03
22.560000	0.128910E-02
22.570000	0.123215E-02
22.580000	0.992037E-03
22.590000	0.745299E-03
22.600000	0.709943E-03
22.610000	0.843148E-03
22.620000	0.140016E-02
22.630000	0.380352E-02
22.640000	0.776945E-02
22.650000	0.111054E-01
22.660000	0.140348E-01
22.670000	0.165429E-01
22.680000	0.180054E-01
22.690000	0.188142E-01
22.700000	0.182371E-01
22.710000	0.163277E-01
22.720000	0.134669E-01
22.730000	0.985643E-02
22.740000	0.685908E-02
22.750000	0.377477E-02
22.760000	0.521036E-03
22.770000	-0.174121E-02
22.780000	-0.401415E-02
22.790000	-0.601559E-02
22.800000	-0.647339E-02
22.810000	-0.515062E-02
22.820000	-0.298218E-02
22.830000	0.419616E-04
22.840000	0.441565E-02
22.850000	0.100002E-01
22.860000	0.155539E-01
22.870000	0.193308E-01
22.880000	0.206539E-01
22.890000	0.204182E-01
22.900000	0.186584E-01
22.910000	0.171506E-01
22.920000	0.162619E-01
22.930000	0.147379E-01
22.940000	0.140240E-01
22.950000	0.151918E-01
22.960000	0.188995E-01
22.970000	0.248533E-01
22.980000	0.308375E-01
22.990000	0.351871E-01
23.000000	0.373220E-01
23.010000	0.373010E-01
23.020000	0.357770E-01
23.030000	0.333059E-01
23.040000	0.298780E-01
23.050000	0.258304E-01
23.060000	0.233733E-01
23.070000	0.222200E-01
23.080000	0.210220E-01
23.090000	0.208164E-01
23.100000	0.216639E-01
23.110000	0.239993E-01
23.120000	0.267340E-01
23.130000	0.280635E-01
23.140000	0.282956E-01
23.150000	0.263473E-01
23.160000	0.220077E-01
23.170000	0.156539E-01
23.180000	0.832037E-02
23.190000	0.323546E-02
23.200000	-0.310854E-03
23.210000	-0.295721E-02
23.220000	-0.354403E-02
23.230000	-0.220274E-02
23.240000	0.557694E-03
23.250000	0.351741E-02
23.260000	0.417964E-02
23.270000	0.283727E-02
23.280000	0.216825E-02
23.290000	0.253670E-02
23.300000	0.320921E-02
23.310000	0.420501E-02
23.320000	0.511481E-02
23.330000	0.612867E-02
23.340000	0.798125E-02
23.350000	0.967433E-02
23.360000	0.107874E-01
23.370000	0.108742E-01
23.380000	0.907276E-02
23.390000	0.693542E-02
23.400000	0.371146E-02
23.410000	-0.725462E-03
23.420000	-0.569510E-02
23.430000	-0.109672E-01
23.440000	-0.153771E-01
23.450000	-0.171365E-01
23.460000	-0.165970E-01
23.470000	-0.154618E-01
23.480000	-0.144326E-01
23.490000	-0.143851E-01
23.500000	-0.145115E-01
23.510000	-0.118979E-01
23.520000	-0.667830E-02
23.530000	-0.204268E-02
23.540000	0.164885E-02
23.550000	0.327545E-02
23.560000	0.233102E-02
23.570000	0.853551E-03
23.580000	0.367055E-03
23.590000	0.724312E-04
23.600000	-0.763177E-03
23.610000	-0.288111E-02
23.620000	-0.528090E-02
23.630000	-0.591903E-02
23.640000	-0.500261E-02
23.650000	-0.411290E-02
23.660000	-0.227084E-02
23.670000	0.151749E-02
23.680000	0.499131E-02
23.690000	0.674788E-02
23.700000	0.557599E-02
23.710000	0.181339E-02
23.720000	-0.281166E-02
23.730000	-0.677033E-02
23.740000	-0.102370E-01
23.750000	-0.136321E-01
23.760000	-0.153437E-01
23.770000	-0.143407E-01
23.780000	-0.111941E-01
23.790000	-0.618589E-02
23.800000	-0.876143E-03
23.810000	0.354942E-02
23.820000	0.735667E-02
23.830000	0.101274E-01
23.840000	0.114937E-01
23.850000	0.107205E-01
23.860000	0.710984E-02
23.870000	0.182465E-02
23.880000	-0.389360E-02
23.890000	-0.101660E-01
23.900000	-0.165949E-01
23.910000	-0.206888E-01
23.920000	-0.214297E-01
23.930000	-0.201902E-01
23.940000	-0.168241E-01
23.950000	-0.130962E-01
23.960000	-0.108313E-01
23.970000	-0.928784E-02
23.980000	-0.799102E-02
23.990000	-0.687301E-02
24.000000	-0.587892E-02
24.010000	-0.512058E-02
24.020000	-0.451924E-02
24.030000	-0.367016E-02
24.040000	-0.331663E-02
24.050000	-0.370370E-02
24.060000	-0.385125E-02
24.070000	-0.362748E-02
24.080000	-0.488444E-02
24.090000	-0.681404E-02
24.100000	-0.845715E-02
24.110000	-0.103231E-01
24.120000	-0.123623E-01
24.130000	-0.151691E-01
24.140000	-0.172036E-01
24.150000	-0.165060E-01
24.160000	-0.129059E-01
24.170000	-0.901788E-02
24.180000	-0.659222E-02
24.190000	-0.628139E-02
24.200000	-0.832795E-02
24.210000	-0.121003E-01
24.220000	-0.152508E-01
24.230000	-0.164970E-01
24.240000	-0.155279E-01
24.250000	-0.136531E-01
24.260000	-0.115586E-01
24.270000	-0.957907E-02
24.280000	-0.101564E-01
24.290000	-0.127746E-01
24.300000	-0.151867E-01
24.310000	-0.151438E-01
24.320000	-0.132988E-01
24.330000	-0.115094E-01
24.340000	-0.104914E-01
24.350000	-0.958569E-02
24.360000	-0.704187E-02
24.370000	-0.385683E-02
24.380000	-0.137321E-02
24.390000	0.244288E-02
24.400000	0.675457E-02
24.410000	0.803285E-02
24.420000	0.659538E-02
24.430000	0.422224E-02
24.440000	0.113177E-02
24.450000	-0.212503E-02
24.460000	-0.342572E-02
24.470000	-0.309337E-02
24.480000	-0.202686E-02
24.490000	-0.536801E-03
24.500000	0.713897E-03
24.510000	0.179922E-02
24.520000	0.351125E-02
24.530000	0.500865E-02
24.540000	0.623115E-02
24.550000	0.802960E-02
24.560000	0.995980E-02
24.570000	0.119322E-01
24.580000	0.142706E-01
24.590000	0.164076E-01
24.600000	0.172061E-01
24.610000	0.167100E-01
24.620000	0.152813E-01
24.630000	0.119245E-01
24.640000	0.624413E-02
24.650000	-0.882084E-03
24.660000	-0.822979E-02
24.670000	-0.140096E-01
24.680000	-0.171209E-01
24.690000	-0.187864E-01
24.700000	-0.204868E-01
24.710000	-0.209254E-01
24.720000	-0.176175E-01
24.730000	-0.112935E-01
24.740000	-0.458840E-02
24.750000	0.794855E-03
24.760000	0.505825E-02
24.770000	0.845017E-02
24.780000	0.110912E-01
24.790000	0.136493E-01
24.800000	0.151842E-01
24.810000	0.148180E-01
24.820000	0.131814E-01
24.830000	0.115815E-01
24.840000	0.126204E-01
24.850000	0.155214E-01
24.860000	0.171479E-01
24.870000	0.176261E-01
24.880000	0.186982E-01
24.890000	0.213550E-01
24.900000	0.244358E-01
24.910000	0.269680E-01
24.920000	0.286151E-01
24.930000	0.293593E-01
24.940000	0.281922E-01
24.950000	0.255118E-01
24.960000	0.228414E-01
24.970000	0.213350E-01
24.980000	0.206974E-01
24.990000	0.213289E-01
25.000000	0.226482E-01
25.010000	0.235383E-01
25.020000	0.239183E-01
25.030000	0.233191E-01
25.040000	0.217663E-01
25.050000	0.180244E-01
25.060000	0.113997E-01
25.070000	0.411719E-02
25.080000	-0.952353E-03
25.090000	-0.404992E-02
25.100000	-0.608411E-02
25.110000	-0.662703E-02
25.120000	-0.619782E-02
25.130000	-0.494210E-02
25.140000	-0.363264E-02
25.150000	-0.333581E-02
25.160000	-0.272040E-02
25.170000	-0.114199E-02
25.180000	0.239985E-04
25.190000	-0.244768E-03
25.200000	-0.198060E-02
25.210000	-0.385794E-02
25.220000	-0.535038E-02
25.230000	-0.694919E-02
25.240000	-0.715583E-02
25.250000	-0.646227E-02
25.260000	-0.744883E-02
25.270000	-0.935054E-02
25.280000	-0.103879E-01
25.290000	-0.980578E-02
25.300000	-0.899410E-02
25.310000	-0.964747E-02
25.320000	-0.114207E-01
25.330000	-0.124997E-01
25.340000	-0.122576E-01
25.350000	-0.113596E-01
25.360000	-0.943450E-02
25.370000	-0.657524E-02
25.380000	-0.433777E-02
25.390000	-0.217598E-02
25.400000	0.691111E-04
25.410000	0.212244E-02
25.420000	0.386640E-02
25.430000	0.438091E-02
25.440000	0.438270E-02
25.450000	0.363392E-02
25.460000	0.211528E-02
25.470000	0.116404E-02
25.480000	0.793763E-03
25.490000	0.456198E-03
25.500000	-0.311085E-03
25.510000	-0.192263E-02
25.520000	-0.311603E-02
25.530000	-0.281743E-02
25.540000	-0.238536E-02
25.550000	-0.254958E-02
25.560000	-0.222019E-02
25.570000	-0.132025E-02
25.580000	-0.610565E-03
25.590000	0.735636E-03
25.600000	0.297968E-02
25.610000	0.542704E-02
25.620000	0.718417E-02
25.630000	0.763197E-02
25.640000	0.728597E-02
25.650000	0.667437E-02
25.660000	0.578233E-02
25.670000	0.491290E-02
25.680000	0.396073E-02
25.690000	0.499510E-02
25.700000	0.676438E-02
25.710000	0.628841E-02
25.720000	0.550213E-02
25.730000	0.691996E-02
25.740000	0.909337E-02
25.750000	0.942062E-02
25.760000	0.744159E-02
25.770000	0.491357E-02
25.780000	0.302883E-02
25.790000	0.182846E-02
25.800000	-0.227422E-03
25.810000	-0.281229E-02
25.820000	-0.496031E-02
25.830000	-0.667000E-02
25.840000	-0.725178E-02
25.850000	-0.745033E-02
25.860000	-0.861014E-02
25.870000	-0.104588E-01
25.880000	-0.119596E-01
25.890000	-0.136025E-01
25.900000	-0.171270E-01
25.910000	-0.210442E-01
25.920000	-0.234122E-01
25.930000	-0.242802E-01
25.940000	-0.241870E-01
25.950000	-0.235441E-01
25.960000	-0.221176E-01
25.970000	-0.202779E-01
25.980000	-0.192401E-01
25.990000	-0.177331E-01
26.000000	-0.152818E-01
26.010000	-0.136097E-01
26.020000	-0.125335E-01
26.030000	-0.106520E-01
26.040000	-0.103294E-01
26.050000	-0.121507E-01
26.060000	-0.137635E-01
26.070000	-0.144744E-01
26.080000	-0.146290E-01
26.090000	-0.133764E-01
26.100000	-0.114866E-01
26.110000	-0.983259E-02
26.120000	-0.713977E-02
26.130000	-0.358300E-02
26.140000	-0.298319E-03
26.150000	0.292863E-02
26.160000	0.692798E-02
26.170000	0.110282E-01
26.180000	0.139532E-01
26.190000	0.157081E-01
26.200000	0.154710E-01
26.210000	0.117772E-01
26.220000	0.591956E-02
26.230000	-0.367433E-03
26.240000	-0.570692E-02
26.250000	-0.101372E-01
26.260000	-0.137369E-01
26.270000	-0.151875E-01
26.280000	-0.136717E-01
26.290000	-0.112977E-01
26.300000	-0.102556E-01
26.310000	-0.901859E-02
26.320000	-0.600022E-02
26.330000	-0.324909E-02
26.340000	-0.247112E-02
26.350000	-0.301236E-02
26.360000	-0.344236E-02
26.370000	-0.327263E-02
26.380000	-0.293408E-02
26.390000	-0.277582E-02
26.400000	-0.252094E-02
26.410000	-0.108206E-02
26.420000	0.247773E-02
26.430000	0.757828E-02
26.440000	0.117023E-01
26.450000	0.128513E-01
26.460000	0.116824E-01
26.470000	0.987930E-02
26.480000	0.866994E-02
26.490000	0.897044E-02
26.500000	0.101062E-01
26.510000	0.115931E-01
26.520000	0.135089E-01
26.530000	0.153466E-01
26.540000	0.171415E-01
26.550000	0.182975E-01
26.560000	0.186359E-01
26.570000	0.188802E-01
26.580000	0.184919E-01
26.590000	0.161562E-01
26.600000	0.126492E-01
26.610000	0.103994E-01
26.620000	0.105300E-01
26.630000	0.123502E-01
26.640000	0.142353E-01
26.650000	0.150147E-01
26.660000	0.158466E-01
26.670000	0.167221E-01
26.680000	0.169243E-01
26.690000	0.173486E-01
26.700000	0.166891E-01
26.710000	0.135826E-01
26.720000	0.104162E-01
26.730000	0.908801E-02
26.740000	0.767359E-02
26.750000	0.498608E-02
26.760000	0.298123E-02
26.770000	0.268810E-02
26.780000	0.317499E-02
26.790000	0.420055E-02
26.800000	0.552580E-02
26.810000	0.728070E-02
26.820000	0.862041E-02
26.830000	0.956529E-02
26.840000	0.119346E-01
26.850000	0.145102E-01
26.860000	0.148970E-01
26.870000	0.137459E-01
26.880000	0.125377E-01
26.890000	0.106502E-01
26.900000	0.776271E-02
26.910000	0.475862E-02
26.920000	0.247361E-02
26.930000	0.111207E-02
26.940000	0.122066E-02
26.950000	0.238188E-02
26.960000	0.400336E-02
26.970000	0.495540E-02
26.980000	0.505209E-02
26.990000	0.603835E-02
27.000000	0.677935E-02
27.010000	0.539667E-02
27.020000	0.390891E-02
27.030000	0.427380E-02
27.040000	0.410717E-02
27.050000	0.126179E-02
27.060000	-0.260645E-02
27.070000	-0.518092E-02
27.080000	-0.630458E-02
27.090000	-0.668644E-02
27.100000	-0.714313E-02
27.110000	-0.760033E-02
27.120000	-0.861150E-02
27.130000	-0.930154E-02
27.140000	-0.842621E-02
27.150000	-0.794193E-02
27.160000	-0.938402E-02
27.170000	-0.101623E-01
27.180000	-0.919238E-02
27.190000	-0.881614E-02
27.200000	-0.103488E-01
27.210000	-0.116199E-01
27.220000	-0.118967E-01
27.230000	-0.111837E-01
27.240000	-0.100326E-01
27.250000	-0.926980E-02
27.260000	-0.864825E-02
27.270000	-0.927707E-02
27.280000	-0.101345E-01
27.290000	-0.910549E-02
27.300000	-0.769912E-02
27.310000	-0.765263E-02
27.320000	-0.741592E-02
27.330000	-0.600141E-02
27.340000	-0.361063E-02
27.350000	-0.191961E-02
27.360000	-0.279087E-02
27.370000	-0.505034E-02
27.380000	-0.631711E-02
27.390000	-0.694355E-02
27.400000	-0.858535E-02
27.410000	-0.102354E-01
27.420000	-0.104847E-01
27.430000	-0.961255E-02
27.440000	-0.833394E-02
27.450000	-0.783741E-02
27.460000	-0.769135E-02
27.470000	-0.653630E-02
27.480000	-0.384416E-02
27.490000	0.786882E-03
27.500000	0.473412E-02
27.510000	0.614424E-02
27.520000	0.694427E-02
27.530000	0.810999E-02
27.540000	0.740693E-02
27.550000	0.402409E-02
27.560000	0.711001E-03
27.570000	-0.862551E-03
27.580000	-0.140700E-02
27.590000	-0.285366E-02
27.600000	-0.568174E-02
27.610000	-0.731446E-02
27.620000	-0.632971E-02
27.630000	-0.495857E-02
27.640000	-0.292964E-02
27.650000	-0.103766E-03
27.660000	0.193778E-02
27.670000	0.335249E-02
27.680000	0.424515E-02
27.690000	0.464529E-02
27.700000	0.417135E-02
27.710000	0.288306E-02
27.720000	0.192363E-02
27.730000	0.183768E-02
27.740000	0.207088E-02
27.750000	0.232768E-02
27.760000	0.301672E-02
27.770000	0.312518E-02
27.780000	0.233078E-02
27.790000	0.235476E-02
27.800000	0.299646E-02
27.810000	0.347984E-02
27.820000	0.319950E-02
27.830000	0.197199E-02
27.840000	0.842470E-03
27.850000	-0.773524E-03
27.860000	-0.412018E-02
27.870000	-0.766102E-02
27.880000	-0.930253E-02
27.890000	-0.931345E-02
27.900000	-0.899739E-02
27.910000	-0.871834E-02
27.920000	-0.788050E-02
27.930000	-0.612430E-02
27.940000	-0.380834E-02
27.950000	-0.153643E-02
27.960000	0.829962E-03
27.970000	0.167771E-02
27.980000	0.110788E-02
27.990000	0.742532E-03
28.000000	0.528490E-04
28.010000	-0.133640E-02
28.020000	-0.182411E-02
28.030000	-0.142746E-02
28.040000	-0.773304E-03
28.050000	-0.619857E-03
28.060000	-0.163409E-02
28.070000	-0.253370E-02
28.080000	-0.277306E-02
28.090000	-0.336119E-02
28.100000	-0.536840E-02
28.110000	-0.667571E-02
28.120000	-0.573209E-02
28.130000	-0.292802E-02
28.140000	0.398781E-03
28.150000	0.301852E-02
28.160000	0.510857E-02
28.170000	0.744402E-02
28.180000	0.955550E-02
28.190000	0.110813E-01
28.200000	0.105966E-01
28.210000	0.700209E-02
28.220000	0.276640E-02
28.230000	-0.143877E-02
28.240000	-0.590215E-02
28.250000	-0.103276E-01
28.260000	-0.132203E-01
28.270000	-0.126493E-01
28.280000	-0.100400E-01
28.290000	-0.737939E-02
28.300000	-0.596894E-02
28.310000	-0.547818E-02
28.320000	-0.389690E-02
28.330000	-0.101788E-02
28.340000	0.143996E-02
28.350000	0.204705E-02
28.360000	0.134767E-02
28.370000	0.913647E-03
28.380000	0.202277E-02
28.390000	0.397475E-02
28.400000	0.586345E-02
28.410000	0.834555E-02
28.420000	0.119803E-01
28.430000	0.149840E-01
28.440000	0.169417E-01
28.450000	0.176568E-01
28.460000	0.167172E-01
28.470000	0.157046E-01
28.480000	0.151649E-01
28.490000	0.139815E-01
28.500000	0.122977E-01
28.510000	0.107751E-01
28.520000	0.910628E-02
28.530000	0.767878E-02
28.540000	0.690202E-02
28.550000	0.607331E-02
28.560000	0.457820E-02
28.570000	0.326829E-02
28.580000	0.182890E-02
28.590000	0.796861E-03
28.600000	0.115947E-03
28.610000	-0.858328E-03
28.620000	-0.805367E-03
28.630000	0.118409E-02
28.640000	0.404702E-02
28.650000	0.658253E-02
28.660000	0.911833E-02
28.670000	0.107563E-01
28.680000	0.114022E-01
28.690000	0.119376E-01
28.700000	0.112060E-01
28.710000	0.894613E-02
28.720000	0.715227E-02
28.730000	0.710225E-02
28.740000	0.827971E-02
28.750000	0.899342E-02
28.760000	0.876822E-02
28.770000	0.836900E-02
28.780000	0.875530E-02
28.790000	0.902756E-02
28.800000	0.749982E-02
28.810000	0.430169E-02
28.820000	0.102724E-02
28.830000	-0.207269E-02
28.840000	-0.449020E-02
28.850000	-0.628343E-02
28.860000	-0.781375E-02
28.870000	-0.777055E-02
28.880000	-0.634860E-02
28.890000	-0.504343E-02
28.900000	-0.458031E-02
28.910000	-0.426380E-02
28.920000	-0.426948E-02
28.930000	-0.417567E-02
28.940000	-0.371778E-02
28.950000	-0.419629E-02
28.960000	-0.562002E-02
28.970000	-0.653855E-02
28.980000	-0.697929E-02
28.990000	-0.738936E-02
29.000000	-0.872844E-02
29.010000	-0.110973E-01
29.020000	-0.128806E-01
29.030000	-0.130244E-01
29.040000	-0.128811E-01
29.050000	-0.145453E-01
29.060000	-0.167034E-01
29.070000	-0.179273E-01
29.080000	-0.179109E-01
29.090000	-0.163569E-01
29.100000	-0.129860E-01
29.110000	-0.959053E-02
29.120000	-0.696963E-02
29.130000	-0.463382E-02
29.140000	-0.145126E-02
29.150000	0.135724E-02
29.160000	0.247562E-02
29.170000	0.382210E-02
29.180000	0.681180E-02
29.190000	0.974474E-02
29.200000	0.104512E-01
29.210000	0.922713E-02
29.220000	0.710085E-02
29.230000	0.463487E-02
29.240000	0.109256E-02
29.250000	-0.368300E-02
29.260000	-0.786812E-02
29.270000	-0.936690E-02
29.280000	-0.829694E-02
29.290000	-0.592619E-02
29.300000	-0.303333E-02
29.310000	-0.537381E-03
29.320000	0.138501E-02
29.330000	0.289420E-02
29.340000	0.303484E-02
29.350000	0.166029E-02
29.360000	0.656348E-04
29.370000	-0.938243E-03
29.380000	-0.100077E-02
29.390000	-0.993815E-03
29.400000	-0.214942E-02
29.410000	-0.312192E-02
29.420000	-0.350764E-02
29.430000	-0.385450E-02
29.440000	-0.456482E-02
29.450000	-0.635275E-02
29.460000	-0.883754E-02
29.470000	-0.100435E-01
29.480000	-0.860090E-02
29.490000	-0.562913E-02
29.500000	-0.314329E-02
29.510000	-0.131069E-02
29.520000	-0.494518E-04
29.530000	0.199184E-02
29.540000	0.602606E-02
29.550000	0.994642E-02
29.560000	0.114072E-01
29.570000	0.103271E-01
29.580000	0.813105E-02
29.590000	0.644631E-02
29.600000	0.471334E-02
29.610000	0.287700E-02
29.620000	0.134118E-02
29.630000	-0.761022E-04
29.640000	-0.192663E-02
29.650000	-0.327747E-02
29.660000	-0.422451E-02
29.670000	-0.637401E-02
29.680000	-0.900252E-02
29.690000	-0.103064E-01
29.700000	-0.101112E-01
29.710000	-0.946855E-02
29.720000	-0.863507E-02
29.730000	-0.652370E-02
29.740000	-0.252991E-02
29.750000	0.142205E-02
29.760000	0.326535E-02
29.770000	0.433584E-02
29.780000	0.628222E-02
29.790000	0.772308E-02
29.800000	0.708104E-02
29.810000	0.455396E-02
29.820000	0.303618E-03
29.830000	-0.390553E-02
29.840000	-0.607948E-02
29.850000	-0.661845E-02
29.860000	-0.599193E-02
29.870000	-0.520394E-02
29.880000	-0.522252E-02
29.890000	-0.505404E-02
29.900000	-0.451431E-02
29.910000	-0.363208E-02
29.920000	-0.195112E-02
29.930000	-0.722071E-03
29.940000	-0.707324E-03
29.950000	-0.221879E-02
29.960000	-0.399053E-02
29.970000	-0.415746E-02
29.980000	-0.280437E-02
29.990000	-0.168250E-02
30.000000	-0.144366E-02
30.010000	-0.118238E-02
30.020000	-0.681388E-03
30.030000	0.385766E-03
30.040000	0.177321E-02
30.050000	0.245004E-02
30.060000	0.269411E-02
30.070000	0.309533E-02
30.080000	0.414693E-02
30.090000	0.605741E-02
30.100000	0.789514E-02
30.110000	0.933740E-02
30.120000	0.104716E-01
30.130000	0.111826E-01
30.140000	0.116957E-01
30.150000	0.112589E-01
30.160000	0.984374E-02
30.170000	0.865019E-02
30.180000	0.840988E-02
30.190000	0.858404E-02
30.200000	0.877000E-02
30.210000	0.841310E-02
30.220000	0.777466E-02
30.230000	0.746829E-02
30.240000	0.663691E-02
30.250000	0.507184E-02
30.260000	0.353252E-02
30.270000	0.138534E-02
30.280000	-0.103846E-02
30.290000	-0.271901E-02
30.300000	-0.407390E-02
30.310000	-0.503618E-02
30.320000	-0.506330E-02
30.330000	-0.392747E-02
30.340000	-0.203886E-02
30.350000	-0.640527E-03
30.360000	-0.596916E-03
30.370000	-0.110982E-02
30.380000	-0.109673E-02
30.390000	-0.112842E-02
30.400000	-0.232901E-02
30.410000	-0.404965E-02
30.420000	-0.442054E-02
30.430000	-0.271184E-02
30.440000	-0.254708E-03
30.450000	0.162052E-02
30.460000	0.310075E-02
30.470000	0.364981E-02
30.480000	0.368538E-02
30.490000	0.316729E-02
30.500000	0.112025E-02
30.510000	-0.227850E-02
30.520000	-0.576644E-02
30.530000	-0.820305E-02
30.540000	-0.909455E-02
30.550000	-0.972255E-02
30.560000	-0.104748E-01
30.570000	-0.106713E-01
30.580000	-0.101691E-01
30.590000	-0.928278E-02
30.600000	-0.908467E-02
30.610000	-0.912918E-02
30.620000	-0.757276E-02
30.630000	-0.501738E-02
30.640000	-0.362252E-02
30.650000	-0.315206E-02
30.660000	-0.224543E-02
30.670000	-0.183063E-02
30.680000	-0.181573E-02
30.690000	-0.166256E-02
30.700000	-0.124175E-02
30.710000	-0.805519E-03
30.720000	-0.150383E-02
30.730000	-0.271194E-02
30.740000	-0.252205E-02
30.750000	-0.264692E-02
30.760000	-0.360763E-02
30.770000	-0.362007E-02
30.780000	-0.331154E-02
30.790000	-0.304817E-02
30.800000	-0.181883E-02
30.810000	-0.328081E-03
30.820000	0.847983E-03
30.830000	0.262639E-02
30.840000	0.380875E-02
30.850000	0.385257E-02
30.860000	0.439682E-02
30.870000	0.515580E-02
30.880000	0.488315E-02
30.890000	0.357614E-02
30.900000	0.144653E-02
30.910000	-0.645068E-03
30.920000	-0.111482E-02
30.930000	-0.327487E-03
30.940000	0.346713E-03
30.950000	0.942795E-03
30.960000	0.174181E-02
30.970000	0.294593E-02
30.980000	0.520329E-02
30.990000	0.743087E-02
31.000000	0.851817E-02
31.010000	0.933526E-02
31.020000	0.992354E-02
31.030000	0.935481E-02
31.040000	0.841748E-02
31.050000	0.599475E-02
31.060000	0.255926E-02
31.070000	0.406715E-03
31.080000	-0.429176E-03
31.090000	-0.330255E-03
31.100000	-0.435686E-05
31.110000	0.452894E-03
31.120000	0.667941E-03
31.130000	0.872075E-03
31.140000	0.123027E-02
31.150000	0.139960E-02
31.160000	0.133510E-02
31.170000	0.108045E-02
31.180000	0.418471E-03
31.190000	-0.163589E-03
31.200000	-0.675334E-04
31.210000	-0.113186E-03
31.220000	-0.127816E-02
31.230000	-0.304212E-02
31.240000	-0.506040E-02
31.250000	-0.694357E-02
31.260000	-0.777877E-02
31.270000	-0.821817E-02
31.280000	-0.822071E-02
31.290000	-0.643927E-02
31.300000	-0.402493E-02
31.310000	-0.209258E-02
31.320000	-0.188099E-03
31.330000	0.158224E-02
31.340000	0.325305E-02
31.350000	0.478548E-02
31.360000	0.509281E-02
31.370000	0.438427E-02
31.380000	0.362690E-02
31.390000	0.269349E-02
31.400000	0.175424E-02
31.410000	0.118013E-02
31.420000	0.102389E-02
31.430000	0.193421E-02
31.440000	0.450726E-02
31.450000	0.617965E-02
31.460000	0.663803E-02
31.470000	0.677815E-02
31.480000	0.569951E-02
31.490000	0.369440E-02
31.500000	0.147689E-02
31.510000	-0.486885E-03
31.520000	-0.321669E-02
31.530000	-0.558524E-02
31.540000	-0.556156E-02
31.550000	-0.443958E-02
31.560000	-0.327386E-02
31.570000	-0.207759E-02
31.580000	-0.868760E-03
31.590000	0.125003E-02
31.600000	0.353531E-02
31.610000	0.376700E-02
31.620000	0.257291E-02
31.630000	0.288476E-02
31.640000	0.335203E-02
31.650000	0.192512E-02
31.660000	-0.100001E-03
31.670000	-0.183512E-02
31.680000	-0.267753E-02
31.690000	-0.221042E-02
31.700000	-0.240655E-02
31.710000	-0.293898E-02
31.720000	-0.285200E-02
31.730000	-0.288227E-02
31.740000	-0.318966E-02
31.750000	-0.380506E-02
31.760000	-0.456219E-02
31.770000	-0.484485E-02
31.780000	-0.446955E-02
31.790000	-0.421687E-02
31.800000	-0.422526E-02
31.810000	-0.364753E-02
31.820000	-0.246393E-02
31.830000	-0.627935E-03
31.840000	0.244534E-02
31.850000	0.498691E-02
31.860000	0.658771E-02
31.870000	0.830679E-02
31.880000	0.964378E-02
31.890000	0.998830E-02
31.900000	0.993148E-02
31.910000	0.968619E-02
31.920000	0.781716E-02
31.930000	0.532304E-02
31.940000	0.278174E-02
31.950000	0.596849E-03
31.960000	-0.702404E-03
31.970000	-0.110586E-02
31.980000	-0.850092E-03
31.990000	-0.165481E-03
32.000000	0.217572E-03
32.010000	0.658638E-03
32.020000	0.221735E-02
32.030000	0.381323E-02
32.040000	0.482677E-02
32.050000	0.574600E-02
32.060000	0.681917E-02
32.070000	0.723967E-02
32.080000	0.744305E-02
32.090000	0.702762E-02
32.100000	0.478457E-02
32.110000	0.239092E-02
32.120000	0.460882E-03
32.130000	-0.806252E-03
32.140000	-0.137313E-02
32.150000	-0.266023E-02
32.160000	-0.542203E-02
32.170000	-0.876601E-02
32.180000	-0.110881E-01
32.190000	-0.115477E-01
32.200000	-0.104921E-01
32.210000	-0.961747E-02
32.220000	-0.938434E-02
32.230000	-0.962869E-02
32.240000	-0.100222E-01
32.250000	-0.100701E-01
32.260000	-0.935798E-02
32.270000	-0.914711E-02
32.280000	-0.922435E-02
32.290000	-0.790753E-02
32.300000	-0.691484E-02
32.310000	-0.755884E-02
32.320000	-0.860836E-02
32.330000	-0.814643E-02
32.340000	-0.639174E-02
32.350000	-0.472924E-02
32.360000	-0.356335E-02
32.370000	-0.250490E-02
32.380000	-0.189301E-02
32.390000	-0.766228E-03
32.400000	0.146877E-02
32.410000	0.344613E-02
32.420000	0.474804E-02
32.430000	0.520849E-02
32.440000	0.466186E-02
32.450000	0.313303E-02
32.460000	0.199533E-02
32.470000	0.144027E-02
32.480000	0.484581E-03
32.490000	-0.326689E-03
32.500000	-0.159165E-02
32.510000	-0.307805E-02
32.520000	-0.397338E-02
32.530000	-0.446909E-02
32.540000	-0.393092E-02
32.550000	-0.240930E-02
32.560000	-0.208629E-02
32.570000	-0.273659E-02
32.580000	-0.317765E-02
32.590000	-0.226968E-02
32.600000	-0.572435E-04
32.610000	0.203857E-02
32.620000	0.214195E-02
32.630000	0.137360E-02
32.640000	0.980729E-03
32.650000	-0.173522E-03
32.660000	-0.178169E-02
32.670000	-0.311917E-02
32.680000	-0.427728E-02
32.690000	-0.509033E-02
32.700000	-0.664176E-02
32.710000	-0.883921E-02
32.720000	-0.911796E-02
32.730000	-0.742629E-02
32.740000	-0.515568E-02
32.750000	-0.294761E-02
32.760000	-0.137354E-02
32.770000	0.359251E-03
32.780000	0.324954E-02
32.790000	0.658305E-02
32.800000	0.911593E-02
32.810000	0.103104E-01
32.820000	0.105681E-01
32.830000	0.113871E-01
32.840000	0.117345E-01
32.850000	0.101925E-01
32.860000	0.809366E-02
32.870000	0.594680E-02
32.880000	0.419657E-02
32.890000	0.251151E-02
32.900000	0.358981E-03
32.910000	-0.117179E-02
32.920000	-0.262155E-02
32.930000	-0.392456E-02
32.940000	-0.463975E-02
32.950000	-0.586987E-02
32.960000	-0.697443E-02
32.970000	-0.633473E-02
32.980000	-0.457009E-02
32.990000	-0.182066E-02
33.000000	0.216989E-02
33.010000	0.599971E-02
33.020000	0.990131E-02
33.030000	0.136859E-01
33.040000	0.165203E-01
33.050000	0.179927E-01
33.060000	0.179845E-01
33.070000	0.158048E-01
33.080000	0.129334E-01
33.090000	0.104734E-01
33.100000	0.812376E-02
33.110000	0.584651E-02
33.120000	0.303122E-02
33.130000	0.109624E-02
33.140000	0.160920E-02
33.150000	0.342732E-02
33.160000	0.541947E-02
33.170000	0.687037E-02
33.180000	0.845598E-02
33.190000	0.110831E-01
33.200000	0.136736E-01
33.210000	0.148490E-01
33.220000	0.157316E-01
33.230000	0.169670E-01
33.240000	0.164893E-01
33.250000	0.134866E-01
33.260000	0.855082E-02
33.270000	0.243152E-02
33.280000	-0.273182E-02
33.290000	-0.555694E-02
33.300000	-0.772430E-02
33.310000	-0.100613E-01
33.320000	-0.115251E-01
33.330000	-0.120117E-01
33.340000	-0.113277E-01
33.350000	-0.997985E-02
33.360000	-0.893898E-02
33.370000	-0.783689E-02
33.380000	-0.676552E-02
33.390000	-0.664597E-02
33.400000	-0.701571E-02
33.410000	-0.744419E-02
33.420000	-0.831757E-02
33.430000	-0.862132E-02
33.440000	-0.764330E-02
33.450000	-0.684379E-02
33.460000	-0.615070E-02
33.470000	-0.522738E-02
33.480000	-0.425033E-02
33.490000	-0.262200E-02
33.500000	-0.200601E-03
33.510000	0.980292E-03
33.520000	0.843844E-03
33.530000	0.129542E-02
33.540000	0.108220E-02
33.550000	0.435613E-04
33.560000	-0.862538E-03
33.570000	-0.268085E-02
33.580000	-0.464388E-02
33.590000	-0.452701E-02
33.600000	-0.408999E-02
33.610000	-0.423586E-02
33.620000	-0.335418E-02
33.630000	-0.175915E-02
33.640000	-0.335452E-03
33.650000	0.930685E-03
33.660000	0.141527E-02
33.670000	0.939982E-03
33.680000	0.534805E-03
33.690000	0.165402E-03
33.700000	-0.143736E-02
33.710000	-0.435855E-02
33.720000	-0.732465E-02
33.730000	-0.853507E-02
33.740000	-0.759746E-02
33.750000	-0.726207E-02
33.760000	-0.797088E-02
33.770000	-0.794582E-02
33.780000	-0.671521E-02
33.790000	-0.465961E-02
33.800000	-0.222279E-02
33.810000	-0.658697E-03
33.820000	-0.609021E-03
33.830000	-0.291210E-03
33.840000	0.705719E-03
33.850000	0.141834E-02
33.860000	0.162747E-02
33.870000	0.746300E-03
33.880000	-0.831814E-04
33.890000	0.893848E-03
33.900000	0.185140E-02
33.910000	0.158041E-02
33.920000	0.149519E-02
33.930000	0.196663E-02
33.940000	0.203101E-02
33.950000	0.153752E-02
33.960000	0.873351E-03
33.970000	0.332153E-03
33.980000	0.423425E-03
33.990000	0.788994E-03
34.000000	0.898599E-04
34.010000	-0.963173E-03
34.020000	-0.156749E-02
34.030000	-0.185055E-02
34.040000	-0.120951E-02
34.050000	-0.677695E-04
34.060000	0.158665E-02
34.070000	0.406301E-02
34.080000	0.666114E-02
34.090000	0.874044E-02
34.100000	0.972839E-02
34.110000	0.877270E-02
34.120000	0.650526E-02
34.130000	0.398332E-02
34.140000	0.203795E-02
34.150000	0.126935E-04
34.160000	-0.140143E-02
34.170000	-0.901293E-03
34.180000	0.354787E-03
34.190000	0.157366E-02
34.200000	0.276890E-02
34.210000	0.345384E-02
34.220000	0.342400E-02
34.230000	0.314265E-02
34.240000	0.301006E-02
34.250000	0.294381E-02
34.260000	0.246449E-02
34.270000	0.141995E-02
34.280000	0.810383E-03
34.290000	0.184662E-02
34.300000	0.422980E-02
34.310000	0.701552E-02
34.320000	0.946354E-02
34.330000	0.111025E-01
34.340000	0.121979E-01
34.350000	0.117855E-01
34.360000	0.918591E-02
34.370000	0.582804E-02
34.380000	0.353576E-02
34.390000	0.182314E-02
34.400000	-0.138040E-03
34.410000	-0.211106E-02
34.420000	-0.441323E-02
34.430000	-0.586917E-02
34.440000	-0.528405E-02
34.450000	-0.428153E-02
34.460000	-0.377906E-02
34.470000	-0.386403E-02
34.480000	-0.477762E-02
34.490000	-0.534910E-02
34.500000	-0.601245E-02
34.510000	-0.724599E-02
34.520000	-0.798260E-02
34.530000	-0.814262E-02
34.540000	-0.786390E-02
34.550000	-0.742615E-02
34.560000	-0.779751E-02
34.570000	-0.873208E-02
34.580000	-0.962953E-02
34.590000	-0.102425E-01
34.600000	-0.103436E-01
34.610000	-0.105014E-01
34.620000	-0.122282E-01
34.630000	-0.144655E-01
34.640000	-0.148886E-01
34.650000	-0.141190E-01
34.660000	-0.128116E-01
34.670000	-0.103023E-01
34.680000	-0.799521E-02
34.690000	-0.641200E-02
34.700000	-0.387567E-02
34.710000	-0.201965E-02
34.720000	-0.120493E-02
34.730000	0.482967E-03
34.740000	0.199749E-02
34.750000	0.164728E-02
34.760000	0.185984E-02
34.770000	0.344040E-02
34.780000	0.482916E-02
34.790000	0.615326E-02
34.800000	0.595383E-02
34.810000	0.456910E-02
34.820000	0.413593E-02
34.830000	0.435616E-02
34.840000	0.453391E-02
34.850000	0.466237E-02
34.860000	0.415179E-02
34.870000	0.294886E-02
34.880000	0.238533E-02
34.890000	0.286073E-02
34.900000	0.319974E-02
34.910000	0.282332E-02
34.920000	0.231146E-02
34.930000	0.254805E-02
34.940000	0.355553E-02
34.950000	0.547916E-02
34.960000	0.754714E-02
34.970000	0.832099E-02
34.980000	0.846458E-02
34.990000	0.967899E-02
35.000000	0.947702E-02
35.010000	0.718948E-02
35.020000	0.567818E-02
35.030000	0.541297E-02
35.040000	0.583972E-02
35.050000	0.684078E-02
35.060000	0.755367E-02
35.070000	0.715787E-02
35.080000	0.693196E-02
35.090000	0.669046E-02
35.100000	0.588911E-02
35.110000	0.511465E-02
35.120000	0.376587E-02
35.130000	0.169348E-02
35.140000	0.332786E-04
35.150000	-0.123224E-02
35.160000	-0.175098E-02
35.170000	-0.147986E-02
35.180000	-0.984556E-03
35.190000	0.389990E-03
35.200000	0.132900E-02
35.210000	0.153817E-02
35.220000	0.196433E-02
35.230000	0.313787E-02
35.240000	0.463314E-02
35.250000	0.577654E-02
35.260000	0.543345E-02
35.270000	0.411580E-02
35.280000	0.310931E-02
35.290000	0.156385E-02
35.300000	-0.186995E-03
35.310000	-0.113983E-02
35.320000	-0.148660E-02
35.330000	-0.140335E-02
35.340000	-0.722554E-03
35.350000	-0.412520E-03
35.360000	0.350024E-03
35.370000	0.166061E-02
35.380000	0.172440E-02
35.390000	0.174912E-02
35.400000	0.937395E-03
35.410000	-0.996924E-03
35.420000	-0.288687E-02
35.430000	-0.397407E-02
35.440000	-0.397847E-02
35.450000	-0.346955E-02
35.460000	-0.439849E-02
35.470000	-0.622610E-02
35.480000	-0.635756E-02
35.490000	-0.572547E-02
35.500000	-0.562614E-02
35.510000	-0.515398E-02
35.520000	-0.467494E-02
35.530000	-0.471089E-02
35.540000	-0.392439E-02
35.550000	-0.312239E-02
35.560000	-0.234072E-02
35.570000	-0.166644E-02
35.580000	-0.242394E-02
35.590000	-0.382903E-02
35.600000	-0.595599E-02
35.610000	-0.898717E-02
35.620000	-0.111465E-01
35.630000	-0.113701E-01
35.640000	-0.106339E-01
35.650000	-0.101788E-01
35.660000	-0.100954E-01
35.670000	-0.103142E-01
35.680000	-0.110563E-01
35.690000	-0.108434E-01
35.700000	-0.961476E-02
35.710000	-0.870484E-02
35.720000	-0.840512E-02
35.730000	-0.832227E-02
35.740000	-0.791431E-02
35.750000	-0.775644E-02
35.760000	-0.802121E-02
35.770000	-0.812780E-02
35.780000	-0.790018E-02
35.790000	-0.759192E-02
35.800000	-0.728088E-02
35.810000	-0.621944E-02
35.820000	-0.445197E-02
35.830000	-0.358091E-02
35.840000	-0.254496E-02
35.850000	-0.172955E-02
35.860000	-0.224606E-02
35.870000	-0.239195E-02
35.880000	-0.149124E-02
35.890000	-0.828508E-04
35.900000	0.128161E-02
35.910000	0.200622E-02
35.920000	0.163680E-02
35.930000	0.167281E-02
35.940000	0.196018E-02
35.950000	0.140864E-02
35.960000	0.577943E-03
35.970000	0.143880E-02
35.980000	0.276409E-02
35.990000	0.386308E-02
36.000000	0.471088E-02
36.010000	0.508396E-02
36.020000	0.564561E-02
36.030000	0.694750E-02
36.040000	0.842775E-02
36.050000	0.860333E-02
36.060000	0.869325E-02
36.070000	0.995259E-02
36.080000	0.105346E-01
36.090000	0.108583E-01
36.100000	0.116411E-01
36.110000	0.107100E-01
36.120000	0.860132E-02
36.130000	0.705253E-02
36.140000	0.584781E-02
36.150000	0.449065E-02
36.160000	0.365653E-02
36.170000	0.291734E-02
36.180000	0.216364E-02
36.190000	0.127635E-02
36.200000	-0.294237E-03
36.210000	-0.170206E-02
36.220000	-0.130995E-02
36.230000	0.154398E-03
36.240000	0.169439E-02
36.250000	0.276693E-02
36.260000	0.351941E-02
36.270000	0.442983E-02
36.280000	0.571403E-02
36.290000	0.659322E-02
36.300000	0.679836E-02
36.310000	0.727853E-02
36.320000	0.771291E-02
36.330000	0.756823E-02
36.340000	0.680964E-02
36.350000	0.499951E-02
36.360000	0.332369E-02
36.370000	0.258272E-02
36.380000	0.207617E-02
36.390000	0.239813E-02
36.400000	0.168384E-02
36.410000	-0.129002E-02
36.420000	-0.416843E-02
36.430000	-0.531656E-02
36.440000	-0.552286E-02
36.450000	-0.650551E-02
36.460000	-0.751016E-02
36.470000	-0.684199E-02
36.480000	-0.518073E-02
36.490000	-0.378317E-02
36.500000	-0.363756E-02
36.510000	-0.408990E-02
36.520000	-0.360396E-02
36.530000	-0.167174E-02
36.540000	0.104585E-02
36.550000	0.209612E-02
36.560000	0.110096E-02
36.570000	-0.357150E-03
36.580000	-0.745209E-03
36.590000	0.291769E-03
36.600000	0.134135E-02
36.610000	0.177413E-02
36.620000	0.176686E-02
36.630000	0.159405E-02
36.640000	0.721611E-03
36.650000	-0.801545E-03
36.660000	-0.164500E-02
36.670000	-0.157428E-02
36.680000	-0.175225E-02
36.690000	-0.726212E-03
36.700000	0.189857E-02
36.710000	0.342852E-02
36.720000	0.357483E-02
36.730000	0.406451E-02
36.740000	0.518381E-02
36.750000	0.590754E-02
36.760000	0.553366E-02
36.770000	0.544335E-02
36.780000	0.653040E-02
36.790000	0.708659E-02
36.800000	0.603487E-02
36.810000	0.476691E-02
36.820000	0.510060E-02
36.830000	0.541966E-02
36.840000	0.519325E-02
36.850000	0.483645E-02
36.860000	0.384681E-02
36.870000	0.226915E-02
36.880000	0.182182E-02
36.890000	0.256391E-02
36.900000	0.331766E-02
36.910000	0.390118E-02
36.920000	0.379061E-02
36.930000	0.401038E-02
36.940000	0.505290E-02
36.950000	0.586082E-02
36.960000	0.663919E-02
36.970000	0.774119E-02
36.980000	0.783841E-02
36.990000	0.793091E-02
37.000000	0.765716E-02
37.010000	0.546088E-02
37.020000	0.248615E-02
37.030000	0.628322E-03
37.040000	0.422971E-04
37.050000	-0.579445E-03
37.060000	-0.130872E-02
37.070000	-0.196577E-02
37.080000	-0.237067E-02
37.090000	-0.265603E-02
37.100000	-0.322706E-02
37.110000	-0.275357E-02
37.120000	-0.120852E-02
37.130000	-0.429047E-03
37.140000	-0.447052E-03
37.150000	-0.151947E-02
37.160000	-0.331705E-02
37.170000	-0.420852E-02
37.180000	-0.426027E-02
37.190000	-0.397019E-02
37.200000	-0.459874E-02
37.210000	-0.628319E-02
37.220000	-0.765349E-02
37.230000	-0.838883E-02
37.240000	-0.964182E-02
37.250000	-0.112883E-01
37.260000	-0.123133E-01
37.270000	-0.130235E-01
37.280000	-0.132080E-01
37.290000	-0.132478E-01
37.300000	-0.132133E-01
37.310000	-0.118690E-01
37.320000	-0.100181E-01
37.330000	-0.922832E-02
37.340000	-0.931755E-02
37.350000	-0.938180E-02
37.360000	-0.886086E-02
37.370000	-0.781579E-02
37.380000	-0.701220E-02
37.390000	-0.515346E-02
37.400000	-0.326776E-02
37.410000	-0.377526E-02
37.420000	-0.525593E-02
37.430000	-0.598339E-02
37.440000	-0.575661E-02
37.450000	-0.582867E-02
37.460000	-0.639073E-02
37.470000	-0.638281E-02
37.480000	-0.516601E-02
37.490000	-0.395095E-02
37.500000	-0.347062E-02
37.510000	-0.209562E-02
37.520000	-0.114530E-03
37.530000	0.583870E-03
37.540000	-0.534113E-04
37.550000	-0.940090E-03
37.560000	-0.534389E-03
37.570000	0.947876E-03
37.580000	0.131201E-02
37.590000	0.179581E-02
37.600000	0.247779E-02
37.610000	0.269022E-02
37.620000	0.347173E-02
37.630000	0.505831E-02
37.640000	0.670621E-02
37.650000	0.735615E-02
37.660000	0.770061E-02
37.670000	0.813655E-02
37.680000	0.842067E-02
37.690000	0.743098E-02
37.700000	0.478050E-02
37.710000	0.273488E-02
37.720000	0.175380E-02
37.730000	0.487050E-03
37.740000	0.311637E-03
37.750000	0.827975E-03
37.760000	0.627955E-03
37.770000	0.953642E-03
37.780000	0.165089E-02
37.790000	0.235370E-02
37.800000	0.300262E-02
37.810000	0.308189E-02
37.820000	0.273332E-02
37.830000	0.231008E-02
37.840000	0.137221E-02
37.850000	0.156679E-03
37.860000	-0.633669E-04
37.870000	0.559563E-03
37.880000	0.114593E-02
37.890000	0.185994E-02
37.900000	0.256120E-02
37.910000	0.311756E-02
37.920000	0.359391E-02
37.930000	0.392455E-02
37.940000	0.505056E-02
37.950000	0.569290E-02
37.960000	0.486861E-02
37.970000	0.390650E-02
37.980000	0.348295E-02
37.990000	0.457693E-02
38.000000	0.577740E-02
38.010000	0.469977E-02
38.020000	0.277604E-02
38.030000	0.212620E-02
38.040000	0.281539E-02
38.050000	0.351463E-02
38.060000	0.336198E-02
38.070000	0.261883E-02
38.080000	0.258473E-02
38.090000	0.382767E-02
38.100000	0.546042E-02
38.110000	0.668938E-02
38.120000	0.699596E-02
38.130000	0.668641E-02
38.140000	0.674665E-02
38.150000	0.597155E-02
38.160000	0.363471E-02
38.170000	0.158328E-02
38.180000	0.870128E-03
38.190000	0.904795E-03
38.200000	0.287378E-03
38.210000	-0.114827E-02
38.220000	-0.185151E-02
38.230000	-0.108630E-02
38.240000	-0.309634E-04
38.250000	0.362718E-03
38.260000	0.945797E-03
38.270000	0.123425E-02
38.280000	0.787918E-03
38.290000	0.139267E-02
38.300000	0.204328E-02
38.310000	0.927815E-03
38.320000	-0.424509E-03
38.330000	-0.623107E-03
38.340000	-0.224496E-03
38.350000	-0.265280E-03
38.360000	-0.325560E-03
38.370000	0.119900E-03
38.380000	0.993012E-03
38.390000	0.215399E-02
38.400000	0.254922E-02
38.410000	0.233856E-02
38.420000	0.203205E-02
38.430000	0.120565E-02
38.440000	0.182078E-03
38.450000	-0.666401E-03
38.460000	-0.130060E-02
38.470000	-0.139187E-02
38.480000	-0.160496E-02
38.490000	-0.255434E-02
38.500000	-0.329145E-02
38.510000	-0.365921E-02
38.520000	-0.401614E-02
38.530000	-0.383003E-02
38.540000	-0.259498E-02
38.550000	-0.171152E-02
38.560000	-0.241142E-02
38.570000	-0.327711E-02
38.580000	-0.301077E-02
38.590000	-0.263556E-02
38.600000	-0.330191E-02
38.610000	-0.478103E-02
38.620000	-0.603966E-02
38.630000	-0.626598E-02
38.640000	-0.543679E-02
38.650000	-0.482950E-02
38.660000	-0.463959E-02
38.670000	-0.432400E-02
38.680000	-0.393095E-02
38.690000	-0.333425E-02
38.700000	-0.272085E-02
38.710000	-0.223054E-02
38.720000	-0.162173E-02
38.730000	-0.837364E-03
38.740000	-0.608178E-03
38.750000	-0.155413E-02
38.760000	-0.251344E-02
38.770000	-0.284643E-02
38.780000	-0.256770E-02
38.790000	-0.162516E-02
38.800000	-0.979545E-03
38.810000	-0.156363E-02
38.820000	-0.216609E-02
38.830000	-0.181192E-02
38.840000	-0.160227E-02
38.850000	-0.215945E-02
38.860000	-0.262669E-02
38.870000	-0.288870E-02
38.880000	-0.340741E-02
38.890000	-0.376964E-02
38.900000	-0.368499E-02
38.910000	-0.294849E-02
38.920000	-0.249292E-02
38.930000	-0.244981E-02
38.940000	-0.182162E-02
38.950000	-0.647110E-03
38.960000	0.431266E-03
38.970000	0.130309E-02
38.980000	0.172394E-02
38.990000	0.141806E-02
39.000000	0.878363E-03
39.010000	0.953058E-03
39.020000	0.156551E-02
39.030000	0.193899E-02
39.040000	0.192267E-02
39.050000	0.158531E-02
39.060000	0.125777E-02
39.070000	0.936342E-03
39.080000	0.570220E-03
39.090000	0.588401E-03
39.100000	0.586334E-03
39.110000	0.196885E-04
39.120000	-0.560831E-03
39.130000	-0.744100E-03
39.140000	-0.723722E-03
39.150000	-0.103871E-02
39.160000	-0.164620E-02
39.170000	-0.210291E-02
39.180000	-0.185142E-02
39.190000	-0.110594E-02
39.200000	-0.606722E-03
39.210000	-0.317153E-03
39.220000	0.133067E-04
39.230000	0.642447E-03
39.240000	0.167617E-02
39.250000	0.224276E-02
39.260000	0.171743E-02
39.270000	0.115223E-02
39.280000	0.104842E-02
39.290000	0.119119E-02
39.300000	0.139751E-02
39.310000	0.141856E-02
39.320000	0.140568E-02
39.330000	0.154671E-02
39.340000	0.187238E-02
39.350000	0.213006E-02
39.360000	0.217450E-02
39.370000	0.195950E-02
39.380000	0.155397E-02
39.390000	0.134812E-02
39.400000	0.141784E-02
39.410000	0.164399E-02
39.420000	0.169467E-02
39.430000	0.149715E-02
39.440000	0.166378E-02
39.450000	0.222971E-02
39.460000	0.245852E-02
39.470000	0.246107E-02
39.480000	0.260786E-02
39.490000	0.255281E-02
39.500000	0.216968E-02
39.510000	0.179028E-02
39.520000	0.151174E-02
39.530000	0.129033E-02
39.540000	0.113979E-02
39.550000	0.942457E-03
39.560000	0.732681E-03
39.570000	0.464293E-03
39.580000	0.205864E-03
39.590000	0.203820E-03
39.600000	0.178927E-03
39.610000	-0.131181E-04
39.620000	-0.945087E-04
39.630000	-0.501983E-04
39.640000	-0.469258E-04
39.650000	-0.147849E-03
39.660000	-0.269505E-03
39.670000	-0.247911E-03
39.680000	-0.282974E-04
39.690000	0.209401E-03
39.700000	0.390338E-03
39.710000	0.541759E-03
39.720000	0.515999E-03
39.730000	0.430276E-03
39.740000	0.431099E-03
39.750000	0.448569E-03
39.760000	0.358639E-03
39.770000	0.174978E-03
39.780000	-0.400221E-04
39.790000	-0.159563E-03
39.800000	-0.253789E-03
39.810000	-0.440569E-03
39.820000	-0.588529E-03
39.830000	-0.563445E-03
39.840000	-0.534304E-03
39.850000	-0.538648E-03
39.860000	-0.489597E-03
39.870000	-0.368734E-03
39.880000	-0.189985E-03
39.890000	-0.813537E-04
39.900000	-0.524335E-04
39.910000	-0.186588E-04
39.920000	-0.518073E-06
39.930000	-0.366106E-04
39.940000	-0.687077E-04
39.950000	-0.915628E-04
39.960000	-0.125844E-03
39.970000	-0.176334E-03
39.980000	-0.219138E-03
39.990000	-0.190417E-03
40.000000	-0.237138E-03
40.010000	-0.432079E-03
40.020000	-0.602775E-03
40.030000	-0.651204E-03
40.040000	-0.679423E-03
40.050000	-0.768835E-03
40.060000	-0.846916E-03
40.070000	-0.873266E-03
40.080000	-0.838117E-03
40.090000	-0.749360E-03
40.100000	-0.648980E-03
40.110000	-0.551387E-03
40.120000	-0.456466E-03
40.130000	-0.386688E-03
40.140000	-0.350614E-03
40.150000	-0.344753E-03
40.160000	-0.366253E-03
40.170000	-0.394514E-03
40.180000	-0.423813E-03
40.190000	-0.424918E-03
40.200000	-0.398397E-03
40.210000	-0.370740E-03
40.220000	-0.350750E-03
40.230000	-0.329286E-03
40.240000	-0.297534E-03
40.250000	-0.272501E-03
40.260000	-0.267913E-03
40.270000	-0.268296E-03
40.280000	-0.244346E-03
40.290000	-0.217519E-03
40.300000	-0.212101E-03
40.310000	-0.209427E-03
40.320000	-0.198733E-03
40.330000	-0.187755E-03
40.340000	-0.170555E-03
40.350000	-0.148872E-03
40.360000	-0.134514E-03
40.370000	-0.115349E-03
40.380000	-0.865810E-04
40.390000	-0.575074E-04
40.400000	-0.472938E-04
40.410000	-0.579225E-04
40.420000	-0.629794E-04
40.430000	-0.471049E-04
40.440000	-0.290109E-04
40.450000	-0.265244E-04
40.460000	-0.260871E-04
40.470000	-0.199605E-04
40.480000	-0.140465E-04
40.490000	-0.123924E-04
40.500000	-0.106664E-04
40.510000	-0.349898E-05
40.520000	0.534461E-05
40.530000	0.892678E-05
40.540000	0.746685E-05
40.550000	0.328812E-05
40.560000	-0.309156E-05
40.570000	-0.816679E-05
40.580000	-0.889829E-05
40.590000	-0.700440E-05
40.600000	-0.417699E-05
40.610000	-0.749064E-06
40.620000	0.314674E-05
40.630000	0.759027E-05
40.640000	0.115967E-04
40.650000	0.141421E-04
40.660000	0.160598E-04
40.670000	0.185486E-04
40.680000	0.210074E-04
40.690000	0.227625E-04
40.700000	0.239328E-04
40.710000	0.250440E-04
40.720000	0.269071E-04
40.730000	0.292237E-04
40.740000	0.309353E-04
40.750000	0.322482E-04
40.760000	0.337394E-04
40.770000	0.351904E-04
40.780000	0.365198E-04
40.790000	0.378337E-04
40.800000	0.390876E-04
40.810000	0.402167E-04
40.820000	0.412733E-04
40.830000	0.422576E-04
40.840000	0.431421E-04
40.850000	0.439211E-04
40.860000	0.446382E-04
40.870000	0.453379E-04
40.880000	0.460134E-04
40.890000	0.466417E-04
40.900000	0.472175E-04
40.910000	0.477453E-04
40.920000	0.482292E-04
40.930000	0.486684E-04
40.940000	0.490601E-04
40.950000	0.494028E-04
40.960000	0.496963E-04
